Collection,FileName,Xpath
KUBI,03878-metadata.xml,/eml:eml/@packageId
KUBI,03878-metadata.xml,/eml:eml/@system
KUBI,03878-metadata.xml,/eml:eml/@xsi:schemaLocation
KUBI,03878-metadata.xml,/eml:eml/dataset/title
KUBI,03878-metadata.xml,/eml:eml/dataset/creator/organizationName
KUBI,03878-metadata.xml,/eml:eml/dataset/keywordSet/keyword
KUBI,03878-metadata.xml,/eml:eml/dataset/keywordSet/keyword
KUBI,03878-metadata.xml,/eml:eml/dataset/keywordSet/keyword
KUBI,03878-metadata.xml,/eml:eml/dataset/keywordSet/keyword
KUBI,03878-metadata.xml,/eml:eml/dataset/coverage/geographicCoverage/geographicDescription
KUBI,03878-metadata.xml,/eml:eml/dataset/coverage/geographicCoverage/boundingCoordinates/westBoundingCoordinate
KUBI,03878-metadata.xml,/eml:eml/dataset/coverage/geographicCoverage/boundingCoordinates/eastBoundingCoordinate
KUBI,03878-metadata.xml,/eml:eml/dataset/coverage/geographicCoverage/boundingCoordinates/northBoundingCoordinate
KUBI,03878-metadata.xml,/eml:eml/dataset/coverage/geographicCoverage/boundingCoordinates/southBoundingCoordinate
KUBI,03878-metadata.xml,/eml:eml/dataset/coverage/temporalCoverage/rangeOfDates/beginDate/calendarDate
KUBI,03878-metadata.xml,/eml:eml/dataset/coverage/temporalCoverage/rangeOfDates/endDate/calendarDate
KUBI,03878-metadata.xml,/eml:eml/dataset/contact/organizationName
KUBI,03878-metadata.xml,/eml:eml/dataset/contact/address/deliveryPoint
KUBI,03878-metadata.xml,/eml:eml/dataset/contact/address/city
KUBI,03878-metadata.xml,/eml:eml/dataset/contact/address/administrativeArea
KUBI,03878-metadata.xml,/eml:eml/dataset/contact/address/postalCode
KUBI,03878-metadata.xml,/eml:eml/dataset/contact/address/country
KUBI,03878-metadata.xml,/eml:eml/dataset/contact/electronicMailAddress
KUBI,03878-metadata.xml,/eml:eml/dataset/contact/onlineUrl
KUBI,03878-metadata.xml,/eml:eml/dataset/spatialRaster/entityName
KUBI,03878-metadata.xml,/eml:eml/dataset/spatialRaster/physical/objectName
KUBI,03878-metadata.xml,/eml:eml/dataset/spatialRaster/physical/dataFormat/externallyDefinedFormat/formatName
KUBI,03878-metadata.xml,/eml:eml/dataset/spatialRaster/physical/distribution/online/url
KUBI,03878-metadata.xml,/eml:eml/dataset/spatialRaster/physical/distribution/online/url/@function
KUBI,03878-metadata.xml,/eml:eml/dataset/spatialRaster/attributeList/attribute/attributeName
KUBI,03878-metadata.xml,/eml:eml/dataset/spatialRaster/attributeList/attribute/attributeDefinition
KUBI,03878-metadata.xml,/eml:eml/dataset/spatialRaster/attributeList/attribute/storageType
KUBI,03878-metadata.xml,/eml:eml/dataset/spatialRaster/attributeList/attribute/measurementScale/interval/unit/customUnit
KUBI,03878-metadata.xml,/eml:eml/dataset/spatialRaster/attributeList/attribute/measurementScale/interval/numericDomain/numberType
KUBI,03878-metadata.xml,/eml:eml/dataset/spatialRaster/attributeList/attribute/measurementScale/interval/numericDomain/bounds/minimum
KUBI,03878-metadata.xml,/eml:eml/dataset/spatialRaster/attributeList/attribute/measurementScale/interval/numericDomain/bounds/minimum/@exclusive
KUBI,03878-metadata.xml,/eml:eml/dataset/spatialRaster/attributeList/attribute/measurementScale/interval/numericDomain/bounds/maximum
KUBI,03878-metadata.xml,/eml:eml/dataset/spatialRaster/attributeList/attribute/measurementScale/interval/numericDomain/bounds/maximum/@exclusive
KUBI,03878-metadata.xml,/eml:eml/dataset/spatialRaster/spatialReference/horizCoordSysDef/@name
KUBI,03878-metadata.xml,/eml:eml/dataset/spatialRaster/spatialReference/horizCoordSysDef/geogCoordSys/datum/@name
KUBI,03878-metadata.xml,/eml:eml/dataset/spatialRaster/spatialReference/horizCoordSysDef/geogCoordSys/spheroid/@denomFlatRatio
KUBI,03878-metadata.xml,/eml:eml/dataset/spatialRaster/spatialReference/horizCoordSysDef/geogCoordSys/spheroid/@name
KUBI,03878-metadata.xml,/eml:eml/dataset/spatialRaster/spatialReference/horizCoordSysDef/geogCoordSys/spheroid/@semiAxisMajor
KUBI,03878-metadata.xml,/eml:eml/dataset/spatialRaster/spatialReference/horizCoordSysDef/geogCoordSys/primeMeridian/@longitude
KUBI,03878-metadata.xml,/eml:eml/dataset/spatialRaster/spatialReference/horizCoordSysDef/geogCoordSys/primeMeridian/@name
KUBI,03878-metadata.xml,/eml:eml/dataset/spatialRaster/spatialReference/horizCoordSysDef/geogCoordSys/unit/@name
KUBI,03878-metadata.xml,/eml:eml/dataset/spatialRaster/horizontalAccuracy/accuracyReport
KUBI,03878-metadata.xml,/eml:eml/dataset/spatialRaster/verticalAccuracy/accuracyReport
KUBI,03878-metadata.xml,/eml:eml/dataset/spatialRaster/cellSizeXDirection
KUBI,03878-metadata.xml,/eml:eml/dataset/spatialRaster/cellSizeYDirection
KUBI,03878-metadata.xml,/eml:eml/dataset/spatialRaster/numberOfBands
KUBI,03878-metadata.xml,/eml:eml/dataset/spatialRaster/rasterOrigin
KUBI,03878-metadata.xml,/eml:eml/dataset/spatialRaster/rows
KUBI,03878-metadata.xml,/eml:eml/dataset/spatialRaster/columns
KUBI,03878-metadata.xml,/eml:eml/dataset/spatialRaster/verticals
KUBI,03878-metadata.xml,/eml:eml/dataset/spatialRaster/cellGeometry
KUBI,03878-metadata.xml,/eml:eml/additionalMetadata/metadata/unitList/ns2:unit/@id
KUBI,03878-metadata.xml,/eml:eml/additionalMetadata/metadata/unitList/ns2:unit/ns2:description
KUBI,03879-metadata.xml,/eml:eml/@packageId
KUBI,03879-metadata.xml,/eml:eml/@system
KUBI,03879-metadata.xml,/eml:eml/@xsi:schemaLocation
KUBI,03879-metadata.xml,/eml:eml/dataset/title
KUBI,03879-metadata.xml,/eml:eml/dataset/creator/organizationName
KUBI,03879-metadata.xml,/eml:eml/dataset/keywordSet/keyword
KUBI,03879-metadata.xml,/eml:eml/dataset/keywordSet/keyword
KUBI,03879-metadata.xml,/eml:eml/dataset/keywordSet/keyword
KUBI,03879-metadata.xml,/eml:eml/dataset/keywordSet/keyword
KUBI,03879-metadata.xml,/eml:eml/dataset/coverage/geographicCoverage/geographicDescription
KUBI,03879-metadata.xml,/eml:eml/dataset/coverage/geographicCoverage/boundingCoordinates/westBoundingCoordinate
KUBI,03879-metadata.xml,/eml:eml/dataset/coverage/geographicCoverage/boundingCoordinates/eastBoundingCoordinate
KUBI,03879-metadata.xml,/eml:eml/dataset/coverage/geographicCoverage/boundingCoordinates/northBoundingCoordinate
KUBI,03879-metadata.xml,/eml:eml/dataset/coverage/geographicCoverage/boundingCoordinates/southBoundingCoordinate
KUBI,03879-metadata.xml,/eml:eml/dataset/coverage/temporalCoverage/rangeOfDates/beginDate/calendarDate
KUBI,03879-metadata.xml,/eml:eml/dataset/coverage/temporalCoverage/rangeOfDates/endDate/calendarDate
KUBI,03879-metadata.xml,/eml:eml/dataset/contact/organizationName
KUBI,03879-metadata.xml,/eml:eml/dataset/contact/address/deliveryPoint
KUBI,03879-metadata.xml,/eml:eml/dataset/contact/address/city
KUBI,03879-metadata.xml,/eml:eml/dataset/contact/address/administrativeArea
KUBI,03879-metadata.xml,/eml:eml/dataset/contact/address/postalCode
KUBI,03879-metadata.xml,/eml:eml/dataset/contact/address/country
KUBI,03879-metadata.xml,/eml:eml/dataset/contact/electronicMailAddress
KUBI,03879-metadata.xml,/eml:eml/dataset/contact/onlineUrl
KUBI,03879-metadata.xml,/eml:eml/dataset/spatialRaster/entityName
KUBI,03879-metadata.xml,/eml:eml/dataset/spatialRaster/physical/objectName
KUBI,03879-metadata.xml,/eml:eml/dataset/spatialRaster/physical/dataFormat/externallyDefinedFormat/formatName
KUBI,03879-metadata.xml,/eml:eml/dataset/spatialRaster/physical/distribution/online/url
KUBI,03879-metadata.xml,/eml:eml/dataset/spatialRaster/physical/distribution/online/url/@function
KUBI,03879-metadata.xml,/eml:eml/dataset/spatialRaster/attributeList/attribute/attributeName
KUBI,03879-metadata.xml,/eml:eml/dataset/spatialRaster/attributeList/attribute/attributeDefinition
KUBI,03879-metadata.xml,/eml:eml/dataset/spatialRaster/attributeList/attribute/storageType
KUBI,03879-metadata.xml,/eml:eml/dataset/spatialRaster/attributeList/attribute/measurementScale/interval/unit/customUnit
KUBI,03879-metadata.xml,/eml:eml/dataset/spatialRaster/attributeList/attribute/measurementScale/interval/numericDomain/numberType
KUBI,03879-metadata.xml,/eml:eml/dataset/spatialRaster/attributeList/attribute/measurementScale/interval/numericDomain/bounds/minimum
KUBI,03879-metadata.xml,/eml:eml/dataset/spatialRaster/attributeList/attribute/measurementScale/interval/numericDomain/bounds/minimum/@exclusive
KUBI,03879-metadata.xml,/eml:eml/dataset/spatialRaster/attributeList/attribute/measurementScale/interval/numericDomain/bounds/maximum
KUBI,03879-metadata.xml,/eml:eml/dataset/spatialRaster/attributeList/attribute/measurementScale/interval/numericDomain/bounds/maximum/@exclusive
KUBI,03879-metadata.xml,/eml:eml/dataset/spatialRaster/spatialReference/horizCoordSysDef/@name
KUBI,03879-metadata.xml,/eml:eml/dataset/spatialRaster/spatialReference/horizCoordSysDef/geogCoordSys/datum/@name
KUBI,03879-metadata.xml,/eml:eml/dataset/spatialRaster/spatialReference/horizCoordSysDef/geogCoordSys/spheroid/@denomFlatRatio
KUBI,03879-metadata.xml,/eml:eml/dataset/spatialRaster/spatialReference/horizCoordSysDef/geogCoordSys/spheroid/@name
KUBI,03879-metadata.xml,/eml:eml/dataset/spatialRaster/spatialReference/horizCoordSysDef/geogCoordSys/spheroid/@semiAxisMajor
KUBI,03879-metadata.xml,/eml:eml/dataset/spatialRaster/spatialReference/horizCoordSysDef/geogCoordSys/primeMeridian/@longitude
KUBI,03879-metadata.xml,/eml:eml/dataset/spatialRaster/spatialReference/horizCoordSysDef/geogCoordSys/primeMeridian/@name
KUBI,03879-metadata.xml,/eml:eml/dataset/spatialRaster/spatialReference/horizCoordSysDef/geogCoordSys/unit/@name
KUBI,03879-metadata.xml,/eml:eml/dataset/spatialRaster/horizontalAccuracy/accuracyReport
KUBI,03879-metadata.xml,/eml:eml/dataset/spatialRaster/verticalAccuracy/accuracyReport
KUBI,03879-metadata.xml,/eml:eml/dataset/spatialRaster/cellSizeXDirection
KUBI,03879-metadata.xml,/eml:eml/dataset/spatialRaster/cellSizeYDirection
KUBI,03879-metadata.xml,/eml:eml/dataset/spatialRaster/numberOfBands
KUBI,03879-metadata.xml,/eml:eml/dataset/spatialRaster/rasterOrigin
KUBI,03879-metadata.xml,/eml:eml/dataset/spatialRaster/rows
KUBI,03879-metadata.xml,/eml:eml/dataset/spatialRaster/columns
KUBI,03879-metadata.xml,/eml:eml/dataset/spatialRaster/verticals
KUBI,03879-metadata.xml,/eml:eml/dataset/spatialRaster/cellGeometry
KUBI,03879-metadata.xml,/eml:eml/additionalMetadata/metadata/unitList/ns2:unit/@id
KUBI,03879-metadata.xml,/eml:eml/additionalMetadata/metadata/unitList/ns2:unit/@multiplierToSI
KUBI,03879-metadata.xml,/eml:eml/additionalMetadata/metadata/unitList/ns2:unit/@parentSI
KUBI,03879-metadata.xml,/eml:eml/additionalMetadata/metadata/unitList/ns2:unit/ns2:description
KUBI,03880-metadata.xml,/eml:eml/@packageId
KUBI,03880-metadata.xml,/eml:eml/@system
KUBI,03880-metadata.xml,/eml:eml/@xsi:schemaLocation
KUBI,03880-metadata.xml,/eml:eml/dataset/title
KUBI,03880-metadata.xml,/eml:eml/dataset/creator/organizationName
KUBI,03880-metadata.xml,/eml:eml/dataset/keywordSet/keyword
KUBI,03880-metadata.xml,/eml:eml/dataset/keywordSet/keyword
KUBI,03880-metadata.xml,/eml:eml/dataset/keywordSet/keyword
KUBI,03880-metadata.xml,/eml:eml/dataset/coverage/geographicCoverage/geographicDescription
KUBI,03880-metadata.xml,/eml:eml/dataset/coverage/geographicCoverage/boundingCoordinates/westBoundingCoordinate
KUBI,03880-metadata.xml,/eml:eml/dataset/coverage/geographicCoverage/boundingCoordinates/eastBoundingCoordinate
KUBI,03880-metadata.xml,/eml:eml/dataset/coverage/geographicCoverage/boundingCoordinates/northBoundingCoordinate
KUBI,03880-metadata.xml,/eml:eml/dataset/coverage/geographicCoverage/boundingCoordinates/southBoundingCoordinate
KUBI,03880-metadata.xml,/eml:eml/dataset/coverage/temporalCoverage/rangeOfDates/beginDate/calendarDate
KUBI,03880-metadata.xml,/eml:eml/dataset/coverage/temporalCoverage/rangeOfDates/endDate/calendarDate
KUBI,03880-metadata.xml,/eml:eml/dataset/contact/organizationName
KUBI,03880-metadata.xml,/eml:eml/dataset/contact/address/deliveryPoint
KUBI,03880-metadata.xml,/eml:eml/dataset/contact/address/city
KUBI,03880-metadata.xml,/eml:eml/dataset/contact/address/administrativeArea
KUBI,03880-metadata.xml,/eml:eml/dataset/contact/address/postalCode
KUBI,03880-metadata.xml,/eml:eml/dataset/contact/address/country
KUBI,03880-metadata.xml,/eml:eml/dataset/contact/electronicMailAddress
KUBI,03880-metadata.xml,/eml:eml/dataset/contact/onlineUrl
KUBI,03880-metadata.xml,/eml:eml/dataset/spatialRaster/entityName
KUBI,03880-metadata.xml,/eml:eml/dataset/spatialRaster/physical/objectName
KUBI,03880-metadata.xml,/eml:eml/dataset/spatialRaster/physical/dataFormat/externallyDefinedFormat/formatName
KUBI,03880-metadata.xml,/eml:eml/dataset/spatialRaster/physical/distribution/online/url
KUBI,03880-metadata.xml,/eml:eml/dataset/spatialRaster/physical/distribution/online/url/@function
KUBI,03880-metadata.xml,/eml:eml/dataset/spatialRaster/attributeList/attribute/attributeName
KUBI,03880-metadata.xml,/eml:eml/dataset/spatialRaster/attributeList/attribute/attributeDefinition
KUBI,03880-metadata.xml,/eml:eml/dataset/spatialRaster/attributeList/attribute/storageType
KUBI,03880-metadata.xml,/eml:eml/dataset/spatialRaster/attributeList/attribute/measurementScale/interval/unit/standardUnit
KUBI,03880-metadata.xml,/eml:eml/dataset/spatialRaster/attributeList/attribute/measurementScale/interval/numericDomain/numberType
KUBI,03880-metadata.xml,/eml:eml/dataset/spatialRaster/attributeList/attribute/measurementScale/interval/numericDomain/bounds/minimum
KUBI,03880-metadata.xml,/eml:eml/dataset/spatialRaster/attributeList/attribute/measurementScale/interval/numericDomain/bounds/minimum/@exclusive
KUBI,03880-metadata.xml,/eml:eml/dataset/spatialRaster/attributeList/attribute/measurementScale/interval/numericDomain/bounds/maximum
KUBI,03880-metadata.xml,/eml:eml/dataset/spatialRaster/attributeList/attribute/measurementScale/interval/numericDomain/bounds/maximum/@exclusive
KUBI,03880-metadata.xml,/eml:eml/dataset/spatialRaster/spatialReference/horizCoordSysDef/@name
KUBI,03880-metadata.xml,/eml:eml/dataset/spatialRaster/spatialReference/horizCoordSysDef/geogCoordSys/datum/@name
KUBI,03880-metadata.xml,/eml:eml/dataset/spatialRaster/spatialReference/horizCoordSysDef/geogCoordSys/spheroid/@denomFlatRatio
KUBI,03880-metadata.xml,/eml:eml/dataset/spatialRaster/spatialReference/horizCoordSysDef/geogCoordSys/spheroid/@name
KUBI,03880-metadata.xml,/eml:eml/dataset/spatialRaster/spatialReference/horizCoordSysDef/geogCoordSys/spheroid/@semiAxisMajor
KUBI,03880-metadata.xml,/eml:eml/dataset/spatialRaster/spatialReference/horizCoordSysDef/geogCoordSys/primeMeridian/@longitude
KUBI,03880-metadata.xml,/eml:eml/dataset/spatialRaster/spatialReference/horizCoordSysDef/geogCoordSys/primeMeridian/@name
KUBI,03880-metadata.xml,/eml:eml/dataset/spatialRaster/spatialReference/horizCoordSysDef/geogCoordSys/unit/@name
KUBI,03880-metadata.xml,/eml:eml/dataset/spatialRaster/horizontalAccuracy/accuracyReport
KUBI,03880-metadata.xml,/eml:eml/dataset/spatialRaster/verticalAccuracy/accuracyReport
KUBI,03880-metadata.xml,/eml:eml/dataset/spatialRaster/cellSizeXDirection
KUBI,03880-metadata.xml,/eml:eml/dataset/spatialRaster/cellSizeYDirection
KUBI,03880-metadata.xml,/eml:eml/dataset/spatialRaster/numberOfBands
KUBI,03880-metadata.xml,/eml:eml/dataset/spatialRaster/rasterOrigin
KUBI,03880-metadata.xml,/eml:eml/dataset/spatialRaster/rows
KUBI,03880-metadata.xml,/eml:eml/dataset/spatialRaster/columns
KUBI,03880-metadata.xml,/eml:eml/dataset/spatialRaster/verticals
KUBI,03880-metadata.xml,/eml:eml/dataset/spatialRaster/cellGeometry
KUBI,03881-metadata.xml,/eml:eml/@packageId
KUBI,03881-metadata.xml,/eml:eml/@system
KUBI,03881-metadata.xml,/eml:eml/@xsi:schemaLocation
KUBI,03881-metadata.xml,/eml:eml/dataset/title
KUBI,03881-metadata.xml,/eml:eml/dataset/creator/organizationName
KUBI,03881-metadata.xml,/eml:eml/dataset/keywordSet/keyword
KUBI,03881-metadata.xml,/eml:eml/dataset/keywordSet/keyword
KUBI,03881-metadata.xml,/eml:eml/dataset/keywordSet/keyword
KUBI,03881-metadata.xml,/eml:eml/dataset/keywordSet/keyword
KUBI,03881-metadata.xml,/eml:eml/dataset/keywordSet/keyword
KUBI,03881-metadata.xml,/eml:eml/dataset/coverage/geographicCoverage/geographicDescription
KUBI,03881-metadata.xml,/eml:eml/dataset/coverage/geographicCoverage/boundingCoordinates/westBoundingCoordinate
KUBI,03881-metadata.xml,/eml:eml/dataset/coverage/geographicCoverage/boundingCoordinates/eastBoundingCoordinate
KUBI,03881-metadata.xml,/eml:eml/dataset/coverage/geographicCoverage/boundingCoordinates/northBoundingCoordinate
KUBI,03881-metadata.xml,/eml:eml/dataset/coverage/geographicCoverage/boundingCoordinates/southBoundingCoordinate
KUBI,03881-metadata.xml,/eml:eml/dataset/coverage/temporalCoverage/rangeOfDates/beginDate/calendarDate
KUBI,03881-metadata.xml,/eml:eml/dataset/coverage/temporalCoverage/rangeOfDates/endDate/calendarDate
KUBI,03881-metadata.xml,/eml:eml/dataset/contact/organizationName
KUBI,03881-metadata.xml,/eml:eml/dataset/contact/address/deliveryPoint
KUBI,03881-metadata.xml,/eml:eml/dataset/contact/address/city
KUBI,03881-metadata.xml,/eml:eml/dataset/contact/address/administrativeArea
KUBI,03881-metadata.xml,/eml:eml/dataset/contact/address/postalCode
KUBI,03881-metadata.xml,/eml:eml/dataset/contact/address/country
KUBI,03881-metadata.xml,/eml:eml/dataset/contact/electronicMailAddress
KUBI,03881-metadata.xml,/eml:eml/dataset/contact/onlineUrl
KUBI,03881-metadata.xml,/eml:eml/dataset/spatialRaster/entityName
KUBI,03881-metadata.xml,/eml:eml/dataset/spatialRaster/physical/objectName
KUBI,03881-metadata.xml,/eml:eml/dataset/spatialRaster/physical/dataFormat/externallyDefinedFormat/formatName
KUBI,03881-metadata.xml,/eml:eml/dataset/spatialRaster/physical/distribution/online/url
KUBI,03881-metadata.xml,/eml:eml/dataset/spatialRaster/physical/distribution/online/url/@function
KUBI,03881-metadata.xml,/eml:eml/dataset/spatialRaster/attributeList/attribute/attributeName
KUBI,03881-metadata.xml,/eml:eml/dataset/spatialRaster/attributeList/attribute/attributeDefinition
KUBI,03881-metadata.xml,/eml:eml/dataset/spatialRaster/attributeList/attribute/storageType
KUBI,03881-metadata.xml,/eml:eml/dataset/spatialRaster/attributeList/attribute/measurementScale/interval/unit/customUnit
KUBI,03881-metadata.xml,/eml:eml/dataset/spatialRaster/attributeList/attribute/measurementScale/interval/numericDomain/numberType
KUBI,03881-metadata.xml,/eml:eml/dataset/spatialRaster/attributeList/attribute/measurementScale/interval/numericDomain/bounds/minimum
KUBI,03881-metadata.xml,/eml:eml/dataset/spatialRaster/attributeList/attribute/measurementScale/interval/numericDomain/bounds/minimum/@exclusive
KUBI,03881-metadata.xml,/eml:eml/dataset/spatialRaster/attributeList/attribute/measurementScale/interval/numericDomain/bounds/maximum
KUBI,03881-metadata.xml,/eml:eml/dataset/spatialRaster/attributeList/attribute/measurementScale/interval/numericDomain/bounds/maximum/@exclusive
KUBI,03881-metadata.xml,/eml:eml/dataset/spatialRaster/spatialReference/horizCoordSysDef/@name
KUBI,03881-metadata.xml,/eml:eml/dataset/spatialRaster/spatialReference/horizCoordSysDef/geogCoordSys/datum/@name
KUBI,03881-metadata.xml,/eml:eml/dataset/spatialRaster/spatialReference/horizCoordSysDef/geogCoordSys/spheroid/@denomFlatRatio
KUBI,03881-metadata.xml,/eml:eml/dataset/spatialRaster/spatialReference/horizCoordSysDef/geogCoordSys/spheroid/@name
KUBI,03881-metadata.xml,/eml:eml/dataset/spatialRaster/spatialReference/horizCoordSysDef/geogCoordSys/spheroid/@semiAxisMajor
KUBI,03881-metadata.xml,/eml:eml/dataset/spatialRaster/spatialReference/horizCoordSysDef/geogCoordSys/primeMeridian/@longitude
KUBI,03881-metadata.xml,/eml:eml/dataset/spatialRaster/spatialReference/horizCoordSysDef/geogCoordSys/primeMeridian/@name
KUBI,03881-metadata.xml,/eml:eml/dataset/spatialRaster/spatialReference/horizCoordSysDef/geogCoordSys/unit/@name
KUBI,03881-metadata.xml,/eml:eml/dataset/spatialRaster/horizontalAccuracy/accuracyReport
KUBI,03881-metadata.xml,/eml:eml/dataset/spatialRaster/verticalAccuracy/accuracyReport
KUBI,03881-metadata.xml,/eml:eml/dataset/spatialRaster/cellSizeXDirection
KUBI,03881-metadata.xml,/eml:eml/dataset/spatialRaster/cellSizeYDirection
KUBI,03881-metadata.xml,/eml:eml/dataset/spatialRaster/numberOfBands
KUBI,03881-metadata.xml,/eml:eml/dataset/spatialRaster/rasterOrigin
KUBI,03881-metadata.xml,/eml:eml/dataset/spatialRaster/rows
KUBI,03881-metadata.xml,/eml:eml/dataset/spatialRaster/columns
KUBI,03881-metadata.xml,/eml:eml/dataset/spatialRaster/verticals
KUBI,03881-metadata.xml,/eml:eml/dataset/spatialRaster/cellGeometry
KUBI,03881-metadata.xml,/eml:eml/additionalMetadata/metadata/unitList/ns2:unit/@id
KUBI,03881-metadata.xml,/eml:eml/additionalMetadata/metadata/unitList/ns2:unit/@multiplierToSI
KUBI,03881-metadata.xml,/eml:eml/additionalMetadata/metadata/unitList/ns2:unit/@parentSI
KUBI,03881-metadata.xml,/eml:eml/additionalMetadata/metadata/unitList/ns2:unit/ns2:description
KUBI,03882-metadata.xml,/eml:eml/@packageId
KUBI,03882-metadata.xml,/eml:eml/@system
KUBI,03882-metadata.xml,/eml:eml/@xsi:schemaLocation
KUBI,03882-metadata.xml,/eml:eml/dataset/title
KUBI,03882-metadata.xml,/eml:eml/dataset/creator/organizationName
KUBI,03882-metadata.xml,/eml:eml/dataset/keywordSet/keyword
KUBI,03882-metadata.xml,/eml:eml/dataset/keywordSet/keyword
KUBI,03882-metadata.xml,/eml:eml/dataset/keywordSet/keyword
KUBI,03882-metadata.xml,/eml:eml/dataset/keywordSet/keyword
KUBI,03882-metadata.xml,/eml:eml/dataset/keywordSet/keyword
KUBI,03882-metadata.xml,/eml:eml/dataset/coverage/geographicCoverage/geographicDescription
KUBI,03882-metadata.xml,/eml:eml/dataset/coverage/geographicCoverage/boundingCoordinates/westBoundingCoordinate
KUBI,03882-metadata.xml,/eml:eml/dataset/coverage/geographicCoverage/boundingCoordinates/eastBoundingCoordinate
KUBI,03882-metadata.xml,/eml:eml/dataset/coverage/geographicCoverage/boundingCoordinates/northBoundingCoordinate
KUBI,03882-metadata.xml,/eml:eml/dataset/coverage/geographicCoverage/boundingCoordinates/southBoundingCoordinate
KUBI,03882-metadata.xml,/eml:eml/dataset/coverage/temporalCoverage/rangeOfDates/beginDate/calendarDate
KUBI,03882-metadata.xml,/eml:eml/dataset/coverage/temporalCoverage/rangeOfDates/endDate/calendarDate
KUBI,03882-metadata.xml,/eml:eml/dataset/contact/organizationName
KUBI,03882-metadata.xml,/eml:eml/dataset/contact/address/deliveryPoint
KUBI,03882-metadata.xml,/eml:eml/dataset/contact/address/city
KUBI,03882-metadata.xml,/eml:eml/dataset/contact/address/administrativeArea
KUBI,03882-metadata.xml,/eml:eml/dataset/contact/address/postalCode
KUBI,03882-metadata.xml,/eml:eml/dataset/contact/address/country
KUBI,03882-metadata.xml,/eml:eml/dataset/contact/electronicMailAddress
KUBI,03882-metadata.xml,/eml:eml/dataset/contact/onlineUrl
KUBI,03882-metadata.xml,/eml:eml/dataset/spatialRaster/entityName
KUBI,03882-metadata.xml,/eml:eml/dataset/spatialRaster/physical/objectName
KUBI,03882-metadata.xml,/eml:eml/dataset/spatialRaster/physical/dataFormat/externallyDefinedFormat/formatName
KUBI,03882-metadata.xml,/eml:eml/dataset/spatialRaster/physical/distribution/online/url
KUBI,03882-metadata.xml,/eml:eml/dataset/spatialRaster/physical/distribution/online/url/@function
KUBI,03882-metadata.xml,/eml:eml/dataset/spatialRaster/attributeList/attribute/attributeName
KUBI,03882-metadata.xml,/eml:eml/dataset/spatialRaster/attributeList/attribute/attributeDefinition
KUBI,03882-metadata.xml,/eml:eml/dataset/spatialRaster/attributeList/attribute/storageType
KUBI,03882-metadata.xml,/eml:eml/dataset/spatialRaster/attributeList/attribute/measurementScale/interval/unit/customUnit
KUBI,03882-metadata.xml,/eml:eml/dataset/spatialRaster/attributeList/attribute/measurementScale/interval/numericDomain/numberType
KUBI,03882-metadata.xml,/eml:eml/dataset/spatialRaster/attributeList/attribute/measurementScale/interval/numericDomain/bounds/minimum
KUBI,03882-metadata.xml,/eml:eml/dataset/spatialRaster/attributeList/attribute/measurementScale/interval/numericDomain/bounds/minimum/@exclusive
KUBI,03882-metadata.xml,/eml:eml/dataset/spatialRaster/attributeList/attribute/measurementScale/interval/numericDomain/bounds/maximum
KUBI,03882-metadata.xml,/eml:eml/dataset/spatialRaster/attributeList/attribute/measurementScale/interval/numericDomain/bounds/maximum/@exclusive
KUBI,03882-metadata.xml,/eml:eml/dataset/spatialRaster/spatialReference/horizCoordSysDef/@name
KUBI,03882-metadata.xml,/eml:eml/dataset/spatialRaster/spatialReference/horizCoordSysDef/geogCoordSys/datum/@name
KUBI,03882-metadata.xml,/eml:eml/dataset/spatialRaster/spatialReference/horizCoordSysDef/geogCoordSys/spheroid/@denomFlatRatio
KUBI,03882-metadata.xml,/eml:eml/dataset/spatialRaster/spatialReference/horizCoordSysDef/geogCoordSys/spheroid/@name
KUBI,03882-metadata.xml,/eml:eml/dataset/spatialRaster/spatialReference/horizCoordSysDef/geogCoordSys/spheroid/@semiAxisMajor
KUBI,03882-metadata.xml,/eml:eml/dataset/spatialRaster/spatialReference/horizCoordSysDef/geogCoordSys/primeMeridian/@longitude
KUBI,03882-metadata.xml,/eml:eml/dataset/spatialRaster/spatialReference/horizCoordSysDef/geogCoordSys/primeMeridian/@name
KUBI,03882-metadata.xml,/eml:eml/dataset/spatialRaster/spatialReference/horizCoordSysDef/geogCoordSys/unit/@name
KUBI,03882-metadata.xml,/eml:eml/dataset/spatialRaster/horizontalAccuracy/accuracyReport
KUBI,03882-metadata.xml,/eml:eml/dataset/spatialRaster/verticalAccuracy/accuracyReport
KUBI,03882-metadata.xml,/eml:eml/dataset/spatialRaster/cellSizeXDirection
KUBI,03882-metadata.xml,/eml:eml/dataset/spatialRaster/cellSizeYDirection
KUBI,03882-metadata.xml,/eml:eml/dataset/spatialRaster/numberOfBands
KUBI,03882-metadata.xml,/eml:eml/dataset/spatialRaster/rasterOrigin
KUBI,03882-metadata.xml,/eml:eml/dataset/spatialRaster/rows
KUBI,03882-metadata.xml,/eml:eml/dataset/spatialRaster/columns
KUBI,03882-metadata.xml,/eml:eml/dataset/spatialRaster/verticals
KUBI,03882-metadata.xml,/eml:eml/dataset/spatialRaster/cellGeometry
KUBI,03882-metadata.xml,/eml:eml/additionalMetadata/metadata/unitList/ns2:unit/@id
KUBI,03882-metadata.xml,/eml:eml/additionalMetadata/metadata/unitList/ns2:unit/@multiplierToSI
KUBI,03882-metadata.xml,/eml:eml/additionalMetadata/metadata/unitList/ns2:unit/@parentSI
KUBI,03882-metadata.xml,/eml:eml/additionalMetadata/metadata/unitList/ns2:unit/ns2:description
KUBI,03883-metadata.xml,/eml:eml/@packageId
KUBI,03883-metadata.xml,/eml:eml/@system
KUBI,03883-metadata.xml,/eml:eml/@xsi:schemaLocation
KUBI,03883-metadata.xml,/eml:eml/dataset/title
KUBI,03883-metadata.xml,/eml:eml/dataset/creator/organizationName
KUBI,03883-metadata.xml,/eml:eml/dataset/keywordSet/keyword
KUBI,03883-metadata.xml,/eml:eml/dataset/keywordSet/keyword
KUBI,03883-metadata.xml,/eml:eml/dataset/keywordSet/keyword
KUBI,03883-metadata.xml,/eml:eml/dataset/coverage/geographicCoverage/geographicDescription
KUBI,03883-metadata.xml,/eml:eml/dataset/coverage/geographicCoverage/boundingCoordinates/westBoundingCoordinate
KUBI,03883-metadata.xml,/eml:eml/dataset/coverage/geographicCoverage/boundingCoordinates/eastBoundingCoordinate
KUBI,03883-metadata.xml,/eml:eml/dataset/coverage/geographicCoverage/boundingCoordinates/northBoundingCoordinate
KUBI,03883-metadata.xml,/eml:eml/dataset/coverage/geographicCoverage/boundingCoordinates/southBoundingCoordinate
KUBI,03883-metadata.xml,/eml:eml/dataset/coverage/temporalCoverage/rangeOfDates/beginDate/calendarDate
KUBI,03883-metadata.xml,/eml:eml/dataset/coverage/temporalCoverage/rangeOfDates/endDate/calendarDate
KUBI,03883-metadata.xml,/eml:eml/dataset/contact/organizationName
KUBI,03883-metadata.xml,/eml:eml/dataset/contact/address/deliveryPoint
KUBI,03883-metadata.xml,/eml:eml/dataset/contact/address/city
KUBI,03883-metadata.xml,/eml:eml/dataset/contact/address/administrativeArea
KUBI,03883-metadata.xml,/eml:eml/dataset/contact/address/postalCode
KUBI,03883-metadata.xml,/eml:eml/dataset/contact/address/country
KUBI,03883-metadata.xml,/eml:eml/dataset/contact/electronicMailAddress
KUBI,03883-metadata.xml,/eml:eml/dataset/contact/onlineUrl
KUBI,03883-metadata.xml,/eml:eml/dataset/spatialRaster/entityName
KUBI,03883-metadata.xml,/eml:eml/dataset/spatialRaster/physical/objectName
KUBI,03883-metadata.xml,/eml:eml/dataset/spatialRaster/physical/dataFormat/externallyDefinedFormat/formatName
KUBI,03883-metadata.xml,/eml:eml/dataset/spatialRaster/physical/distribution/online/url
KUBI,03883-metadata.xml,/eml:eml/dataset/spatialRaster/physical/distribution/online/url/@function
KUBI,03883-metadata.xml,/eml:eml/dataset/spatialRaster/attributeList/attribute/attributeName
KUBI,03883-metadata.xml,/eml:eml/dataset/spatialRaster/attributeList/attribute/attributeDefinition
KUBI,03883-metadata.xml,/eml:eml/dataset/spatialRaster/attributeList/attribute/storageType
KUBI,03883-metadata.xml,/eml:eml/dataset/spatialRaster/attributeList/attribute/measurementScale/interval/unit/standardUnit
KUBI,03883-metadata.xml,/eml:eml/dataset/spatialRaster/attributeList/attribute/measurementScale/interval/numericDomain/numberType
KUBI,03883-metadata.xml,/eml:eml/dataset/spatialRaster/attributeList/attribute/measurementScale/interval/numericDomain/bounds/minimum
KUBI,03883-metadata.xml,/eml:eml/dataset/spatialRaster/attributeList/attribute/measurementScale/interval/numericDomain/bounds/minimum/@exclusive
KUBI,03883-metadata.xml,/eml:eml/dataset/spatialRaster/attributeList/attribute/measurementScale/interval/numericDomain/bounds/maximum
KUBI,03883-metadata.xml,/eml:eml/dataset/spatialRaster/attributeList/attribute/measurementScale/interval/numericDomain/bounds/maximum/@exclusive
KUBI,03883-metadata.xml,/eml:eml/dataset/spatialRaster/spatialReference/horizCoordSysDef/@name
KUBI,03883-metadata.xml,/eml:eml/dataset/spatialRaster/spatialReference/horizCoordSysDef/geogCoordSys/datum/@name
KUBI,03883-metadata.xml,/eml:eml/dataset/spatialRaster/spatialReference/horizCoordSysDef/geogCoordSys/spheroid/@denomFlatRatio
KUBI,03883-metadata.xml,/eml:eml/dataset/spatialRaster/spatialReference/horizCoordSysDef/geogCoordSys/spheroid/@name
KUBI,03883-metadata.xml,/eml:eml/dataset/spatialRaster/spatialReference/horizCoordSysDef/geogCoordSys/spheroid/@semiAxisMajor
KUBI,03883-metadata.xml,/eml:eml/dataset/spatialRaster/spatialReference/horizCoordSysDef/geogCoordSys/primeMeridian/@longitude
KUBI,03883-metadata.xml,/eml:eml/dataset/spatialRaster/spatialReference/horizCoordSysDef/geogCoordSys/primeMeridian/@name
KUBI,03883-metadata.xml,/eml:eml/dataset/spatialRaster/spatialReference/horizCoordSysDef/geogCoordSys/unit/@name
KUBI,03883-metadata.xml,/eml:eml/dataset/spatialRaster/horizontalAccuracy/accuracyReport
KUBI,03883-metadata.xml,/eml:eml/dataset/spatialRaster/verticalAccuracy/accuracyReport
KUBI,03883-metadata.xml,/eml:eml/dataset/spatialRaster/cellSizeXDirection
KUBI,03883-metadata.xml,/eml:eml/dataset/spatialRaster/cellSizeYDirection
KUBI,03883-metadata.xml,/eml:eml/dataset/spatialRaster/numberOfBands
KUBI,03883-metadata.xml,/eml:eml/dataset/spatialRaster/rasterOrigin
KUBI,03883-metadata.xml,/eml:eml/dataset/spatialRaster/rows
KUBI,03883-metadata.xml,/eml:eml/dataset/spatialRaster/columns
KUBI,03883-metadata.xml,/eml:eml/dataset/spatialRaster/verticals
KUBI,03883-metadata.xml,/eml:eml/dataset/spatialRaster/cellGeometry
KUBI,03884-metadata.xml,/eml:eml/@packageId
KUBI,03884-metadata.xml,/eml:eml/@system
KUBI,03884-metadata.xml,/eml:eml/@xsi:schemaLocation
KUBI,03884-metadata.xml,/eml:eml/dataset/title
KUBI,03884-metadata.xml,/eml:eml/dataset/creator/organizationName
KUBI,03884-metadata.xml,/eml:eml/dataset/keywordSet/keyword
KUBI,03884-metadata.xml,/eml:eml/dataset/keywordSet/keyword
KUBI,03884-metadata.xml,/eml:eml/dataset/keywordSet/keyword
KUBI,03884-metadata.xml,/eml:eml/dataset/keywordSet/keyword
KUBI,03884-metadata.xml,/eml:eml/dataset/coverage/geographicCoverage/geographicDescription
KUBI,03884-metadata.xml,/eml:eml/dataset/coverage/geographicCoverage/boundingCoordinates/westBoundingCoordinate
KUBI,03884-metadata.xml,/eml:eml/dataset/coverage/geographicCoverage/boundingCoordinates/eastBoundingCoordinate
KUBI,03884-metadata.xml,/eml:eml/dataset/coverage/geographicCoverage/boundingCoordinates/northBoundingCoordinate
KUBI,03884-metadata.xml,/eml:eml/dataset/coverage/geographicCoverage/boundingCoordinates/southBoundingCoordinate
KUBI,03884-metadata.xml,/eml:eml/dataset/coverage/temporalCoverage/rangeOfDates/beginDate/calendarDate
KUBI,03884-metadata.xml,/eml:eml/dataset/coverage/temporalCoverage/rangeOfDates/endDate/calendarDate
KUBI,03884-metadata.xml,/eml:eml/dataset/contact/organizationName
KUBI,03884-metadata.xml,/eml:eml/dataset/contact/address/deliveryPoint
KUBI,03884-metadata.xml,/eml:eml/dataset/contact/address/city
KUBI,03884-metadata.xml,/eml:eml/dataset/contact/address/administrativeArea
KUBI,03884-metadata.xml,/eml:eml/dataset/contact/address/postalCode
KUBI,03884-metadata.xml,/eml:eml/dataset/contact/address/country
KUBI,03884-metadata.xml,/eml:eml/dataset/contact/electronicMailAddress
KUBI,03884-metadata.xml,/eml:eml/dataset/contact/onlineUrl
KUBI,03884-metadata.xml,/eml:eml/dataset/spatialRaster/entityName
KUBI,03884-metadata.xml,/eml:eml/dataset/spatialRaster/physical/objectName
KUBI,03884-metadata.xml,/eml:eml/dataset/spatialRaster/physical/dataFormat/externallyDefinedFormat/formatName
KUBI,03884-metadata.xml,/eml:eml/dataset/spatialRaster/physical/distribution/online/url
KUBI,03884-metadata.xml,/eml:eml/dataset/spatialRaster/physical/distribution/online/url/@function
KUBI,03884-metadata.xml,/eml:eml/dataset/spatialRaster/attributeList/attribute/attributeName
KUBI,03884-metadata.xml,/eml:eml/dataset/spatialRaster/attributeList/attribute/attributeDefinition
KUBI,03884-metadata.xml,/eml:eml/dataset/spatialRaster/attributeList/attribute/storageType
KUBI,03884-metadata.xml,/eml:eml/dataset/spatialRaster/attributeList/attribute/measurementScale/interval/unit/standardUnit
KUBI,03884-metadata.xml,/eml:eml/dataset/spatialRaster/attributeList/attribute/measurementScale/interval/numericDomain/numberType
KUBI,03884-metadata.xml,/eml:eml/dataset/spatialRaster/attributeList/attribute/measurementScale/interval/numericDomain/bounds/minimum
KUBI,03884-metadata.xml,/eml:eml/dataset/spatialRaster/attributeList/attribute/measurementScale/interval/numericDomain/bounds/minimum/@exclusive
KUBI,03884-metadata.xml,/eml:eml/dataset/spatialRaster/attributeList/attribute/measurementScale/interval/numericDomain/bounds/maximum
KUBI,03884-metadata.xml,/eml:eml/dataset/spatialRaster/attributeList/attribute/measurementScale/interval/numericDomain/bounds/maximum/@exclusive
KUBI,03884-metadata.xml,/eml:eml/dataset/spatialRaster/spatialReference/horizCoordSysDef/@name
KUBI,03884-metadata.xml,/eml:eml/dataset/spatialRaster/spatialReference/horizCoordSysDef/geogCoordSys/datum/@name
KUBI,03884-metadata.xml,/eml:eml/dataset/spatialRaster/spatialReference/horizCoordSysDef/geogCoordSys/spheroid/@denomFlatRatio
KUBI,03884-metadata.xml,/eml:eml/dataset/spatialRaster/spatialReference/horizCoordSysDef/geogCoordSys/spheroid/@name
KUBI,03884-metadata.xml,/eml:eml/dataset/spatialRaster/spatialReference/horizCoordSysDef/geogCoordSys/spheroid/@semiAxisMajor
KUBI,03884-metadata.xml,/eml:eml/dataset/spatialRaster/spatialReference/horizCoordSysDef/geogCoordSys/primeMeridian/@longitude
KUBI,03884-metadata.xml,/eml:eml/dataset/spatialRaster/spatialReference/horizCoordSysDef/geogCoordSys/primeMeridian/@name
KUBI,03884-metadata.xml,/eml:eml/dataset/spatialRaster/spatialReference/horizCoordSysDef/geogCoordSys/unit/@name
KUBI,03884-metadata.xml,/eml:eml/dataset/spatialRaster/horizontalAccuracy/accuracyReport
KUBI,03884-metadata.xml,/eml:eml/dataset/spatialRaster/verticalAccuracy/accuracyReport
KUBI,03884-metadata.xml,/eml:eml/dataset/spatialRaster/cellSizeXDirection
KUBI,03884-metadata.xml,/eml:eml/dataset/spatialRaster/cellSizeYDirection
KUBI,03884-metadata.xml,/eml:eml/dataset/spatialRaster/numberOfBands
KUBI,03884-metadata.xml,/eml:eml/dataset/spatialRaster/rasterOrigin
KUBI,03884-metadata.xml,/eml:eml/dataset/spatialRaster/rows
KUBI,03884-metadata.xml,/eml:eml/dataset/spatialRaster/columns
KUBI,03884-metadata.xml,/eml:eml/dataset/spatialRaster/verticals
KUBI,03884-metadata.xml,/eml:eml/dataset/spatialRaster/cellGeometry
KUBI,03885-metadata.xml,/eml:eml/@packageId
KUBI,03885-metadata.xml,/eml:eml/@system
KUBI,03885-metadata.xml,/eml:eml/@xsi:schemaLocation
KUBI,03885-metadata.xml,/eml:eml/dataset/title
KUBI,03885-metadata.xml,/eml:eml/dataset/creator/organizationName
KUBI,03885-metadata.xml,/eml:eml/dataset/keywordSet/keyword
KUBI,03885-metadata.xml,/eml:eml/dataset/keywordSet/keyword
KUBI,03885-metadata.xml,/eml:eml/dataset/keywordSet/keyword
KUBI,03885-metadata.xml,/eml:eml/dataset/keywordSet/keyword
KUBI,03885-metadata.xml,/eml:eml/dataset/coverage/geographicCoverage/geographicDescription
KUBI,03885-metadata.xml,/eml:eml/dataset/coverage/geographicCoverage/boundingCoordinates/westBoundingCoordinate
KUBI,03885-metadata.xml,/eml:eml/dataset/coverage/geographicCoverage/boundingCoordinates/eastBoundingCoordinate
KUBI,03885-metadata.xml,/eml:eml/dataset/coverage/geographicCoverage/boundingCoordinates/northBoundingCoordinate
KUBI,03885-metadata.xml,/eml:eml/dataset/coverage/geographicCoverage/boundingCoordinates/southBoundingCoordinate
KUBI,03885-metadata.xml,/eml:eml/dataset/coverage/temporalCoverage/rangeOfDates/beginDate/calendarDate
KUBI,03885-metadata.xml,/eml:eml/dataset/coverage/temporalCoverage/rangeOfDates/endDate/calendarDate
KUBI,03885-metadata.xml,/eml:eml/dataset/contact/organizationName
KUBI,03885-metadata.xml,/eml:eml/dataset/contact/address/deliveryPoint
KUBI,03885-metadata.xml,/eml:eml/dataset/contact/address/city
KUBI,03885-metadata.xml,/eml:eml/dataset/contact/address/administrativeArea
KUBI,03885-metadata.xml,/eml:eml/dataset/contact/address/postalCode
KUBI,03885-metadata.xml,/eml:eml/dataset/contact/address/country
KUBI,03885-metadata.xml,/eml:eml/dataset/contact/electronicMailAddress
KUBI,03885-metadata.xml,/eml:eml/dataset/contact/onlineUrl
KUBI,03885-metadata.xml,/eml:eml/dataset/spatialRaster/entityName
KUBI,03885-metadata.xml,/eml:eml/dataset/spatialRaster/physical/objectName
KUBI,03885-metadata.xml,/eml:eml/dataset/spatialRaster/physical/dataFormat/externallyDefinedFormat/formatName
KUBI,03885-metadata.xml,/eml:eml/dataset/spatialRaster/physical/distribution/online/url
KUBI,03885-metadata.xml,/eml:eml/dataset/spatialRaster/physical/distribution/online/url/@function
KUBI,03885-metadata.xml,/eml:eml/dataset/spatialRaster/attributeList/attribute/attributeName
KUBI,03885-metadata.xml,/eml:eml/dataset/spatialRaster/attributeList/attribute/attributeDefinition
KUBI,03885-metadata.xml,/eml:eml/dataset/spatialRaster/attributeList/attribute/storageType
KUBI,03885-metadata.xml,/eml:eml/dataset/spatialRaster/attributeList/attribute/measurementScale/interval/unit/standardUnit
KUBI,03885-metadata.xml,/eml:eml/dataset/spatialRaster/attributeList/attribute/measurementScale/interval/numericDomain/numberType
KUBI,03885-metadata.xml,/eml:eml/dataset/spatialRaster/attributeList/attribute/measurementScale/interval/numericDomain/bounds/minimum
KUBI,03885-metadata.xml,/eml:eml/dataset/spatialRaster/attributeList/attribute/measurementScale/interval/numericDomain/bounds/minimum/@exclusive
KUBI,03885-metadata.xml,/eml:eml/dataset/spatialRaster/attributeList/attribute/measurementScale/interval/numericDomain/bounds/maximum
KUBI,03885-metadata.xml,/eml:eml/dataset/spatialRaster/attributeList/attribute/measurementScale/interval/numericDomain/bounds/maximum/@exclusive
KUBI,03885-metadata.xml,/eml:eml/dataset/spatialRaster/spatialReference/horizCoordSysDef/@name
KUBI,03885-metadata.xml,/eml:eml/dataset/spatialRaster/spatialReference/horizCoordSysDef/geogCoordSys/datum/@name
KUBI,03885-metadata.xml,/eml:eml/dataset/spatialRaster/spatialReference/horizCoordSysDef/geogCoordSys/spheroid/@denomFlatRatio
KUBI,03885-metadata.xml,/eml:eml/dataset/spatialRaster/spatialReference/horizCoordSysDef/geogCoordSys/spheroid/@name
KUBI,03885-metadata.xml,/eml:eml/dataset/spatialRaster/spatialReference/horizCoordSysDef/geogCoordSys/spheroid/@semiAxisMajor
KUBI,03885-metadata.xml,/eml:eml/dataset/spatialRaster/spatialReference/horizCoordSysDef/geogCoordSys/primeMeridian/@longitude
KUBI,03885-metadata.xml,/eml:eml/dataset/spatialRaster/spatialReference/horizCoordSysDef/geogCoordSys/primeMeridian/@name
KUBI,03885-metadata.xml,/eml:eml/dataset/spatialRaster/spatialReference/horizCoordSysDef/geogCoordSys/unit/@name
KUBI,03885-metadata.xml,/eml:eml/dataset/spatialRaster/horizontalAccuracy/accuracyReport
KUBI,03885-metadata.xml,/eml:eml/dataset/spatialRaster/verticalAccuracy/accuracyReport
KUBI,03885-metadata.xml,/eml:eml/dataset/spatialRaster/cellSizeXDirection
KUBI,03885-metadata.xml,/eml:eml/dataset/spatialRaster/cellSizeYDirection
KUBI,03885-metadata.xml,/eml:eml/dataset/spatialRaster/numberOfBands
KUBI,03885-metadata.xml,/eml:eml/dataset/spatialRaster/rasterOrigin
KUBI,03885-metadata.xml,/eml:eml/dataset/spatialRaster/rows
KUBI,03885-metadata.xml,/eml:eml/dataset/spatialRaster/columns
KUBI,03885-metadata.xml,/eml:eml/dataset/spatialRaster/verticals
KUBI,03885-metadata.xml,/eml:eml/dataset/spatialRaster/cellGeometry
KUBI,03886-metadata.xml,/eml:eml/@packageId
KUBI,03886-metadata.xml,/eml:eml/@system
KUBI,03886-metadata.xml,/eml:eml/@xsi:schemaLocation
KUBI,03886-metadata.xml,/eml:eml/dataset/title
KUBI,03886-metadata.xml,/eml:eml/dataset/creator/organizationName
KUBI,03886-metadata.xml,/eml:eml/dataset/keywordSet/keyword
KUBI,03886-metadata.xml,/eml:eml/dataset/keywordSet/keyword
KUBI,03886-metadata.xml,/eml:eml/dataset/keywordSet/keyword
KUBI,03886-metadata.xml,/eml:eml/dataset/keywordSet/keyword
KUBI,03886-metadata.xml,/eml:eml/dataset/coverage/geographicCoverage/geographicDescription
KUBI,03886-metadata.xml,/eml:eml/dataset/coverage/geographicCoverage/boundingCoordinates/westBoundingCoordinate
KUBI,03886-metadata.xml,/eml:eml/dataset/coverage/geographicCoverage/boundingCoordinates/eastBoundingCoordinate
KUBI,03886-metadata.xml,/eml:eml/dataset/coverage/geographicCoverage/boundingCoordinates/northBoundingCoordinate
KUBI,03886-metadata.xml,/eml:eml/dataset/coverage/geographicCoverage/boundingCoordinates/southBoundingCoordinate
KUBI,03886-metadata.xml,/eml:eml/dataset/coverage/temporalCoverage/rangeOfDates/beginDate/calendarDate
KUBI,03886-metadata.xml,/eml:eml/dataset/coverage/temporalCoverage/rangeOfDates/endDate/calendarDate
KUBI,03886-metadata.xml,/eml:eml/dataset/contact/organizationName
KUBI,03886-metadata.xml,/eml:eml/dataset/contact/address/deliveryPoint
KUBI,03886-metadata.xml,/eml:eml/dataset/contact/address/city
KUBI,03886-metadata.xml,/eml:eml/dataset/contact/address/administrativeArea
KUBI,03886-metadata.xml,/eml:eml/dataset/contact/address/postalCode
KUBI,03886-metadata.xml,/eml:eml/dataset/contact/address/country
KUBI,03886-metadata.xml,/eml:eml/dataset/contact/electronicMailAddress
KUBI,03886-metadata.xml,/eml:eml/dataset/contact/onlineUrl
KUBI,03886-metadata.xml,/eml:eml/dataset/spatialRaster/entityName
KUBI,03886-metadata.xml,/eml:eml/dataset/spatialRaster/physical/objectName
KUBI,03886-metadata.xml,/eml:eml/dataset/spatialRaster/physical/dataFormat/externallyDefinedFormat/formatName
KUBI,03886-metadata.xml,/eml:eml/dataset/spatialRaster/physical/distribution/online/url
KUBI,03886-metadata.xml,/eml:eml/dataset/spatialRaster/physical/distribution/online/url/@function
KUBI,03886-metadata.xml,/eml:eml/dataset/spatialRaster/attributeList/attribute/attributeName
KUBI,03886-metadata.xml,/eml:eml/dataset/spatialRaster/attributeList/attribute/attributeDefinition
KUBI,03886-metadata.xml,/eml:eml/dataset/spatialRaster/attributeList/attribute/storageType
KUBI,03886-metadata.xml,/eml:eml/dataset/spatialRaster/attributeList/attribute/measurementScale/interval/unit/customUnit
KUBI,03886-metadata.xml,/eml:eml/dataset/spatialRaster/attributeList/attribute/measurementScale/interval/numericDomain/numberType
KUBI,03886-metadata.xml,/eml:eml/dataset/spatialRaster/attributeList/attribute/measurementScale/interval/numericDomain/bounds/minimum
KUBI,03886-metadata.xml,/eml:eml/dataset/spatialRaster/attributeList/attribute/measurementScale/interval/numericDomain/bounds/minimum/@exclusive
KUBI,03886-metadata.xml,/eml:eml/dataset/spatialRaster/attributeList/attribute/measurementScale/interval/numericDomain/bounds/maximum
KUBI,03886-metadata.xml,/eml:eml/dataset/spatialRaster/attributeList/attribute/measurementScale/interval/numericDomain/bounds/maximum/@exclusive
KUBI,03886-metadata.xml,/eml:eml/dataset/spatialRaster/spatialReference/horizCoordSysDef/@name
KUBI,03886-metadata.xml,/eml:eml/dataset/spatialRaster/spatialReference/horizCoordSysDef/geogCoordSys/datum/@name
KUBI,03886-metadata.xml,/eml:eml/dataset/spatialRaster/spatialReference/horizCoordSysDef/geogCoordSys/spheroid/@denomFlatRatio
KUBI,03886-metadata.xml,/eml:eml/dataset/spatialRaster/spatialReference/horizCoordSysDef/geogCoordSys/spheroid/@name
KUBI,03886-metadata.xml,/eml:eml/dataset/spatialRaster/spatialReference/horizCoordSysDef/geogCoordSys/spheroid/@semiAxisMajor
KUBI,03886-metadata.xml,/eml:eml/dataset/spatialRaster/spatialReference/horizCoordSysDef/geogCoordSys/primeMeridian/@longitude
KUBI,03886-metadata.xml,/eml:eml/dataset/spatialRaster/spatialReference/horizCoordSysDef/geogCoordSys/primeMeridian/@name
KUBI,03886-metadata.xml,/eml:eml/dataset/spatialRaster/spatialReference/horizCoordSysDef/geogCoordSys/unit/@name
KUBI,03886-metadata.xml,/eml:eml/dataset/spatialRaster/horizontalAccuracy/accuracyReport
KUBI,03886-metadata.xml,/eml:eml/dataset/spatialRaster/verticalAccuracy/accuracyReport
KUBI,03886-metadata.xml,/eml:eml/dataset/spatialRaster/cellSizeXDirection
KUBI,03886-metadata.xml,/eml:eml/dataset/spatialRaster/cellSizeYDirection
KUBI,03886-metadata.xml,/eml:eml/dataset/spatialRaster/numberOfBands
KUBI,03886-metadata.xml,/eml:eml/dataset/spatialRaster/rasterOrigin
KUBI,03886-metadata.xml,/eml:eml/dataset/spatialRaster/rows
KUBI,03886-metadata.xml,/eml:eml/dataset/spatialRaster/columns
KUBI,03886-metadata.xml,/eml:eml/dataset/spatialRaster/verticals
KUBI,03886-metadata.xml,/eml:eml/dataset/spatialRaster/cellGeometry
KUBI,03886-metadata.xml,/eml:eml/additionalMetadata/metadata/unitList/ns2:unit/@id
KUBI,03886-metadata.xml,/eml:eml/additionalMetadata/metadata/unitList/ns2:unit/ns2:description
KUBI,03887-metadata.xml,/eml:eml/@packageId
KUBI,03887-metadata.xml,/eml:eml/@system
KUBI,03887-metadata.xml,/eml:eml/@xsi:schemaLocation
KUBI,03887-metadata.xml,/eml:eml/dataset/title
KUBI,03887-metadata.xml,/eml:eml/dataset/creator/organizationName
KUBI,03887-metadata.xml,/eml:eml/dataset/keywordSet/keyword
KUBI,03887-metadata.xml,/eml:eml/dataset/keywordSet/keyword
KUBI,03887-metadata.xml,/eml:eml/dataset/keywordSet/keyword
KUBI,03887-metadata.xml,/eml:eml/dataset/keywordSet/keyword
KUBI,03887-metadata.xml,/eml:eml/dataset/coverage/geographicCoverage/geographicDescription
KUBI,03887-metadata.xml,/eml:eml/dataset/coverage/geographicCoverage/boundingCoordinates/westBoundingCoordinate
KUBI,03887-metadata.xml,/eml:eml/dataset/coverage/geographicCoverage/boundingCoordinates/eastBoundingCoordinate
KUBI,03887-metadata.xml,/eml:eml/dataset/coverage/geographicCoverage/boundingCoordinates/northBoundingCoordinate
KUBI,03887-metadata.xml,/eml:eml/dataset/coverage/geographicCoverage/boundingCoordinates/southBoundingCoordinate
KUBI,03887-metadata.xml,/eml:eml/dataset/coverage/temporalCoverage/rangeOfDates/beginDate/calendarDate
KUBI,03887-metadata.xml,/eml:eml/dataset/coverage/temporalCoverage/rangeOfDates/endDate/calendarDate
KUBI,03887-metadata.xml,/eml:eml/dataset/contact/organizationName
KUBI,03887-metadata.xml,/eml:eml/dataset/contact/address/deliveryPoint
KUBI,03887-metadata.xml,/eml:eml/dataset/contact/address/city
KUBI,03887-metadata.xml,/eml:eml/dataset/contact/address/administrativeArea
KUBI,03887-metadata.xml,/eml:eml/dataset/contact/address/postalCode
KUBI,03887-metadata.xml,/eml:eml/dataset/contact/address/country
KUBI,03887-metadata.xml,/eml:eml/dataset/contact/electronicMailAddress
KUBI,03887-metadata.xml,/eml:eml/dataset/contact/onlineUrl
KUBI,03887-metadata.xml,/eml:eml/dataset/spatialRaster/entityName
KUBI,03887-metadata.xml,/eml:eml/dataset/spatialRaster/physical/objectName
KUBI,03887-metadata.xml,/eml:eml/dataset/spatialRaster/physical/dataFormat/externallyDefinedFormat/formatName
KUBI,03887-metadata.xml,/eml:eml/dataset/spatialRaster/physical/distribution/online/url
KUBI,03887-metadata.xml,/eml:eml/dataset/spatialRaster/physical/distribution/online/url/@function
KUBI,03887-metadata.xml,/eml:eml/dataset/spatialRaster/attributeList/attribute/attributeName
KUBI,03887-metadata.xml,/eml:eml/dataset/spatialRaster/attributeList/attribute/attributeDefinition
KUBI,03887-metadata.xml,/eml:eml/dataset/spatialRaster/attributeList/attribute/storageType
KUBI,03887-metadata.xml,/eml:eml/dataset/spatialRaster/attributeList/attribute/measurementScale/interval/unit/customUnit
KUBI,03887-metadata.xml,/eml:eml/dataset/spatialRaster/attributeList/attribute/measurementScale/interval/numericDomain/numberType
KUBI,03887-metadata.xml,/eml:eml/dataset/spatialRaster/attributeList/attribute/measurementScale/interval/numericDomain/bounds/minimum
KUBI,03887-metadata.xml,/eml:eml/dataset/spatialRaster/attributeList/attribute/measurementScale/interval/numericDomain/bounds/minimum/@exclusive
KUBI,03887-metadata.xml,/eml:eml/dataset/spatialRaster/attributeList/attribute/measurementScale/interval/numericDomain/bounds/maximum
KUBI,03887-metadata.xml,/eml:eml/dataset/spatialRaster/attributeList/attribute/measurementScale/interval/numericDomain/bounds/maximum/@exclusive
KUBI,03887-metadata.xml,/eml:eml/dataset/spatialRaster/spatialReference/horizCoordSysDef/@name
KUBI,03887-metadata.xml,/eml:eml/dataset/spatialRaster/spatialReference/horizCoordSysDef/geogCoordSys/datum/@name
KUBI,03887-metadata.xml,/eml:eml/dataset/spatialRaster/spatialReference/horizCoordSysDef/geogCoordSys/spheroid/@denomFlatRatio
KUBI,03887-metadata.xml,/eml:eml/dataset/spatialRaster/spatialReference/horizCoordSysDef/geogCoordSys/spheroid/@name
KUBI,03887-metadata.xml,/eml:eml/dataset/spatialRaster/spatialReference/horizCoordSysDef/geogCoordSys/spheroid/@semiAxisMajor
KUBI,03887-metadata.xml,/eml:eml/dataset/spatialRaster/spatialReference/horizCoordSysDef/geogCoordSys/primeMeridian/@longitude
KUBI,03887-metadata.xml,/eml:eml/dataset/spatialRaster/spatialReference/horizCoordSysDef/geogCoordSys/primeMeridian/@name
KUBI,03887-metadata.xml,/eml:eml/dataset/spatialRaster/spatialReference/horizCoordSysDef/geogCoordSys/unit/@name
KUBI,03887-metadata.xml,/eml:eml/dataset/spatialRaster/horizontalAccuracy/accuracyReport
KUBI,03887-metadata.xml,/eml:eml/dataset/spatialRaster/verticalAccuracy/accuracyReport
KUBI,03887-metadata.xml,/eml:eml/dataset/spatialRaster/cellSizeXDirection
KUBI,03887-metadata.xml,/eml:eml/dataset/spatialRaster/cellSizeYDirection
KUBI,03887-metadata.xml,/eml:eml/dataset/spatialRaster/numberOfBands
KUBI,03887-metadata.xml,/eml:eml/dataset/spatialRaster/rasterOrigin
KUBI,03887-metadata.xml,/eml:eml/dataset/spatialRaster/rows
KUBI,03887-metadata.xml,/eml:eml/dataset/spatialRaster/columns
KUBI,03887-metadata.xml,/eml:eml/dataset/spatialRaster/verticals
KUBI,03887-metadata.xml,/eml:eml/dataset/spatialRaster/cellGeometry
KUBI,03887-metadata.xml,/eml:eml/additionalMetadata/metadata/unitList/ns2:unit/@id
KUBI,03887-metadata.xml,/eml:eml/additionalMetadata/metadata/unitList/ns2:unit/@multiplierToSI
KUBI,03887-metadata.xml,/eml:eml/additionalMetadata/metadata/unitList/ns2:unit/@parentSI
KUBI,03887-metadata.xml,/eml:eml/additionalMetadata/metadata/unitList/ns2:unit/ns2:description
KUBI,03888-metadata.xml,/eml:eml/@packageId
KUBI,03888-metadata.xml,/eml:eml/@system
KUBI,03888-metadata.xml,/eml:eml/@xsi:schemaLocation
KUBI,03888-metadata.xml,/eml:eml/dataset/title
KUBI,03888-metadata.xml,/eml:eml/dataset/creator/organizationName
KUBI,03888-metadata.xml,/eml:eml/dataset/keywordSet/keyword
KUBI,03888-metadata.xml,/eml:eml/dataset/keywordSet/keyword
KUBI,03888-metadata.xml,/eml:eml/dataset/keywordSet/keyword
KUBI,03888-metadata.xml,/eml:eml/dataset/keywordSet/keyword
KUBI,03888-metadata.xml,/eml:eml/dataset/coverage/geographicCoverage/geographicDescription
KUBI,03888-metadata.xml,/eml:eml/dataset/coverage/geographicCoverage/boundingCoordinates/westBoundingCoordinate
KUBI,03888-metadata.xml,/eml:eml/dataset/coverage/geographicCoverage/boundingCoordinates/eastBoundingCoordinate
KUBI,03888-metadata.xml,/eml:eml/dataset/coverage/geographicCoverage/boundingCoordinates/northBoundingCoordinate
KUBI,03888-metadata.xml,/eml:eml/dataset/coverage/geographicCoverage/boundingCoordinates/southBoundingCoordinate
KUBI,03888-metadata.xml,/eml:eml/dataset/coverage/temporalCoverage/rangeOfDates/beginDate/calendarDate
KUBI,03888-metadata.xml,/eml:eml/dataset/coverage/temporalCoverage/rangeOfDates/endDate/calendarDate
KUBI,03888-metadata.xml,/eml:eml/dataset/contact/organizationName
KUBI,03888-metadata.xml,/eml:eml/dataset/contact/address/deliveryPoint
KUBI,03888-metadata.xml,/eml:eml/dataset/contact/address/city
KUBI,03888-metadata.xml,/eml:eml/dataset/contact/address/administrativeArea
KUBI,03888-metadata.xml,/eml:eml/dataset/contact/address/postalCode
KUBI,03888-metadata.xml,/eml:eml/dataset/contact/address/country
KUBI,03888-metadata.xml,/eml:eml/dataset/contact/electronicMailAddress
KUBI,03888-metadata.xml,/eml:eml/dataset/contact/onlineUrl
KUBI,03888-metadata.xml,/eml:eml/dataset/spatialRaster/entityName
KUBI,03888-metadata.xml,/eml:eml/dataset/spatialRaster/physical/objectName
KUBI,03888-metadata.xml,/eml:eml/dataset/spatialRaster/physical/dataFormat/externallyDefinedFormat/formatName
KUBI,03888-metadata.xml,/eml:eml/dataset/spatialRaster/physical/distribution/online/url
KUBI,03888-metadata.xml,/eml:eml/dataset/spatialRaster/physical/distribution/online/url/@function
KUBI,03888-metadata.xml,/eml:eml/dataset/spatialRaster/attributeList/attribute/attributeName
KUBI,03888-metadata.xml,/eml:eml/dataset/spatialRaster/attributeList/attribute/attributeDefinition
KUBI,03888-metadata.xml,/eml:eml/dataset/spatialRaster/attributeList/attribute/storageType
KUBI,03888-metadata.xml,/eml:eml/dataset/spatialRaster/attributeList/attribute/measurementScale/interval/unit/customUnit
KUBI,03888-metadata.xml,/eml:eml/dataset/spatialRaster/attributeList/attribute/measurementScale/interval/numericDomain/numberType
KUBI,03888-metadata.xml,/eml:eml/dataset/spatialRaster/attributeList/attribute/measurementScale/interval/numericDomain/bounds/minimum
KUBI,03888-metadata.xml,/eml:eml/dataset/spatialRaster/attributeList/attribute/measurementScale/interval/numericDomain/bounds/minimum/@exclusive
KUBI,03888-metadata.xml,/eml:eml/dataset/spatialRaster/attributeList/attribute/measurementScale/interval/numericDomain/bounds/maximum
KUBI,03888-metadata.xml,/eml:eml/dataset/spatialRaster/attributeList/attribute/measurementScale/interval/numericDomain/bounds/maximum/@exclusive
KUBI,03888-metadata.xml,/eml:eml/dataset/spatialRaster/spatialReference/horizCoordSysDef/@name
KUBI,03888-metadata.xml,/eml:eml/dataset/spatialRaster/spatialReference/horizCoordSysDef/geogCoordSys/datum/@name
KUBI,03888-metadata.xml,/eml:eml/dataset/spatialRaster/spatialReference/horizCoordSysDef/geogCoordSys/spheroid/@denomFlatRatio
KUBI,03888-metadata.xml,/eml:eml/dataset/spatialRaster/spatialReference/horizCoordSysDef/geogCoordSys/spheroid/@name
KUBI,03888-metadata.xml,/eml:eml/dataset/spatialRaster/spatialReference/horizCoordSysDef/geogCoordSys/spheroid/@semiAxisMajor
KUBI,03888-metadata.xml,/eml:eml/dataset/spatialRaster/spatialReference/horizCoordSysDef/geogCoordSys/primeMeridian/@longitude
KUBI,03888-metadata.xml,/eml:eml/dataset/spatialRaster/spatialReference/horizCoordSysDef/geogCoordSys/primeMeridian/@name
KUBI,03888-metadata.xml,/eml:eml/dataset/spatialRaster/spatialReference/horizCoordSysDef/geogCoordSys/unit/@name
KUBI,03888-metadata.xml,/eml:eml/dataset/spatialRaster/horizontalAccuracy/accuracyReport
KUBI,03888-metadata.xml,/eml:eml/dataset/spatialRaster/verticalAccuracy/accuracyReport
KUBI,03888-metadata.xml,/eml:eml/dataset/spatialRaster/cellSizeXDirection
KUBI,03888-metadata.xml,/eml:eml/dataset/spatialRaster/cellSizeYDirection
KUBI,03888-metadata.xml,/eml:eml/dataset/spatialRaster/numberOfBands
KUBI,03888-metadata.xml,/eml:eml/dataset/spatialRaster/rasterOrigin
KUBI,03888-metadata.xml,/eml:eml/dataset/spatialRaster/rows
KUBI,03888-metadata.xml,/eml:eml/dataset/spatialRaster/columns
KUBI,03888-metadata.xml,/eml:eml/dataset/spatialRaster/verticals
KUBI,03888-metadata.xml,/eml:eml/dataset/spatialRaster/cellGeometry
KUBI,03888-metadata.xml,/eml:eml/additionalMetadata/metadata/unitList/ns2:unit/@id
KUBI,03888-metadata.xml,/eml:eml/additionalMetadata/metadata/unitList/ns2:unit/@multiplierToSI
KUBI,03888-metadata.xml,/eml:eml/additionalMetadata/metadata/unitList/ns2:unit/@parentSI
KUBI,03888-metadata.xml,/eml:eml/additionalMetadata/metadata/unitList/ns2:unit/ns2:description
KUBI,03889-metadata.xml,/eml:eml/@packageId
KUBI,03889-metadata.xml,/eml:eml/@system
KUBI,03889-metadata.xml,/eml:eml/@xsi:schemaLocation
KUBI,03889-metadata.xml,/eml:eml/dataset/title
KUBI,03889-metadata.xml,/eml:eml/dataset/creator/organizationName
KUBI,03889-metadata.xml,/eml:eml/dataset/keywordSet/keyword
KUBI,03889-metadata.xml,/eml:eml/dataset/keywordSet/keyword
KUBI,03889-metadata.xml,/eml:eml/dataset/keywordSet/keyword
KUBI,03889-metadata.xml,/eml:eml/dataset/keywordSet/keyword
KUBI,03889-metadata.xml,/eml:eml/dataset/coverage/geographicCoverage/geographicDescription
KUBI,03889-metadata.xml,/eml:eml/dataset/coverage/geographicCoverage/boundingCoordinates/westBoundingCoordinate
KUBI,03889-metadata.xml,/eml:eml/dataset/coverage/geographicCoverage/boundingCoordinates/eastBoundingCoordinate
KUBI,03889-metadata.xml,/eml:eml/dataset/coverage/geographicCoverage/boundingCoordinates/northBoundingCoordinate
KUBI,03889-metadata.xml,/eml:eml/dataset/coverage/geographicCoverage/boundingCoordinates/southBoundingCoordinate
KUBI,03889-metadata.xml,/eml:eml/dataset/coverage/temporalCoverage/rangeOfDates/beginDate/calendarDate
KUBI,03889-metadata.xml,/eml:eml/dataset/coverage/temporalCoverage/rangeOfDates/endDate/calendarDate
KUBI,03889-metadata.xml,/eml:eml/dataset/contact/organizationName
KUBI,03889-metadata.xml,/eml:eml/dataset/contact/address/deliveryPoint
KUBI,03889-metadata.xml,/eml:eml/dataset/contact/address/city
KUBI,03889-metadata.xml,/eml:eml/dataset/contact/address/administrativeArea
KUBI,03889-metadata.xml,/eml:eml/dataset/contact/address/postalCode
KUBI,03889-metadata.xml,/eml:eml/dataset/contact/address/country
KUBI,03889-metadata.xml,/eml:eml/dataset/contact/electronicMailAddress
KUBI,03889-metadata.xml,/eml:eml/dataset/contact/onlineUrl
KUBI,03889-metadata.xml,/eml:eml/dataset/spatialRaster/entityName
KUBI,03889-metadata.xml,/eml:eml/dataset/spatialRaster/physical/objectName
KUBI,03889-metadata.xml,/eml:eml/dataset/spatialRaster/physical/dataFormat/externallyDefinedFormat/formatName
KUBI,03889-metadata.xml,/eml:eml/dataset/spatialRaster/physical/distribution/online/url
KUBI,03889-metadata.xml,/eml:eml/dataset/spatialRaster/physical/distribution/online/url/@function
KUBI,03889-metadata.xml,/eml:eml/dataset/spatialRaster/attributeList/attribute/attributeName
KUBI,03889-metadata.xml,/eml:eml/dataset/spatialRaster/attributeList/attribute/attributeDefinition
KUBI,03889-metadata.xml,/eml:eml/dataset/spatialRaster/attributeList/attribute/storageType
KUBI,03889-metadata.xml,/eml:eml/dataset/spatialRaster/attributeList/attribute/measurementScale/interval/unit/customUnit
KUBI,03889-metadata.xml,/eml:eml/dataset/spatialRaster/attributeList/attribute/measurementScale/interval/numericDomain/numberType
KUBI,03889-metadata.xml,/eml:eml/dataset/spatialRaster/attributeList/attribute/measurementScale/interval/numericDomain/bounds/minimum
KUBI,03889-metadata.xml,/eml:eml/dataset/spatialRaster/attributeList/attribute/measurementScale/interval/numericDomain/bounds/minimum/@exclusive
KUBI,03889-metadata.xml,/eml:eml/dataset/spatialRaster/attributeList/attribute/measurementScale/interval/numericDomain/bounds/maximum
KUBI,03889-metadata.xml,/eml:eml/dataset/spatialRaster/attributeList/attribute/measurementScale/interval/numericDomain/bounds/maximum/@exclusive
KUBI,03889-metadata.xml,/eml:eml/dataset/spatialRaster/spatialReference/horizCoordSysDef/@name
KUBI,03889-metadata.xml,/eml:eml/dataset/spatialRaster/spatialReference/horizCoordSysDef/geogCoordSys/datum/@name
KUBI,03889-metadata.xml,/eml:eml/dataset/spatialRaster/spatialReference/horizCoordSysDef/geogCoordSys/spheroid/@denomFlatRatio
KUBI,03889-metadata.xml,/eml:eml/dataset/spatialRaster/spatialReference/horizCoordSysDef/geogCoordSys/spheroid/@name
KUBI,03889-metadata.xml,/eml:eml/dataset/spatialRaster/spatialReference/horizCoordSysDef/geogCoordSys/spheroid/@semiAxisMajor
KUBI,03889-metadata.xml,/eml:eml/dataset/spatialRaster/spatialReference/horizCoordSysDef/geogCoordSys/primeMeridian/@longitude
KUBI,03889-metadata.xml,/eml:eml/dataset/spatialRaster/spatialReference/horizCoordSysDef/geogCoordSys/primeMeridian/@name
KUBI,03889-metadata.xml,/eml:eml/dataset/spatialRaster/spatialReference/horizCoordSysDef/geogCoordSys/unit/@name
KUBI,03889-metadata.xml,/eml:eml/dataset/spatialRaster/horizontalAccuracy/accuracyReport
KUBI,03889-metadata.xml,/eml:eml/dataset/spatialRaster/verticalAccuracy/accuracyReport
KUBI,03889-metadata.xml,/eml:eml/dataset/spatialRaster/cellSizeXDirection
KUBI,03889-metadata.xml,/eml:eml/dataset/spatialRaster/cellSizeYDirection
KUBI,03889-metadata.xml,/eml:eml/dataset/spatialRaster/numberOfBands
KUBI,03889-metadata.xml,/eml:eml/dataset/spatialRaster/rasterOrigin
KUBI,03889-metadata.xml,/eml:eml/dataset/spatialRaster/rows
KUBI,03889-metadata.xml,/eml:eml/dataset/spatialRaster/columns
KUBI,03889-metadata.xml,/eml:eml/dataset/spatialRaster/verticals
KUBI,03889-metadata.xml,/eml:eml/dataset/spatialRaster/cellGeometry
KUBI,03889-metadata.xml,/eml:eml/additionalMetadata/metadata/unitList/ns2:unit/@id
KUBI,03889-metadata.xml,/eml:eml/additionalMetadata/metadata/unitList/ns2:unit/ns2:description
KUBI,03890-metadata.xml,/eml:eml/@packageId
KUBI,03890-metadata.xml,/eml:eml/@system
KUBI,03890-metadata.xml,/eml:eml/@xsi:schemaLocation
KUBI,03890-metadata.xml,/eml:eml/dataset/title
KUBI,03890-metadata.xml,/eml:eml/dataset/creator/organizationName
KUBI,03890-metadata.xml,/eml:eml/dataset/keywordSet/keyword
KUBI,03890-metadata.xml,/eml:eml/dataset/keywordSet/keyword
KUBI,03890-metadata.xml,/eml:eml/dataset/keywordSet/keyword
KUBI,03890-metadata.xml,/eml:eml/dataset/keywordSet/keyword
KUBI,03890-metadata.xml,/eml:eml/dataset/keywordSet/keyword
KUBI,03890-metadata.xml,/eml:eml/dataset/coverage/geographicCoverage/geographicDescription
KUBI,03890-metadata.xml,/eml:eml/dataset/coverage/geographicCoverage/boundingCoordinates/westBoundingCoordinate
KUBI,03890-metadata.xml,/eml:eml/dataset/coverage/geographicCoverage/boundingCoordinates/eastBoundingCoordinate
KUBI,03890-metadata.xml,/eml:eml/dataset/coverage/geographicCoverage/boundingCoordinates/northBoundingCoordinate
KUBI,03890-metadata.xml,/eml:eml/dataset/coverage/geographicCoverage/boundingCoordinates/southBoundingCoordinate
KUBI,03890-metadata.xml,/eml:eml/dataset/coverage/temporalCoverage/rangeOfDates/beginDate/calendarDate
KUBI,03890-metadata.xml,/eml:eml/dataset/coverage/temporalCoverage/rangeOfDates/endDate/calendarDate
KUBI,03890-metadata.xml,/eml:eml/dataset/contact/organizationName
KUBI,03890-metadata.xml,/eml:eml/dataset/contact/address/deliveryPoint
KUBI,03890-metadata.xml,/eml:eml/dataset/contact/address/city
KUBI,03890-metadata.xml,/eml:eml/dataset/contact/address/administrativeArea
KUBI,03890-metadata.xml,/eml:eml/dataset/contact/address/postalCode
KUBI,03890-metadata.xml,/eml:eml/dataset/contact/address/country
KUBI,03890-metadata.xml,/eml:eml/dataset/contact/electronicMailAddress
KUBI,03890-metadata.xml,/eml:eml/dataset/contact/onlineUrl
KUBI,03890-metadata.xml,/eml:eml/dataset/spatialRaster/entityName
KUBI,03890-metadata.xml,/eml:eml/dataset/spatialRaster/physical/objectName
KUBI,03890-metadata.xml,/eml:eml/dataset/spatialRaster/physical/dataFormat/externallyDefinedFormat/formatName
KUBI,03890-metadata.xml,/eml:eml/dataset/spatialRaster/physical/distribution/online/url
KUBI,03890-metadata.xml,/eml:eml/dataset/spatialRaster/physical/distribution/online/url/@function
KUBI,03890-metadata.xml,/eml:eml/dataset/spatialRaster/attributeList/attribute/attributeName
KUBI,03890-metadata.xml,/eml:eml/dataset/spatialRaster/attributeList/attribute/attributeDefinition
KUBI,03890-metadata.xml,/eml:eml/dataset/spatialRaster/attributeList/attribute/storageType
KUBI,03890-metadata.xml,/eml:eml/dataset/spatialRaster/attributeList/attribute/measurementScale/interval/unit/customUnit
KUBI,03890-metadata.xml,/eml:eml/dataset/spatialRaster/attributeList/attribute/measurementScale/interval/numericDomain/numberType
KUBI,03890-metadata.xml,/eml:eml/dataset/spatialRaster/attributeList/attribute/measurementScale/interval/numericDomain/bounds/minimum
KUBI,03890-metadata.xml,/eml:eml/dataset/spatialRaster/attributeList/attribute/measurementScale/interval/numericDomain/bounds/minimum/@exclusive
KUBI,03890-metadata.xml,/eml:eml/dataset/spatialRaster/attributeList/attribute/measurementScale/interval/numericDomain/bounds/maximum
KUBI,03890-metadata.xml,/eml:eml/dataset/spatialRaster/attributeList/attribute/measurementScale/interval/numericDomain/bounds/maximum/@exclusive
KUBI,03890-metadata.xml,/eml:eml/dataset/spatialRaster/spatialReference/horizCoordSysDef/@name
KUBI,03890-metadata.xml,/eml:eml/dataset/spatialRaster/spatialReference/horizCoordSysDef/geogCoordSys/datum/@name
KUBI,03890-metadata.xml,/eml:eml/dataset/spatialRaster/spatialReference/horizCoordSysDef/geogCoordSys/spheroid/@denomFlatRatio
KUBI,03890-metadata.xml,/eml:eml/dataset/spatialRaster/spatialReference/horizCoordSysDef/geogCoordSys/spheroid/@name
KUBI,03890-metadata.xml,/eml:eml/dataset/spatialRaster/spatialReference/horizCoordSysDef/geogCoordSys/spheroid/@semiAxisMajor
KUBI,03890-metadata.xml,/eml:eml/dataset/spatialRaster/spatialReference/horizCoordSysDef/geogCoordSys/primeMeridian/@longitude
KUBI,03890-metadata.xml,/eml:eml/dataset/spatialRaster/spatialReference/horizCoordSysDef/geogCoordSys/primeMeridian/@name
KUBI,03890-metadata.xml,/eml:eml/dataset/spatialRaster/spatialReference/horizCoordSysDef/geogCoordSys/unit/@name
KUBI,03890-metadata.xml,/eml:eml/dataset/spatialRaster/horizontalAccuracy/accuracyReport
KUBI,03890-metadata.xml,/eml:eml/dataset/spatialRaster/verticalAccuracy/accuracyReport
KUBI,03890-metadata.xml,/eml:eml/dataset/spatialRaster/cellSizeXDirection
KUBI,03890-metadata.xml,/eml:eml/dataset/spatialRaster/cellSizeYDirection
KUBI,03890-metadata.xml,/eml:eml/dataset/spatialRaster/numberOfBands
KUBI,03890-metadata.xml,/eml:eml/dataset/spatialRaster/rasterOrigin
KUBI,03890-metadata.xml,/eml:eml/dataset/spatialRaster/rows
KUBI,03890-metadata.xml,/eml:eml/dataset/spatialRaster/columns
KUBI,03890-metadata.xml,/eml:eml/dataset/spatialRaster/verticals
KUBI,03890-metadata.xml,/eml:eml/dataset/spatialRaster/cellGeometry
KUBI,03890-metadata.xml,/eml:eml/additionalMetadata/metadata/unitList/ns2:unit/@id
KUBI,03890-metadata.xml,/eml:eml/additionalMetadata/metadata/unitList/ns2:unit/@multiplierToSI
KUBI,03890-metadata.xml,/eml:eml/additionalMetadata/metadata/unitList/ns2:unit/@parentSI
KUBI,03890-metadata.xml,/eml:eml/additionalMetadata/metadata/unitList/ns2:unit/ns2:description
KUBI,03891-metadata.xml,/eml:eml/@packageId
KUBI,03891-metadata.xml,/eml:eml/@system
KUBI,03891-metadata.xml,/eml:eml/@xsi:schemaLocation
KUBI,03891-metadata.xml,/eml:eml/dataset/title
KUBI,03891-metadata.xml,/eml:eml/dataset/creator/organizationName
KUBI,03891-metadata.xml,/eml:eml/dataset/keywordSet/keyword
KUBI,03891-metadata.xml,/eml:eml/dataset/keywordSet/keyword
KUBI,03891-metadata.xml,/eml:eml/dataset/keywordSet/keyword
KUBI,03891-metadata.xml,/eml:eml/dataset/keywordSet/keyword
KUBI,03891-metadata.xml,/eml:eml/dataset/keywordSet/keyword
KUBI,03891-metadata.xml,/eml:eml/dataset/coverage/geographicCoverage/geographicDescription
KUBI,03891-metadata.xml,/eml:eml/dataset/coverage/geographicCoverage/boundingCoordinates/westBoundingCoordinate
KUBI,03891-metadata.xml,/eml:eml/dataset/coverage/geographicCoverage/boundingCoordinates/eastBoundingCoordinate
KUBI,03891-metadata.xml,/eml:eml/dataset/coverage/geographicCoverage/boundingCoordinates/northBoundingCoordinate
KUBI,03891-metadata.xml,/eml:eml/dataset/coverage/geographicCoverage/boundingCoordinates/southBoundingCoordinate
KUBI,03891-metadata.xml,/eml:eml/dataset/coverage/temporalCoverage/rangeOfDates/beginDate/calendarDate
KUBI,03891-metadata.xml,/eml:eml/dataset/coverage/temporalCoverage/rangeOfDates/endDate/calendarDate
KUBI,03891-metadata.xml,/eml:eml/dataset/contact/organizationName
KUBI,03891-metadata.xml,/eml:eml/dataset/contact/address/deliveryPoint
KUBI,03891-metadata.xml,/eml:eml/dataset/contact/address/city
KUBI,03891-metadata.xml,/eml:eml/dataset/contact/address/administrativeArea
KUBI,03891-metadata.xml,/eml:eml/dataset/contact/address/postalCode
KUBI,03891-metadata.xml,/eml:eml/dataset/contact/address/country
KUBI,03891-metadata.xml,/eml:eml/dataset/contact/electronicMailAddress
KUBI,03891-metadata.xml,/eml:eml/dataset/contact/onlineUrl
KUBI,03891-metadata.xml,/eml:eml/dataset/spatialRaster/entityName
KUBI,03891-metadata.xml,/eml:eml/dataset/spatialRaster/physical/objectName
KUBI,03891-metadata.xml,/eml:eml/dataset/spatialRaster/physical/dataFormat/externallyDefinedFormat/formatName
KUBI,03891-metadata.xml,/eml:eml/dataset/spatialRaster/physical/distribution/online/url
KUBI,03891-metadata.xml,/eml:eml/dataset/spatialRaster/physical/distribution/online/url/@function
KUBI,03891-metadata.xml,/eml:eml/dataset/spatialRaster/attributeList/attribute/attributeName
KUBI,03891-metadata.xml,/eml:eml/dataset/spatialRaster/attributeList/attribute/attributeDefinition
KUBI,03891-metadata.xml,/eml:eml/dataset/spatialRaster/attributeList/attribute/storageType
KUBI,03891-metadata.xml,/eml:eml/dataset/spatialRaster/attributeList/attribute/measurementScale/interval/unit/customUnit
KUBI,03891-metadata.xml,/eml:eml/dataset/spatialRaster/attributeList/attribute/measurementScale/interval/numericDomain/numberType
KUBI,03891-metadata.xml,/eml:eml/dataset/spatialRaster/attributeList/attribute/measurementScale/interval/numericDomain/bounds/minimum
KUBI,03891-metadata.xml,/eml:eml/dataset/spatialRaster/attributeList/attribute/measurementScale/interval/numericDomain/bounds/minimum/@exclusive
KUBI,03891-metadata.xml,/eml:eml/dataset/spatialRaster/attributeList/attribute/measurementScale/interval/numericDomain/bounds/maximum
KUBI,03891-metadata.xml,/eml:eml/dataset/spatialRaster/attributeList/attribute/measurementScale/interval/numericDomain/bounds/maximum/@exclusive
KUBI,03891-metadata.xml,/eml:eml/dataset/spatialRaster/spatialReference/horizCoordSysDef/@name
KUBI,03891-metadata.xml,/eml:eml/dataset/spatialRaster/spatialReference/horizCoordSysDef/geogCoordSys/datum/@name
KUBI,03891-metadata.xml,/eml:eml/dataset/spatialRaster/spatialReference/horizCoordSysDef/geogCoordSys/spheroid/@denomFlatRatio
KUBI,03891-metadata.xml,/eml:eml/dataset/spatialRaster/spatialReference/horizCoordSysDef/geogCoordSys/spheroid/@name
KUBI,03891-metadata.xml,/eml:eml/dataset/spatialRaster/spatialReference/horizCoordSysDef/geogCoordSys/spheroid/@semiAxisMajor
KUBI,03891-metadata.xml,/eml:eml/dataset/spatialRaster/spatialReference/horizCoordSysDef/geogCoordSys/primeMeridian/@longitude
KUBI,03891-metadata.xml,/eml:eml/dataset/spatialRaster/spatialReference/horizCoordSysDef/geogCoordSys/primeMeridian/@name
KUBI,03891-metadata.xml,/eml:eml/dataset/spatialRaster/spatialReference/horizCoordSysDef/geogCoordSys/unit/@name
KUBI,03891-metadata.xml,/eml:eml/dataset/spatialRaster/horizontalAccuracy/accuracyReport
KUBI,03891-metadata.xml,/eml:eml/dataset/spatialRaster/verticalAccuracy/accuracyReport
KUBI,03891-metadata.xml,/eml:eml/dataset/spatialRaster/cellSizeXDirection
KUBI,03891-metadata.xml,/eml:eml/dataset/spatialRaster/cellSizeYDirection
KUBI,03891-metadata.xml,/eml:eml/dataset/spatialRaster/numberOfBands
KUBI,03891-metadata.xml,/eml:eml/dataset/spatialRaster/rasterOrigin
KUBI,03891-metadata.xml,/eml:eml/dataset/spatialRaster/rows
KUBI,03891-metadata.xml,/eml:eml/dataset/spatialRaster/columns
KUBI,03891-metadata.xml,/eml:eml/dataset/spatialRaster/verticals
KUBI,03891-metadata.xml,/eml:eml/dataset/spatialRaster/cellGeometry
KUBI,03891-metadata.xml,/eml:eml/additionalMetadata/metadata/unitList/ns2:unit/@id
KUBI,03891-metadata.xml,/eml:eml/additionalMetadata/metadata/unitList/ns2:unit/@multiplierToSI
KUBI,03891-metadata.xml,/eml:eml/additionalMetadata/metadata/unitList/ns2:unit/@parentSI
KUBI,03891-metadata.xml,/eml:eml/additionalMetadata/metadata/unitList/ns2:unit/ns2:description
KUBI,03892-metadata.xml,/eml:eml/@packageId
KUBI,03892-metadata.xml,/eml:eml/@system
KUBI,03892-metadata.xml,/eml:eml/@xsi:schemaLocation
KUBI,03892-metadata.xml,/eml:eml/dataset/title
KUBI,03892-metadata.xml,/eml:eml/dataset/creator/organizationName
KUBI,03892-metadata.xml,/eml:eml/dataset/keywordSet/keyword
KUBI,03892-metadata.xml,/eml:eml/dataset/keywordSet/keyword
KUBI,03892-metadata.xml,/eml:eml/dataset/keywordSet/keyword
KUBI,03892-metadata.xml,/eml:eml/dataset/keywordSet/keyword
KUBI,03892-metadata.xml,/eml:eml/dataset/keywordSet/keyword
KUBI,03892-metadata.xml,/eml:eml/dataset/coverage/geographicCoverage/geographicDescription
KUBI,03892-metadata.xml,/eml:eml/dataset/coverage/geographicCoverage/boundingCoordinates/westBoundingCoordinate
KUBI,03892-metadata.xml,/eml:eml/dataset/coverage/geographicCoverage/boundingCoordinates/eastBoundingCoordinate
KUBI,03892-metadata.xml,/eml:eml/dataset/coverage/geographicCoverage/boundingCoordinates/northBoundingCoordinate
KUBI,03892-metadata.xml,/eml:eml/dataset/coverage/geographicCoverage/boundingCoordinates/southBoundingCoordinate
KUBI,03892-metadata.xml,/eml:eml/dataset/coverage/temporalCoverage/rangeOfDates/beginDate/calendarDate
KUBI,03892-metadata.xml,/eml:eml/dataset/coverage/temporalCoverage/rangeOfDates/endDate/calendarDate
KUBI,03892-metadata.xml,/eml:eml/dataset/contact/organizationName
KUBI,03892-metadata.xml,/eml:eml/dataset/contact/address/deliveryPoint
KUBI,03892-metadata.xml,/eml:eml/dataset/contact/address/city
KUBI,03892-metadata.xml,/eml:eml/dataset/contact/address/administrativeArea
KUBI,03892-metadata.xml,/eml:eml/dataset/contact/address/postalCode
KUBI,03892-metadata.xml,/eml:eml/dataset/contact/address/country
KUBI,03892-metadata.xml,/eml:eml/dataset/contact/electronicMailAddress
KUBI,03892-metadata.xml,/eml:eml/dataset/contact/onlineUrl
KUBI,03892-metadata.xml,/eml:eml/dataset/spatialRaster/entityName
KUBI,03892-metadata.xml,/eml:eml/dataset/spatialRaster/physical/objectName
KUBI,03892-metadata.xml,/eml:eml/dataset/spatialRaster/physical/dataFormat/externallyDefinedFormat/formatName
KUBI,03892-metadata.xml,/eml:eml/dataset/spatialRaster/physical/distribution/online/url
KUBI,03892-metadata.xml,/eml:eml/dataset/spatialRaster/physical/distribution/online/url/@function
KUBI,03892-metadata.xml,/eml:eml/dataset/spatialRaster/attributeList/attribute/attributeName
KUBI,03892-metadata.xml,/eml:eml/dataset/spatialRaster/attributeList/attribute/attributeDefinition
KUBI,03892-metadata.xml,/eml:eml/dataset/spatialRaster/attributeList/attribute/storageType
KUBI,03892-metadata.xml,/eml:eml/dataset/spatialRaster/attributeList/attribute/measurementScale/interval/unit/customUnit
KUBI,03892-metadata.xml,/eml:eml/dataset/spatialRaster/attributeList/attribute/measurementScale/interval/numericDomain/numberType
KUBI,03892-metadata.xml,/eml:eml/dataset/spatialRaster/attributeList/attribute/measurementScale/interval/numericDomain/bounds/minimum
KUBI,03892-metadata.xml,/eml:eml/dataset/spatialRaster/attributeList/attribute/measurementScale/interval/numericDomain/bounds/minimum/@exclusive
KUBI,03892-metadata.xml,/eml:eml/dataset/spatialRaster/attributeList/attribute/measurementScale/interval/numericDomain/bounds/maximum
KUBI,03892-metadata.xml,/eml:eml/dataset/spatialRaster/attributeList/attribute/measurementScale/interval/numericDomain/bounds/maximum/@exclusive
KUBI,03892-metadata.xml,/eml:eml/dataset/spatialRaster/spatialReference/horizCoordSysDef/@name
KUBI,03892-metadata.xml,/eml:eml/dataset/spatialRaster/spatialReference/horizCoordSysDef/geogCoordSys/datum/@name
KUBI,03892-metadata.xml,/eml:eml/dataset/spatialRaster/spatialReference/horizCoordSysDef/geogCoordSys/spheroid/@denomFlatRatio
KUBI,03892-metadata.xml,/eml:eml/dataset/spatialRaster/spatialReference/horizCoordSysDef/geogCoordSys/spheroid/@name
KUBI,03892-metadata.xml,/eml:eml/dataset/spatialRaster/spatialReference/horizCoordSysDef/geogCoordSys/spheroid/@semiAxisMajor
KUBI,03892-metadata.xml,/eml:eml/dataset/spatialRaster/spatialReference/horizCoordSysDef/geogCoordSys/primeMeridian/@longitude
KUBI,03892-metadata.xml,/eml:eml/dataset/spatialRaster/spatialReference/horizCoordSysDef/geogCoordSys/primeMeridian/@name
KUBI,03892-metadata.xml,/eml:eml/dataset/spatialRaster/spatialReference/horizCoordSysDef/geogCoordSys/unit/@name
KUBI,03892-metadata.xml,/eml:eml/dataset/spatialRaster/horizontalAccuracy/accuracyReport
KUBI,03892-metadata.xml,/eml:eml/dataset/spatialRaster/verticalAccuracy/accuracyReport
KUBI,03892-metadata.xml,/eml:eml/dataset/spatialRaster/cellSizeXDirection
KUBI,03892-metadata.xml,/eml:eml/dataset/spatialRaster/cellSizeYDirection
KUBI,03892-metadata.xml,/eml:eml/dataset/spatialRaster/numberOfBands
KUBI,03892-metadata.xml,/eml:eml/dataset/spatialRaster/rasterOrigin
KUBI,03892-metadata.xml,/eml:eml/dataset/spatialRaster/rows
KUBI,03892-metadata.xml,/eml:eml/dataset/spatialRaster/columns
KUBI,03892-metadata.xml,/eml:eml/dataset/spatialRaster/verticals
KUBI,03892-metadata.xml,/eml:eml/dataset/spatialRaster/cellGeometry
KUBI,03892-metadata.xml,/eml:eml/additionalMetadata/metadata/unitList/ns2:unit/@id
KUBI,03892-metadata.xml,/eml:eml/additionalMetadata/metadata/unitList/ns2:unit/@multiplierToSI
KUBI,03892-metadata.xml,/eml:eml/additionalMetadata/metadata/unitList/ns2:unit/@parentSI
KUBI,03892-metadata.xml,/eml:eml/additionalMetadata/metadata/unitList/ns2:unit/ns2:description
KUBI,03893-metadata.xml,/eml:eml/@packageId
KUBI,03893-metadata.xml,/eml:eml/@system
KUBI,03893-metadata.xml,/eml:eml/@xsi:schemaLocation
KUBI,03893-metadata.xml,/eml:eml/dataset/title
KUBI,03893-metadata.xml,/eml:eml/dataset/creator/organizationName
KUBI,03893-metadata.xml,/eml:eml/dataset/keywordSet/keyword
KUBI,03893-metadata.xml,/eml:eml/dataset/keywordSet/keyword
KUBI,03893-metadata.xml,/eml:eml/dataset/keywordSet/keyword
KUBI,03893-metadata.xml,/eml:eml/dataset/keywordSet/keyword
KUBI,03893-metadata.xml,/eml:eml/dataset/keywordSet/keyword
KUBI,03893-metadata.xml,/eml:eml/dataset/coverage/geographicCoverage/geographicDescription
KUBI,03893-metadata.xml,/eml:eml/dataset/coverage/geographicCoverage/boundingCoordinates/westBoundingCoordinate
KUBI,03893-metadata.xml,/eml:eml/dataset/coverage/geographicCoverage/boundingCoordinates/eastBoundingCoordinate
KUBI,03893-metadata.xml,/eml:eml/dataset/coverage/geographicCoverage/boundingCoordinates/northBoundingCoordinate
KUBI,03893-metadata.xml,/eml:eml/dataset/coverage/geographicCoverage/boundingCoordinates/southBoundingCoordinate
KUBI,03893-metadata.xml,/eml:eml/dataset/coverage/temporalCoverage/rangeOfDates/beginDate/calendarDate
KUBI,03893-metadata.xml,/eml:eml/dataset/coverage/temporalCoverage/rangeOfDates/endDate/calendarDate
KUBI,03893-metadata.xml,/eml:eml/dataset/contact/organizationName
KUBI,03893-metadata.xml,/eml:eml/dataset/contact/address/deliveryPoint
KUBI,03893-metadata.xml,/eml:eml/dataset/contact/address/city
KUBI,03893-metadata.xml,/eml:eml/dataset/contact/address/administrativeArea
KUBI,03893-metadata.xml,/eml:eml/dataset/contact/address/postalCode
KUBI,03893-metadata.xml,/eml:eml/dataset/contact/address/country
KUBI,03893-metadata.xml,/eml:eml/dataset/contact/electronicMailAddress
KUBI,03893-metadata.xml,/eml:eml/dataset/contact/onlineUrl
KUBI,03893-metadata.xml,/eml:eml/dataset/spatialRaster/entityName
KUBI,03893-metadata.xml,/eml:eml/dataset/spatialRaster/physical/objectName
KUBI,03893-metadata.xml,/eml:eml/dataset/spatialRaster/physical/dataFormat/externallyDefinedFormat/formatName
KUBI,03893-metadata.xml,/eml:eml/dataset/spatialRaster/physical/distribution/online/url
KUBI,03893-metadata.xml,/eml:eml/dataset/spatialRaster/physical/distribution/online/url/@function
KUBI,03893-metadata.xml,/eml:eml/dataset/spatialRaster/attributeList/attribute/attributeName
KUBI,03893-metadata.xml,/eml:eml/dataset/spatialRaster/attributeList/attribute/attributeDefinition
KUBI,03893-metadata.xml,/eml:eml/dataset/spatialRaster/attributeList/attribute/storageType
KUBI,03893-metadata.xml,/eml:eml/dataset/spatialRaster/attributeList/attribute/measurementScale/interval/unit/customUnit
KUBI,03893-metadata.xml,/eml:eml/dataset/spatialRaster/attributeList/attribute/measurementScale/interval/numericDomain/numberType
KUBI,03893-metadata.xml,/eml:eml/dataset/spatialRaster/attributeList/attribute/measurementScale/interval/numericDomain/bounds/minimum
KUBI,03893-metadata.xml,/eml:eml/dataset/spatialRaster/attributeList/attribute/measurementScale/interval/numericDomain/bounds/minimum/@exclusive
KUBI,03893-metadata.xml,/eml:eml/dataset/spatialRaster/attributeList/attribute/measurementScale/interval/numericDomain/bounds/maximum
KUBI,03893-metadata.xml,/eml:eml/dataset/spatialRaster/attributeList/attribute/measurementScale/interval/numericDomain/bounds/maximum/@exclusive
KUBI,03893-metadata.xml,/eml:eml/dataset/spatialRaster/spatialReference/horizCoordSysDef/@name
KUBI,03893-metadata.xml,/eml:eml/dataset/spatialRaster/spatialReference/horizCoordSysDef/geogCoordSys/datum/@name
KUBI,03893-metadata.xml,/eml:eml/dataset/spatialRaster/spatialReference/horizCoordSysDef/geogCoordSys/spheroid/@denomFlatRatio
KUBI,03893-metadata.xml,/eml:eml/dataset/spatialRaster/spatialReference/horizCoordSysDef/geogCoordSys/spheroid/@name
KUBI,03893-metadata.xml,/eml:eml/dataset/spatialRaster/spatialReference/horizCoordSysDef/geogCoordSys/spheroid/@semiAxisMajor
KUBI,03893-metadata.xml,/eml:eml/dataset/spatialRaster/spatialReference/horizCoordSysDef/geogCoordSys/primeMeridian/@longitude
KUBI,03893-metadata.xml,/eml:eml/dataset/spatialRaster/spatialReference/horizCoordSysDef/geogCoordSys/primeMeridian/@name
KUBI,03893-metadata.xml,/eml:eml/dataset/spatialRaster/spatialReference/horizCoordSysDef/geogCoordSys/unit/@name
KUBI,03893-metadata.xml,/eml:eml/dataset/spatialRaster/horizontalAccuracy/accuracyReport
KUBI,03893-metadata.xml,/eml:eml/dataset/spatialRaster/verticalAccuracy/accuracyReport
KUBI,03893-metadata.xml,/eml:eml/dataset/spatialRaster/cellSizeXDirection
KUBI,03893-metadata.xml,/eml:eml/dataset/spatialRaster/cellSizeYDirection
KUBI,03893-metadata.xml,/eml:eml/dataset/spatialRaster/numberOfBands
KUBI,03893-metadata.xml,/eml:eml/dataset/spatialRaster/rasterOrigin
KUBI,03893-metadata.xml,/eml:eml/dataset/spatialRaster/rows
KUBI,03893-metadata.xml,/eml:eml/dataset/spatialRaster/columns
KUBI,03893-metadata.xml,/eml:eml/dataset/spatialRaster/verticals
KUBI,03893-metadata.xml,/eml:eml/dataset/spatialRaster/cellGeometry
KUBI,03893-metadata.xml,/eml:eml/additionalMetadata/metadata/unitList/ns2:unit/@id
KUBI,03893-metadata.xml,/eml:eml/additionalMetadata/metadata/unitList/ns2:unit/@multiplierToSI
KUBI,03893-metadata.xml,/eml:eml/additionalMetadata/metadata/unitList/ns2:unit/@parentSI
KUBI,03893-metadata.xml,/eml:eml/additionalMetadata/metadata/unitList/ns2:unit/ns2:description
KUBI,03894-metadata.xml,/eml:eml/@packageId
KUBI,03894-metadata.xml,/eml:eml/@system
KUBI,03894-metadata.xml,/eml:eml/@xsi:schemaLocation
KUBI,03894-metadata.xml,/eml:eml/dataset/title
KUBI,03894-metadata.xml,/eml:eml/dataset/creator/organizationName
KUBI,03894-metadata.xml,/eml:eml/dataset/keywordSet/keyword
KUBI,03894-metadata.xml,/eml:eml/dataset/keywordSet/keyword
KUBI,03894-metadata.xml,/eml:eml/dataset/keywordSet/keyword
KUBI,03894-metadata.xml,/eml:eml/dataset/keywordSet/keyword
KUBI,03894-metadata.xml,/eml:eml/dataset/coverage/geographicCoverage/geographicDescription
KUBI,03894-metadata.xml,/eml:eml/dataset/coverage/geographicCoverage/boundingCoordinates/westBoundingCoordinate
KUBI,03894-metadata.xml,/eml:eml/dataset/coverage/geographicCoverage/boundingCoordinates/eastBoundingCoordinate
KUBI,03894-metadata.xml,/eml:eml/dataset/coverage/geographicCoverage/boundingCoordinates/northBoundingCoordinate
KUBI,03894-metadata.xml,/eml:eml/dataset/coverage/geographicCoverage/boundingCoordinates/southBoundingCoordinate
KUBI,03894-metadata.xml,/eml:eml/dataset/coverage/temporalCoverage/rangeOfDates/beginDate/calendarDate
KUBI,03894-metadata.xml,/eml:eml/dataset/coverage/temporalCoverage/rangeOfDates/endDate/calendarDate
KUBI,03894-metadata.xml,/eml:eml/dataset/contact/organizationName
KUBI,03894-metadata.xml,/eml:eml/dataset/contact/address/deliveryPoint
KUBI,03894-metadata.xml,/eml:eml/dataset/contact/address/city
KUBI,03894-metadata.xml,/eml:eml/dataset/contact/address/administrativeArea
KUBI,03894-metadata.xml,/eml:eml/dataset/contact/address/postalCode
KUBI,03894-metadata.xml,/eml:eml/dataset/contact/address/country
KUBI,03894-metadata.xml,/eml:eml/dataset/contact/electronicMailAddress
KUBI,03894-metadata.xml,/eml:eml/dataset/contact/onlineUrl
KUBI,03894-metadata.xml,/eml:eml/dataset/spatialRaster/entityName
KUBI,03894-metadata.xml,/eml:eml/dataset/spatialRaster/physical/objectName
KUBI,03894-metadata.xml,/eml:eml/dataset/spatialRaster/physical/dataFormat/externallyDefinedFormat/formatName
KUBI,03894-metadata.xml,/eml:eml/dataset/spatialRaster/physical/distribution/online/url
KUBI,03894-metadata.xml,/eml:eml/dataset/spatialRaster/physical/distribution/online/url/@function
KUBI,03894-metadata.xml,/eml:eml/dataset/spatialRaster/attributeList/attribute/attributeName
KUBI,03894-metadata.xml,/eml:eml/dataset/spatialRaster/attributeList/attribute/attributeDefinition
KUBI,03894-metadata.xml,/eml:eml/dataset/spatialRaster/attributeList/attribute/storageType
KUBI,03894-metadata.xml,/eml:eml/dataset/spatialRaster/attributeList/attribute/measurementScale/interval/unit/standardUnit
KUBI,03894-metadata.xml,/eml:eml/dataset/spatialRaster/attributeList/attribute/measurementScale/interval/numericDomain/numberType
KUBI,03894-metadata.xml,/eml:eml/dataset/spatialRaster/attributeList/attribute/measurementScale/interval/numericDomain/bounds/minimum
KUBI,03894-metadata.xml,/eml:eml/dataset/spatialRaster/attributeList/attribute/measurementScale/interval/numericDomain/bounds/minimum/@exclusive
KUBI,03894-metadata.xml,/eml:eml/dataset/spatialRaster/attributeList/attribute/measurementScale/interval/numericDomain/bounds/maximum
KUBI,03894-metadata.xml,/eml:eml/dataset/spatialRaster/attributeList/attribute/measurementScale/interval/numericDomain/bounds/maximum/@exclusive
KUBI,03894-metadata.xml,/eml:eml/dataset/spatialRaster/spatialReference/horizCoordSysDef/@name
KUBI,03894-metadata.xml,/eml:eml/dataset/spatialRaster/spatialReference/horizCoordSysDef/geogCoordSys/datum/@name
KUBI,03894-metadata.xml,/eml:eml/dataset/spatialRaster/spatialReference/horizCoordSysDef/geogCoordSys/spheroid/@denomFlatRatio
KUBI,03894-metadata.xml,/eml:eml/dataset/spatialRaster/spatialReference/horizCoordSysDef/geogCoordSys/spheroid/@name
KUBI,03894-metadata.xml,/eml:eml/dataset/spatialRaster/spatialReference/horizCoordSysDef/geogCoordSys/spheroid/@semiAxisMajor
KUBI,03894-metadata.xml,/eml:eml/dataset/spatialRaster/spatialReference/horizCoordSysDef/geogCoordSys/primeMeridian/@longitude
KUBI,03894-metadata.xml,/eml:eml/dataset/spatialRaster/spatialReference/horizCoordSysDef/geogCoordSys/primeMeridian/@name
KUBI,03894-metadata.xml,/eml:eml/dataset/spatialRaster/spatialReference/horizCoordSysDef/geogCoordSys/unit/@name
KUBI,03894-metadata.xml,/eml:eml/dataset/spatialRaster/horizontalAccuracy/accuracyReport
KUBI,03894-metadata.xml,/eml:eml/dataset/spatialRaster/verticalAccuracy/accuracyReport
KUBI,03894-metadata.xml,/eml:eml/dataset/spatialRaster/cellSizeXDirection
KUBI,03894-metadata.xml,/eml:eml/dataset/spatialRaster/cellSizeYDirection
KUBI,03894-metadata.xml,/eml:eml/dataset/spatialRaster/numberOfBands
KUBI,03894-metadata.xml,/eml:eml/dataset/spatialRaster/rasterOrigin
KUBI,03894-metadata.xml,/eml:eml/dataset/spatialRaster/rows
KUBI,03894-metadata.xml,/eml:eml/dataset/spatialRaster/columns
KUBI,03894-metadata.xml,/eml:eml/dataset/spatialRaster/verticals
KUBI,03894-metadata.xml,/eml:eml/dataset/spatialRaster/cellGeometry
KUBI,03895-metadata.xml,/eml:eml/@packageId
KUBI,03895-metadata.xml,/eml:eml/@system
KUBI,03895-metadata.xml,/eml:eml/@xsi:schemaLocation
KUBI,03895-metadata.xml,/eml:eml/dataset/title
KUBI,03895-metadata.xml,/eml:eml/dataset/creator/organizationName
KUBI,03895-metadata.xml,/eml:eml/dataset/keywordSet/keyword
KUBI,03895-metadata.xml,/eml:eml/dataset/keywordSet/keyword
KUBI,03895-metadata.xml,/eml:eml/dataset/keywordSet/keyword
KUBI,03895-metadata.xml,/eml:eml/dataset/keywordSet/keyword
KUBI,03895-metadata.xml,/eml:eml/dataset/coverage/geographicCoverage/geographicDescription
KUBI,03895-metadata.xml,/eml:eml/dataset/coverage/geographicCoverage/boundingCoordinates/westBoundingCoordinate
KUBI,03895-metadata.xml,/eml:eml/dataset/coverage/geographicCoverage/boundingCoordinates/eastBoundingCoordinate
KUBI,03895-metadata.xml,/eml:eml/dataset/coverage/geographicCoverage/boundingCoordinates/northBoundingCoordinate
KUBI,03895-metadata.xml,/eml:eml/dataset/coverage/geographicCoverage/boundingCoordinates/southBoundingCoordinate
KUBI,03895-metadata.xml,/eml:eml/dataset/coverage/temporalCoverage/rangeOfDates/beginDate/calendarDate
KUBI,03895-metadata.xml,/eml:eml/dataset/coverage/temporalCoverage/rangeOfDates/endDate/calendarDate
KUBI,03895-metadata.xml,/eml:eml/dataset/contact/organizationName
KUBI,03895-metadata.xml,/eml:eml/dataset/contact/address/deliveryPoint
KUBI,03895-metadata.xml,/eml:eml/dataset/contact/address/city
KUBI,03895-metadata.xml,/eml:eml/dataset/contact/address/administrativeArea
KUBI,03895-metadata.xml,/eml:eml/dataset/contact/address/postalCode
KUBI,03895-metadata.xml,/eml:eml/dataset/contact/address/country
KUBI,03895-metadata.xml,/eml:eml/dataset/contact/electronicMailAddress
KUBI,03895-metadata.xml,/eml:eml/dataset/contact/onlineUrl
KUBI,03895-metadata.xml,/eml:eml/dataset/spatialRaster/entityName
KUBI,03895-metadata.xml,/eml:eml/dataset/spatialRaster/physical/objectName
KUBI,03895-metadata.xml,/eml:eml/dataset/spatialRaster/physical/dataFormat/externallyDefinedFormat/formatName
KUBI,03895-metadata.xml,/eml:eml/dataset/spatialRaster/physical/distribution/online/url
KUBI,03895-metadata.xml,/eml:eml/dataset/spatialRaster/physical/distribution/online/url/@function
KUBI,03895-metadata.xml,/eml:eml/dataset/spatialRaster/attributeList/attribute/attributeName
KUBI,03895-metadata.xml,/eml:eml/dataset/spatialRaster/attributeList/attribute/attributeDefinition
KUBI,03895-metadata.xml,/eml:eml/dataset/spatialRaster/attributeList/attribute/storageType
KUBI,03895-metadata.xml,/eml:eml/dataset/spatialRaster/attributeList/attribute/measurementScale/interval/unit/standardUnit
KUBI,03895-metadata.xml,/eml:eml/dataset/spatialRaster/attributeList/attribute/measurementScale/interval/numericDomain/numberType
KUBI,03895-metadata.xml,/eml:eml/dataset/spatialRaster/attributeList/attribute/measurementScale/interval/numericDomain/bounds/minimum
KUBI,03895-metadata.xml,/eml:eml/dataset/spatialRaster/attributeList/attribute/measurementScale/interval/numericDomain/bounds/minimum/@exclusive
KUBI,03895-metadata.xml,/eml:eml/dataset/spatialRaster/attributeList/attribute/measurementScale/interval/numericDomain/bounds/maximum
KUBI,03895-metadata.xml,/eml:eml/dataset/spatialRaster/attributeList/attribute/measurementScale/interval/numericDomain/bounds/maximum/@exclusive
KUBI,03895-metadata.xml,/eml:eml/dataset/spatialRaster/spatialReference/horizCoordSysDef/@name
KUBI,03895-metadata.xml,/eml:eml/dataset/spatialRaster/spatialReference/horizCoordSysDef/geogCoordSys/datum/@name
KUBI,03895-metadata.xml,/eml:eml/dataset/spatialRaster/spatialReference/horizCoordSysDef/geogCoordSys/spheroid/@denomFlatRatio
KUBI,03895-metadata.xml,/eml:eml/dataset/spatialRaster/spatialReference/horizCoordSysDef/geogCoordSys/spheroid/@name
KUBI,03895-metadata.xml,/eml:eml/dataset/spatialRaster/spatialReference/horizCoordSysDef/geogCoordSys/spheroid/@semiAxisMajor
KUBI,03895-metadata.xml,/eml:eml/dataset/spatialRaster/spatialReference/horizCoordSysDef/geogCoordSys/primeMeridian/@longitude
KUBI,03895-metadata.xml,/eml:eml/dataset/spatialRaster/spatialReference/horizCoordSysDef/geogCoordSys/primeMeridian/@name
KUBI,03895-metadata.xml,/eml:eml/dataset/spatialRaster/spatialReference/horizCoordSysDef/geogCoordSys/unit/@name
KUBI,03895-metadata.xml,/eml:eml/dataset/spatialRaster/horizontalAccuracy/accuracyReport
KUBI,03895-metadata.xml,/eml:eml/dataset/spatialRaster/verticalAccuracy/accuracyReport
KUBI,03895-metadata.xml,/eml:eml/dataset/spatialRaster/cellSizeXDirection
KUBI,03895-metadata.xml,/eml:eml/dataset/spatialRaster/cellSizeYDirection
KUBI,03895-metadata.xml,/eml:eml/dataset/spatialRaster/numberOfBands
KUBI,03895-metadata.xml,/eml:eml/dataset/spatialRaster/rasterOrigin
KUBI,03895-metadata.xml,/eml:eml/dataset/spatialRaster/rows
KUBI,03895-metadata.xml,/eml:eml/dataset/spatialRaster/columns
KUBI,03895-metadata.xml,/eml:eml/dataset/spatialRaster/verticals
KUBI,03895-metadata.xml,/eml:eml/dataset/spatialRaster/cellGeometry
KUBI,03896-metadata.xml,/eml:eml/@packageId
KUBI,03896-metadata.xml,/eml:eml/@system
KUBI,03896-metadata.xml,/eml:eml/@xsi:schemaLocation
KUBI,03896-metadata.xml,/eml:eml/dataset/title
KUBI,03896-metadata.xml,/eml:eml/dataset/creator/organizationName
KUBI,03896-metadata.xml,/eml:eml/dataset/keywordSet/keyword
KUBI,03896-metadata.xml,/eml:eml/dataset/keywordSet/keyword
KUBI,03896-metadata.xml,/eml:eml/dataset/keywordSet/keyword
KUBI,03896-metadata.xml,/eml:eml/dataset/keywordSet/keyword
KUBI,03896-metadata.xml,/eml:eml/dataset/coverage/geographicCoverage/geographicDescription
KUBI,03896-metadata.xml,/eml:eml/dataset/coverage/geographicCoverage/boundingCoordinates/westBoundingCoordinate
KUBI,03896-metadata.xml,/eml:eml/dataset/coverage/geographicCoverage/boundingCoordinates/eastBoundingCoordinate
KUBI,03896-metadata.xml,/eml:eml/dataset/coverage/geographicCoverage/boundingCoordinates/northBoundingCoordinate
KUBI,03896-metadata.xml,/eml:eml/dataset/coverage/geographicCoverage/boundingCoordinates/southBoundingCoordinate
KUBI,03896-metadata.xml,/eml:eml/dataset/coverage/temporalCoverage/rangeOfDates/beginDate/calendarDate
KUBI,03896-metadata.xml,/eml:eml/dataset/coverage/temporalCoverage/rangeOfDates/endDate/calendarDate
KUBI,03896-metadata.xml,/eml:eml/dataset/contact/organizationName
KUBI,03896-metadata.xml,/eml:eml/dataset/contact/address/deliveryPoint
KUBI,03896-metadata.xml,/eml:eml/dataset/contact/address/city
KUBI,03896-metadata.xml,/eml:eml/dataset/contact/address/administrativeArea
KUBI,03896-metadata.xml,/eml:eml/dataset/contact/address/postalCode
KUBI,03896-metadata.xml,/eml:eml/dataset/contact/address/country
KUBI,03896-metadata.xml,/eml:eml/dataset/contact/electronicMailAddress
KUBI,03896-metadata.xml,/eml:eml/dataset/contact/onlineUrl
KUBI,03896-metadata.xml,/eml:eml/dataset/spatialRaster/entityName
KUBI,03896-metadata.xml,/eml:eml/dataset/spatialRaster/physical/objectName
KUBI,03896-metadata.xml,/eml:eml/dataset/spatialRaster/physical/dataFormat/externallyDefinedFormat/formatName
KUBI,03896-metadata.xml,/eml:eml/dataset/spatialRaster/physical/distribution/online/url
KUBI,03896-metadata.xml,/eml:eml/dataset/spatialRaster/physical/distribution/online/url/@function
KUBI,03896-metadata.xml,/eml:eml/dataset/spatialRaster/attributeList/attribute/attributeName
KUBI,03896-metadata.xml,/eml:eml/dataset/spatialRaster/attributeList/attribute/attributeDefinition
KUBI,03896-metadata.xml,/eml:eml/dataset/spatialRaster/attributeList/attribute/storageType
KUBI,03896-metadata.xml,/eml:eml/dataset/spatialRaster/attributeList/attribute/measurementScale/interval/unit/standardUnit
KUBI,03896-metadata.xml,/eml:eml/dataset/spatialRaster/attributeList/attribute/measurementScale/interval/numericDomain/numberType
KUBI,03896-metadata.xml,/eml:eml/dataset/spatialRaster/attributeList/attribute/measurementScale/interval/numericDomain/bounds/minimum
KUBI,03896-metadata.xml,/eml:eml/dataset/spatialRaster/attributeList/attribute/measurementScale/interval/numericDomain/bounds/minimum/@exclusive
KUBI,03896-metadata.xml,/eml:eml/dataset/spatialRaster/attributeList/attribute/measurementScale/interval/numericDomain/bounds/maximum
KUBI,03896-metadata.xml,/eml:eml/dataset/spatialRaster/attributeList/attribute/measurementScale/interval/numericDomain/bounds/maximum/@exclusive
KUBI,03896-metadata.xml,/eml:eml/dataset/spatialRaster/spatialReference/horizCoordSysDef/@name
KUBI,03896-metadata.xml,/eml:eml/dataset/spatialRaster/spatialReference/horizCoordSysDef/geogCoordSys/datum/@name
KUBI,03896-metadata.xml,/eml:eml/dataset/spatialRaster/spatialReference/horizCoordSysDef/geogCoordSys/spheroid/@denomFlatRatio
KUBI,03896-metadata.xml,/eml:eml/dataset/spatialRaster/spatialReference/horizCoordSysDef/geogCoordSys/spheroid/@name
KUBI,03896-metadata.xml,/eml:eml/dataset/spatialRaster/spatialReference/horizCoordSysDef/geogCoordSys/spheroid/@semiAxisMajor
KUBI,03896-metadata.xml,/eml:eml/dataset/spatialRaster/spatialReference/horizCoordSysDef/geogCoordSys/primeMeridian/@longitude
KUBI,03896-metadata.xml,/eml:eml/dataset/spatialRaster/spatialReference/horizCoordSysDef/geogCoordSys/primeMeridian/@name
KUBI,03896-metadata.xml,/eml:eml/dataset/spatialRaster/spatialReference/horizCoordSysDef/geogCoordSys/unit/@name
KUBI,03896-metadata.xml,/eml:eml/dataset/spatialRaster/horizontalAccuracy/accuracyReport
KUBI,03896-metadata.xml,/eml:eml/dataset/spatialRaster/verticalAccuracy/accuracyReport
KUBI,03896-metadata.xml,/eml:eml/dataset/spatialRaster/cellSizeXDirection
KUBI,03896-metadata.xml,/eml:eml/dataset/spatialRaster/cellSizeYDirection
KUBI,03896-metadata.xml,/eml:eml/dataset/spatialRaster/numberOfBands
KUBI,03896-metadata.xml,/eml:eml/dataset/spatialRaster/rasterOrigin
KUBI,03896-metadata.xml,/eml:eml/dataset/spatialRaster/rows
KUBI,03896-metadata.xml,/eml:eml/dataset/spatialRaster/columns
KUBI,03896-metadata.xml,/eml:eml/dataset/spatialRaster/verticals
KUBI,03896-metadata.xml,/eml:eml/dataset/spatialRaster/cellGeometry
KUBI,03897-metadata.xml,/eml:eml/@packageId
KUBI,03897-metadata.xml,/eml:eml/@system
KUBI,03897-metadata.xml,/eml:eml/@xsi:schemaLocation
KUBI,03897-metadata.xml,/eml:eml/dataset/title
KUBI,03897-metadata.xml,/eml:eml/dataset/creator/organizationName
KUBI,03897-metadata.xml,/eml:eml/dataset/keywordSet/keyword
KUBI,03897-metadata.xml,/eml:eml/dataset/keywordSet/keyword
KUBI,03897-metadata.xml,/eml:eml/dataset/keywordSet/keyword
KUBI,03897-metadata.xml,/eml:eml/dataset/keywordSet/keyword
KUBI,03897-metadata.xml,/eml:eml/dataset/coverage/geographicCoverage/geographicDescription
KUBI,03897-metadata.xml,/eml:eml/dataset/coverage/geographicCoverage/boundingCoordinates/westBoundingCoordinate
KUBI,03897-metadata.xml,/eml:eml/dataset/coverage/geographicCoverage/boundingCoordinates/eastBoundingCoordinate
KUBI,03897-metadata.xml,/eml:eml/dataset/coverage/geographicCoverage/boundingCoordinates/northBoundingCoordinate
KUBI,03897-metadata.xml,/eml:eml/dataset/coverage/geographicCoverage/boundingCoordinates/southBoundingCoordinate
KUBI,03897-metadata.xml,/eml:eml/dataset/coverage/temporalCoverage/rangeOfDates/beginDate/calendarDate
KUBI,03897-metadata.xml,/eml:eml/dataset/coverage/temporalCoverage/rangeOfDates/endDate/calendarDate
KUBI,03897-metadata.xml,/eml:eml/dataset/contact/organizationName
KUBI,03897-metadata.xml,/eml:eml/dataset/contact/address/deliveryPoint
KUBI,03897-metadata.xml,/eml:eml/dataset/contact/address/city
KUBI,03897-metadata.xml,/eml:eml/dataset/contact/address/administrativeArea
KUBI,03897-metadata.xml,/eml:eml/dataset/contact/address/postalCode
KUBI,03897-metadata.xml,/eml:eml/dataset/contact/address/country
KUBI,03897-metadata.xml,/eml:eml/dataset/contact/electronicMailAddress
KUBI,03897-metadata.xml,/eml:eml/dataset/contact/onlineUrl
KUBI,03897-metadata.xml,/eml:eml/dataset/spatialRaster/entityName
KUBI,03897-metadata.xml,/eml:eml/dataset/spatialRaster/physical/objectName
KUBI,03897-metadata.xml,/eml:eml/dataset/spatialRaster/physical/dataFormat/externallyDefinedFormat/formatName
KUBI,03897-metadata.xml,/eml:eml/dataset/spatialRaster/physical/distribution/online/url
KUBI,03897-metadata.xml,/eml:eml/dataset/spatialRaster/physical/distribution/online/url/@function
KUBI,03897-metadata.xml,/eml:eml/dataset/spatialRaster/attributeList/attribute/attributeName
KUBI,03897-metadata.xml,/eml:eml/dataset/spatialRaster/attributeList/attribute/attributeDefinition
KUBI,03897-metadata.xml,/eml:eml/dataset/spatialRaster/attributeList/attribute/storageType
KUBI,03897-metadata.xml,/eml:eml/dataset/spatialRaster/attributeList/attribute/measurementScale/interval/unit/customUnit
KUBI,03897-metadata.xml,/eml:eml/dataset/spatialRaster/attributeList/attribute/measurementScale/interval/numericDomain/numberType
KUBI,03897-metadata.xml,/eml:eml/dataset/spatialRaster/attributeList/attribute/measurementScale/interval/numericDomain/bounds/minimum
KUBI,03897-metadata.xml,/eml:eml/dataset/spatialRaster/attributeList/attribute/measurementScale/interval/numericDomain/bounds/minimum/@exclusive
KUBI,03897-metadata.xml,/eml:eml/dataset/spatialRaster/attributeList/attribute/measurementScale/interval/numericDomain/bounds/maximum
KUBI,03897-metadata.xml,/eml:eml/dataset/spatialRaster/attributeList/attribute/measurementScale/interval/numericDomain/bounds/maximum/@exclusive
KUBI,03897-metadata.xml,/eml:eml/dataset/spatialRaster/spatialReference/horizCoordSysDef/@name
KUBI,03897-metadata.xml,/eml:eml/dataset/spatialRaster/spatialReference/horizCoordSysDef/geogCoordSys/datum/@name
KUBI,03897-metadata.xml,/eml:eml/dataset/spatialRaster/spatialReference/horizCoordSysDef/geogCoordSys/spheroid/@denomFlatRatio
KUBI,03897-metadata.xml,/eml:eml/dataset/spatialRaster/spatialReference/horizCoordSysDef/geogCoordSys/spheroid/@name
KUBI,03897-metadata.xml,/eml:eml/dataset/spatialRaster/spatialReference/horizCoordSysDef/geogCoordSys/spheroid/@semiAxisMajor
KUBI,03897-metadata.xml,/eml:eml/dataset/spatialRaster/spatialReference/horizCoordSysDef/geogCoordSys/primeMeridian/@longitude
KUBI,03897-metadata.xml,/eml:eml/dataset/spatialRaster/spatialReference/horizCoordSysDef/geogCoordSys/primeMeridian/@name
KUBI,03897-metadata.xml,/eml:eml/dataset/spatialRaster/spatialReference/horizCoordSysDef/geogCoordSys/unit/@name
KUBI,03897-metadata.xml,/eml:eml/dataset/spatialRaster/horizontalAccuracy/accuracyReport
KUBI,03897-metadata.xml,/eml:eml/dataset/spatialRaster/verticalAccuracy/accuracyReport
KUBI,03897-metadata.xml,/eml:eml/dataset/spatialRaster/cellSizeXDirection
KUBI,03897-metadata.xml,/eml:eml/dataset/spatialRaster/cellSizeYDirection
KUBI,03897-metadata.xml,/eml:eml/dataset/spatialRaster/numberOfBands
KUBI,03897-metadata.xml,/eml:eml/dataset/spatialRaster/rasterOrigin
KUBI,03897-metadata.xml,/eml:eml/dataset/spatialRaster/rows
KUBI,03897-metadata.xml,/eml:eml/dataset/spatialRaster/columns
KUBI,03897-metadata.xml,/eml:eml/dataset/spatialRaster/verticals
KUBI,03897-metadata.xml,/eml:eml/dataset/spatialRaster/cellGeometry
KUBI,03897-metadata.xml,/eml:eml/additionalMetadata/metadata/unitList/ns2:unit/@id
KUBI,03897-metadata.xml,/eml:eml/additionalMetadata/metadata/unitList/ns2:unit/@multiplierToSI
KUBI,03897-metadata.xml,/eml:eml/additionalMetadata/metadata/unitList/ns2:unit/@parentSI
KUBI,03897-metadata.xml,/eml:eml/additionalMetadata/metadata/unitList/ns2:unit/ns2:description
KUBI,03898-metadata.xml,/eml:eml/@packageId
KUBI,03898-metadata.xml,/eml:eml/@system
KUBI,03898-metadata.xml,/eml:eml/@xsi:schemaLocation
KUBI,03898-metadata.xml,/eml:eml/dataset/title
KUBI,03898-metadata.xml,/eml:eml/dataset/creator/organizationName
KUBI,03898-metadata.xml,/eml:eml/dataset/keywordSet/keyword
KUBI,03898-metadata.xml,/eml:eml/dataset/keywordSet/keyword
KUBI,03898-metadata.xml,/eml:eml/dataset/keywordSet/keyword
KUBI,03898-metadata.xml,/eml:eml/dataset/keywordSet/keyword
KUBI,03898-metadata.xml,/eml:eml/dataset/coverage/geographicCoverage/geographicDescription
KUBI,03898-metadata.xml,/eml:eml/dataset/coverage/geographicCoverage/boundingCoordinates/westBoundingCoordinate
KUBI,03898-metadata.xml,/eml:eml/dataset/coverage/geographicCoverage/boundingCoordinates/eastBoundingCoordinate
KUBI,03898-metadata.xml,/eml:eml/dataset/coverage/geographicCoverage/boundingCoordinates/northBoundingCoordinate
KUBI,03898-metadata.xml,/eml:eml/dataset/coverage/geographicCoverage/boundingCoordinates/southBoundingCoordinate
KUBI,03898-metadata.xml,/eml:eml/dataset/coverage/temporalCoverage/rangeOfDates/beginDate/calendarDate
KUBI,03898-metadata.xml,/eml:eml/dataset/coverage/temporalCoverage/rangeOfDates/endDate/calendarDate
KUBI,03898-metadata.xml,/eml:eml/dataset/contact/organizationName
KUBI,03898-metadata.xml,/eml:eml/dataset/contact/address/deliveryPoint
KUBI,03898-metadata.xml,/eml:eml/dataset/contact/address/city
KUBI,03898-metadata.xml,/eml:eml/dataset/contact/address/administrativeArea
KUBI,03898-metadata.xml,/eml:eml/dataset/contact/address/postalCode
KUBI,03898-metadata.xml,/eml:eml/dataset/contact/address/country
KUBI,03898-metadata.xml,/eml:eml/dataset/contact/electronicMailAddress
KUBI,03898-metadata.xml,/eml:eml/dataset/contact/onlineUrl
KUBI,03898-metadata.xml,/eml:eml/dataset/spatialRaster/entityName
KUBI,03898-metadata.xml,/eml:eml/dataset/spatialRaster/physical/objectName
KUBI,03898-metadata.xml,/eml:eml/dataset/spatialRaster/physical/dataFormat/externallyDefinedFormat/formatName
KUBI,03898-metadata.xml,/eml:eml/dataset/spatialRaster/physical/distribution/online/url
KUBI,03898-metadata.xml,/eml:eml/dataset/spatialRaster/physical/distribution/online/url/@function
KUBI,03898-metadata.xml,/eml:eml/dataset/spatialRaster/attributeList/attribute/attributeName
KUBI,03898-metadata.xml,/eml:eml/dataset/spatialRaster/attributeList/attribute/attributeDefinition
KUBI,03898-metadata.xml,/eml:eml/dataset/spatialRaster/attributeList/attribute/storageType
KUBI,03898-metadata.xml,/eml:eml/dataset/spatialRaster/attributeList/attribute/measurementScale/interval/unit/customUnit
KUBI,03898-metadata.xml,/eml:eml/dataset/spatialRaster/attributeList/attribute/measurementScale/interval/numericDomain/numberType
KUBI,03898-metadata.xml,/eml:eml/dataset/spatialRaster/attributeList/attribute/measurementScale/interval/numericDomain/bounds/minimum
KUBI,03898-metadata.xml,/eml:eml/dataset/spatialRaster/attributeList/attribute/measurementScale/interval/numericDomain/bounds/minimum/@exclusive
KUBI,03898-metadata.xml,/eml:eml/dataset/spatialRaster/attributeList/attribute/measurementScale/interval/numericDomain/bounds/maximum
KUBI,03898-metadata.xml,/eml:eml/dataset/spatialRaster/attributeList/attribute/measurementScale/interval/numericDomain/bounds/maximum/@exclusive
KUBI,03898-metadata.xml,/eml:eml/dataset/spatialRaster/spatialReference/horizCoordSysDef/@name
KUBI,03898-metadata.xml,/eml:eml/dataset/spatialRaster/spatialReference/horizCoordSysDef/geogCoordSys/datum/@name
KUBI,03898-metadata.xml,/eml:eml/dataset/spatialRaster/spatialReference/horizCoordSysDef/geogCoordSys/spheroid/@denomFlatRatio
KUBI,03898-metadata.xml,/eml:eml/dataset/spatialRaster/spatialReference/horizCoordSysDef/geogCoordSys/spheroid/@name
KUBI,03898-metadata.xml,/eml:eml/dataset/spatialRaster/spatialReference/horizCoordSysDef/geogCoordSys/spheroid/@semiAxisMajor
KUBI,03898-metadata.xml,/eml:eml/dataset/spatialRaster/spatialReference/horizCoordSysDef/geogCoordSys/primeMeridian/@longitude
KUBI,03898-metadata.xml,/eml:eml/dataset/spatialRaster/spatialReference/horizCoordSysDef/geogCoordSys/primeMeridian/@name
KUBI,03898-metadata.xml,/eml:eml/dataset/spatialRaster/spatialReference/horizCoordSysDef/geogCoordSys/unit/@name
KUBI,03898-metadata.xml,/eml:eml/dataset/spatialRaster/horizontalAccuracy/accuracyReport
KUBI,03898-metadata.xml,/eml:eml/dataset/spatialRaster/verticalAccuracy/accuracyReport
KUBI,03898-metadata.xml,/eml:eml/dataset/spatialRaster/cellSizeXDirection
KUBI,03898-metadata.xml,/eml:eml/dataset/spatialRaster/cellSizeYDirection
KUBI,03898-metadata.xml,/eml:eml/dataset/spatialRaster/numberOfBands
KUBI,03898-metadata.xml,/eml:eml/dataset/spatialRaster/rasterOrigin
KUBI,03898-metadata.xml,/eml:eml/dataset/spatialRaster/rows
KUBI,03898-metadata.xml,/eml:eml/dataset/spatialRaster/columns
KUBI,03898-metadata.xml,/eml:eml/dataset/spatialRaster/verticals
KUBI,03898-metadata.xml,/eml:eml/dataset/spatialRaster/cellGeometry
KUBI,03898-metadata.xml,/eml:eml/additionalMetadata/metadata/unitList/ns2:unit/@id
KUBI,03898-metadata.xml,/eml:eml/additionalMetadata/metadata/unitList/ns2:unit/@multiplierToSI
KUBI,03898-metadata.xml,/eml:eml/additionalMetadata/metadata/unitList/ns2:unit/@parentSI
KUBI,03898-metadata.xml,/eml:eml/additionalMetadata/metadata/unitList/ns2:unit/ns2:description
KUBI,03899-metadata.xml,/eml:eml/@packageId
KUBI,03899-metadata.xml,/eml:eml/@system
KUBI,03899-metadata.xml,/eml:eml/@xsi:schemaLocation
KUBI,03899-metadata.xml,/eml:eml/dataset/title
KUBI,03899-metadata.xml,/eml:eml/dataset/creator/organizationName
KUBI,03899-metadata.xml,/eml:eml/dataset/keywordSet/keyword
KUBI,03899-metadata.xml,/eml:eml/dataset/keywordSet/keyword
KUBI,03899-metadata.xml,/eml:eml/dataset/keywordSet/keyword
KUBI,03899-metadata.xml,/eml:eml/dataset/keywordSet/keyword
KUBI,03899-metadata.xml,/eml:eml/dataset/keywordSet/keyword
KUBI,03899-metadata.xml,/eml:eml/dataset/coverage/geographicCoverage/geographicDescription
KUBI,03899-metadata.xml,/eml:eml/dataset/coverage/geographicCoverage/boundingCoordinates/westBoundingCoordinate
KUBI,03899-metadata.xml,/eml:eml/dataset/coverage/geographicCoverage/boundingCoordinates/eastBoundingCoordinate
KUBI,03899-metadata.xml,/eml:eml/dataset/coverage/geographicCoverage/boundingCoordinates/northBoundingCoordinate
KUBI,03899-metadata.xml,/eml:eml/dataset/coverage/geographicCoverage/boundingCoordinates/southBoundingCoordinate
KUBI,03899-metadata.xml,/eml:eml/dataset/coverage/temporalCoverage/rangeOfDates/beginDate/calendarDate
KUBI,03899-metadata.xml,/eml:eml/dataset/coverage/temporalCoverage/rangeOfDates/endDate/calendarDate
KUBI,03899-metadata.xml,/eml:eml/dataset/contact/organizationName
KUBI,03899-metadata.xml,/eml:eml/dataset/contact/address/deliveryPoint
KUBI,03899-metadata.xml,/eml:eml/dataset/contact/address/city
KUBI,03899-metadata.xml,/eml:eml/dataset/contact/address/administrativeArea
KUBI,03899-metadata.xml,/eml:eml/dataset/contact/address/postalCode
KUBI,03899-metadata.xml,/eml:eml/dataset/contact/address/country
KUBI,03899-metadata.xml,/eml:eml/dataset/contact/electronicMailAddress
KUBI,03899-metadata.xml,/eml:eml/dataset/contact/onlineUrl
KUBI,03899-metadata.xml,/eml:eml/dataset/spatialRaster/entityName
KUBI,03899-metadata.xml,/eml:eml/dataset/spatialRaster/physical/objectName
KUBI,03899-metadata.xml,/eml:eml/dataset/spatialRaster/physical/dataFormat/externallyDefinedFormat/formatName
KUBI,03899-metadata.xml,/eml:eml/dataset/spatialRaster/physical/distribution/online/url
KUBI,03899-metadata.xml,/eml:eml/dataset/spatialRaster/physical/distribution/online/url/@function
KUBI,03899-metadata.xml,/eml:eml/dataset/spatialRaster/attributeList/attribute/attributeName
KUBI,03899-metadata.xml,/eml:eml/dataset/spatialRaster/attributeList/attribute/attributeDefinition
KUBI,03899-metadata.xml,/eml:eml/dataset/spatialRaster/attributeList/attribute/storageType
KUBI,03899-metadata.xml,/eml:eml/dataset/spatialRaster/attributeList/attribute/measurementScale/interval/unit/customUnit
KUBI,03899-metadata.xml,/eml:eml/dataset/spatialRaster/attributeList/attribute/measurementScale/interval/numericDomain/numberType
KUBI,03899-metadata.xml,/eml:eml/dataset/spatialRaster/attributeList/attribute/measurementScale/interval/numericDomain/bounds/minimum
KUBI,03899-metadata.xml,/eml:eml/dataset/spatialRaster/attributeList/attribute/measurementScale/interval/numericDomain/bounds/minimum/@exclusive
KUBI,03899-metadata.xml,/eml:eml/dataset/spatialRaster/attributeList/attribute/measurementScale/interval/numericDomain/bounds/maximum
KUBI,03899-metadata.xml,/eml:eml/dataset/spatialRaster/attributeList/attribute/measurementScale/interval/numericDomain/bounds/maximum/@exclusive
KUBI,03899-metadata.xml,/eml:eml/dataset/spatialRaster/spatialReference/horizCoordSysDef/@name
KUBI,03899-metadata.xml,/eml:eml/dataset/spatialRaster/spatialReference/horizCoordSysDef/geogCoordSys/datum/@name
KUBI,03899-metadata.xml,/eml:eml/dataset/spatialRaster/spatialReference/horizCoordSysDef/geogCoordSys/spheroid/@denomFlatRatio
KUBI,03899-metadata.xml,/eml:eml/dataset/spatialRaster/spatialReference/horizCoordSysDef/geogCoordSys/spheroid/@name
KUBI,03899-metadata.xml,/eml:eml/dataset/spatialRaster/spatialReference/horizCoordSysDef/geogCoordSys/spheroid/@semiAxisMajor
KUBI,03899-metadata.xml,/eml:eml/dataset/spatialRaster/spatialReference/horizCoordSysDef/geogCoordSys/primeMeridian/@longitude
KUBI,03899-metadata.xml,/eml:eml/dataset/spatialRaster/spatialReference/horizCoordSysDef/geogCoordSys/primeMeridian/@name
KUBI,03899-metadata.xml,/eml:eml/dataset/spatialRaster/spatialReference/horizCoordSysDef/geogCoordSys/unit/@name
KUBI,03899-metadata.xml,/eml:eml/dataset/spatialRaster/horizontalAccuracy/accuracyReport
KUBI,03899-metadata.xml,/eml:eml/dataset/spatialRaster/verticalAccuracy/accuracyReport
KUBI,03899-metadata.xml,/eml:eml/dataset/spatialRaster/cellSizeXDirection
KUBI,03899-metadata.xml,/eml:eml/dataset/spatialRaster/cellSizeYDirection
KUBI,03899-metadata.xml,/eml:eml/dataset/spatialRaster/numberOfBands
KUBI,03899-metadata.xml,/eml:eml/dataset/spatialRaster/rasterOrigin
KUBI,03899-metadata.xml,/eml:eml/dataset/spatialRaster/rows
KUBI,03899-metadata.xml,/eml:eml/dataset/spatialRaster/columns
KUBI,03899-metadata.xml,/eml:eml/dataset/spatialRaster/verticals
KUBI,03899-metadata.xml,/eml:eml/dataset/spatialRaster/cellGeometry
KUBI,03899-metadata.xml,/eml:eml/additionalMetadata/metadata/unitList/ns2:unit/@id
KUBI,03899-metadata.xml,/eml:eml/additionalMetadata/metadata/unitList/ns2:unit/@multiplierToSI
KUBI,03899-metadata.xml,/eml:eml/additionalMetadata/metadata/unitList/ns2:unit/@parentSI
KUBI,03899-metadata.xml,/eml:eml/additionalMetadata/metadata/unitList/ns2:unit/ns2:description
KUBI,03900-metadata.xml,/eml:eml/@packageId
KUBI,03900-metadata.xml,/eml:eml/@system
KUBI,03900-metadata.xml,/eml:eml/@xsi:schemaLocation
KUBI,03900-metadata.xml,/eml:eml/dataset/title
KUBI,03900-metadata.xml,/eml:eml/dataset/creator/organizationName
KUBI,03900-metadata.xml,/eml:eml/dataset/keywordSet/keyword
KUBI,03900-metadata.xml,/eml:eml/dataset/keywordSet/keyword
KUBI,03900-metadata.xml,/eml:eml/dataset/keywordSet/keyword
KUBI,03900-metadata.xml,/eml:eml/dataset/keywordSet/keyword
KUBI,03900-metadata.xml,/eml:eml/dataset/keywordSet/keyword
KUBI,03900-metadata.xml,/eml:eml/dataset/coverage/geographicCoverage/geographicDescription
KUBI,03900-metadata.xml,/eml:eml/dataset/coverage/geographicCoverage/boundingCoordinates/westBoundingCoordinate
KUBI,03900-metadata.xml,/eml:eml/dataset/coverage/geographicCoverage/boundingCoordinates/eastBoundingCoordinate
KUBI,03900-metadata.xml,/eml:eml/dataset/coverage/geographicCoverage/boundingCoordinates/northBoundingCoordinate
KUBI,03900-metadata.xml,/eml:eml/dataset/coverage/geographicCoverage/boundingCoordinates/southBoundingCoordinate
KUBI,03900-metadata.xml,/eml:eml/dataset/coverage/temporalCoverage/rangeOfDates/beginDate/calendarDate
KUBI,03900-metadata.xml,/eml:eml/dataset/coverage/temporalCoverage/rangeOfDates/endDate/calendarDate
KUBI,03900-metadata.xml,/eml:eml/dataset/contact/organizationName
KUBI,03900-metadata.xml,/eml:eml/dataset/contact/address/deliveryPoint
KUBI,03900-metadata.xml,/eml:eml/dataset/contact/address/city
KUBI,03900-metadata.xml,/eml:eml/dataset/contact/address/administrativeArea
KUBI,03900-metadata.xml,/eml:eml/dataset/contact/address/postalCode
KUBI,03900-metadata.xml,/eml:eml/dataset/contact/address/country
KUBI,03900-metadata.xml,/eml:eml/dataset/contact/electronicMailAddress
KUBI,03900-metadata.xml,/eml:eml/dataset/contact/onlineUrl
KUBI,03900-metadata.xml,/eml:eml/dataset/spatialRaster/entityName
KUBI,03900-metadata.xml,/eml:eml/dataset/spatialRaster/physical/objectName
KUBI,03900-metadata.xml,/eml:eml/dataset/spatialRaster/physical/dataFormat/externallyDefinedFormat/formatName
KUBI,03900-metadata.xml,/eml:eml/dataset/spatialRaster/physical/distribution/online/url
KUBI,03900-metadata.xml,/eml:eml/dataset/spatialRaster/physical/distribution/online/url/@function
KUBI,03900-metadata.xml,/eml:eml/dataset/spatialRaster/attributeList/attribute/attributeName
KUBI,03900-metadata.xml,/eml:eml/dataset/spatialRaster/attributeList/attribute/attributeDefinition
KUBI,03900-metadata.xml,/eml:eml/dataset/spatialRaster/attributeList/attribute/storageType
KUBI,03900-metadata.xml,/eml:eml/dataset/spatialRaster/attributeList/attribute/measurementScale/interval/unit/customUnit
KUBI,03900-metadata.xml,/eml:eml/dataset/spatialRaster/attributeList/attribute/measurementScale/interval/numericDomain/numberType
KUBI,03900-metadata.xml,/eml:eml/dataset/spatialRaster/attributeList/attribute/measurementScale/interval/numericDomain/bounds/minimum
KUBI,03900-metadata.xml,/eml:eml/dataset/spatialRaster/attributeList/attribute/measurementScale/interval/numericDomain/bounds/minimum/@exclusive
KUBI,03900-metadata.xml,/eml:eml/dataset/spatialRaster/attributeList/attribute/measurementScale/interval/numericDomain/bounds/maximum
KUBI,03900-metadata.xml,/eml:eml/dataset/spatialRaster/attributeList/attribute/measurementScale/interval/numericDomain/bounds/maximum/@exclusive
KUBI,03900-metadata.xml,/eml:eml/dataset/spatialRaster/spatialReference/horizCoordSysDef/@name
KUBI,03900-metadata.xml,/eml:eml/dataset/spatialRaster/spatialReference/horizCoordSysDef/geogCoordSys/datum/@name
KUBI,03900-metadata.xml,/eml:eml/dataset/spatialRaster/spatialReference/horizCoordSysDef/geogCoordSys/spheroid/@denomFlatRatio
KUBI,03900-metadata.xml,/eml:eml/dataset/spatialRaster/spatialReference/horizCoordSysDef/geogCoordSys/spheroid/@name
KUBI,03900-metadata.xml,/eml:eml/dataset/spatialRaster/spatialReference/horizCoordSysDef/geogCoordSys/spheroid/@semiAxisMajor
KUBI,03900-metadata.xml,/eml:eml/dataset/spatialRaster/spatialReference/horizCoordSysDef/geogCoordSys/primeMeridian/@longitude
KUBI,03900-metadata.xml,/eml:eml/dataset/spatialRaster/spatialReference/horizCoordSysDef/geogCoordSys/primeMeridian/@name
KUBI,03900-metadata.xml,/eml:eml/dataset/spatialRaster/spatialReference/horizCoordSysDef/geogCoordSys/unit/@name
KUBI,03900-metadata.xml,/eml:eml/dataset/spatialRaster/horizontalAccuracy/accuracyReport
KUBI,03900-metadata.xml,/eml:eml/dataset/spatialRaster/verticalAccuracy/accuracyReport
KUBI,03900-metadata.xml,/eml:eml/dataset/spatialRaster/cellSizeXDirection
KUBI,03900-metadata.xml,/eml:eml/dataset/spatialRaster/cellSizeYDirection
KUBI,03900-metadata.xml,/eml:eml/dataset/spatialRaster/numberOfBands
KUBI,03900-metadata.xml,/eml:eml/dataset/spatialRaster/rasterOrigin
KUBI,03900-metadata.xml,/eml:eml/dataset/spatialRaster/rows
KUBI,03900-metadata.xml,/eml:eml/dataset/spatialRaster/columns
KUBI,03900-metadata.xml,/eml:eml/dataset/spatialRaster/verticals
KUBI,03900-metadata.xml,/eml:eml/dataset/spatialRaster/cellGeometry
KUBI,03900-metadata.xml,/eml:eml/additionalMetadata/metadata/unitList/ns2:unit/@id
KUBI,03900-metadata.xml,/eml:eml/additionalMetadata/metadata/unitList/ns2:unit/@multiplierToSI
KUBI,03900-metadata.xml,/eml:eml/additionalMetadata/metadata/unitList/ns2:unit/@parentSI
KUBI,03900-metadata.xml,/eml:eml/additionalMetadata/metadata/unitList/ns2:unit/ns2:description
KUBI,03901-metadata.xml,/eml:eml/@packageId
KUBI,03901-metadata.xml,/eml:eml/@system
KUBI,03901-metadata.xml,/eml:eml/@xsi:schemaLocation
KUBI,03901-metadata.xml,/eml:eml/dataset/title
KUBI,03901-metadata.xml,/eml:eml/dataset/creator/organizationName
KUBI,03901-metadata.xml,/eml:eml/dataset/keywordSet/keyword
KUBI,03901-metadata.xml,/eml:eml/dataset/keywordSet/keyword
KUBI,03901-metadata.xml,/eml:eml/dataset/keywordSet/keyword
KUBI,03901-metadata.xml,/eml:eml/dataset/keywordSet/keyword
KUBI,03901-metadata.xml,/eml:eml/dataset/keywordSet/keyword
KUBI,03901-metadata.xml,/eml:eml/dataset/coverage/geographicCoverage/geographicDescription
KUBI,03901-metadata.xml,/eml:eml/dataset/coverage/geographicCoverage/boundingCoordinates/westBoundingCoordinate
KUBI,03901-metadata.xml,/eml:eml/dataset/coverage/geographicCoverage/boundingCoordinates/eastBoundingCoordinate
KUBI,03901-metadata.xml,/eml:eml/dataset/coverage/geographicCoverage/boundingCoordinates/northBoundingCoordinate
KUBI,03901-metadata.xml,/eml:eml/dataset/coverage/geographicCoverage/boundingCoordinates/southBoundingCoordinate
KUBI,03901-metadata.xml,/eml:eml/dataset/coverage/temporalCoverage/rangeOfDates/beginDate/calendarDate
KUBI,03901-metadata.xml,/eml:eml/dataset/coverage/temporalCoverage/rangeOfDates/endDate/calendarDate
KUBI,03901-metadata.xml,/eml:eml/dataset/contact/organizationName
KUBI,03901-metadata.xml,/eml:eml/dataset/contact/address/deliveryPoint
KUBI,03901-metadata.xml,/eml:eml/dataset/contact/address/city
KUBI,03901-metadata.xml,/eml:eml/dataset/contact/address/administrativeArea
KUBI,03901-metadata.xml,/eml:eml/dataset/contact/address/postalCode
KUBI,03901-metadata.xml,/eml:eml/dataset/contact/address/country
KUBI,03901-metadata.xml,/eml:eml/dataset/contact/electronicMailAddress
KUBI,03901-metadata.xml,/eml:eml/dataset/contact/onlineUrl
KUBI,03901-metadata.xml,/eml:eml/dataset/spatialRaster/entityName
KUBI,03901-metadata.xml,/eml:eml/dataset/spatialRaster/physical/objectName
KUBI,03901-metadata.xml,/eml:eml/dataset/spatialRaster/physical/dataFormat/externallyDefinedFormat/formatName
KUBI,03901-metadata.xml,/eml:eml/dataset/spatialRaster/physical/distribution/online/url
KUBI,03901-metadata.xml,/eml:eml/dataset/spatialRaster/physical/distribution/online/url/@function
KUBI,03901-metadata.xml,/eml:eml/dataset/spatialRaster/attributeList/attribute/attributeName
KUBI,03901-metadata.xml,/eml:eml/dataset/spatialRaster/attributeList/attribute/attributeDefinition
KUBI,03901-metadata.xml,/eml:eml/dataset/spatialRaster/attributeList/attribute/storageType
KUBI,03901-metadata.xml,/eml:eml/dataset/spatialRaster/attributeList/attribute/measurementScale/interval/unit/customUnit
KUBI,03901-metadata.xml,/eml:eml/dataset/spatialRaster/attributeList/attribute/measurementScale/interval/numericDomain/numberType
KUBI,03901-metadata.xml,/eml:eml/dataset/spatialRaster/attributeList/attribute/measurementScale/interval/numericDomain/bounds/minimum
KUBI,03901-metadata.xml,/eml:eml/dataset/spatialRaster/attributeList/attribute/measurementScale/interval/numericDomain/bounds/minimum/@exclusive
KUBI,03901-metadata.xml,/eml:eml/dataset/spatialRaster/attributeList/attribute/measurementScale/interval/numericDomain/bounds/maximum
KUBI,03901-metadata.xml,/eml:eml/dataset/spatialRaster/attributeList/attribute/measurementScale/interval/numericDomain/bounds/maximum/@exclusive
KUBI,03901-metadata.xml,/eml:eml/dataset/spatialRaster/spatialReference/horizCoordSysDef/@name
KUBI,03901-metadata.xml,/eml:eml/dataset/spatialRaster/spatialReference/horizCoordSysDef/geogCoordSys/datum/@name
KUBI,03901-metadata.xml,/eml:eml/dataset/spatialRaster/spatialReference/horizCoordSysDef/geogCoordSys/spheroid/@denomFlatRatio
KUBI,03901-metadata.xml,/eml:eml/dataset/spatialRaster/spatialReference/horizCoordSysDef/geogCoordSys/spheroid/@name
KUBI,03901-metadata.xml,/eml:eml/dataset/spatialRaster/spatialReference/horizCoordSysDef/geogCoordSys/spheroid/@semiAxisMajor
KUBI,03901-metadata.xml,/eml:eml/dataset/spatialRaster/spatialReference/horizCoordSysDef/geogCoordSys/primeMeridian/@longitude
KUBI,03901-metadata.xml,/eml:eml/dataset/spatialRaster/spatialReference/horizCoordSysDef/geogCoordSys/primeMeridian/@name
KUBI,03901-metadata.xml,/eml:eml/dataset/spatialRaster/spatialReference/horizCoordSysDef/geogCoordSys/unit/@name
KUBI,03901-metadata.xml,/eml:eml/dataset/spatialRaster/horizontalAccuracy/accuracyReport
KUBI,03901-metadata.xml,/eml:eml/dataset/spatialRaster/verticalAccuracy/accuracyReport
KUBI,03901-metadata.xml,/eml:eml/dataset/spatialRaster/cellSizeXDirection
KUBI,03901-metadata.xml,/eml:eml/dataset/spatialRaster/cellSizeYDirection
KUBI,03901-metadata.xml,/eml:eml/dataset/spatialRaster/numberOfBands
KUBI,03901-metadata.xml,/eml:eml/dataset/spatialRaster/rasterOrigin
KUBI,03901-metadata.xml,/eml:eml/dataset/spatialRaster/rows
KUBI,03901-metadata.xml,/eml:eml/dataset/spatialRaster/columns
KUBI,03901-metadata.xml,/eml:eml/dataset/spatialRaster/verticals
KUBI,03901-metadata.xml,/eml:eml/dataset/spatialRaster/cellGeometry
KUBI,03901-metadata.xml,/eml:eml/additionalMetadata/metadata/unitList/ns2:unit/@id
KUBI,03901-metadata.xml,/eml:eml/additionalMetadata/metadata/unitList/ns2:unit/@multiplierToSI
KUBI,03901-metadata.xml,/eml:eml/additionalMetadata/metadata/unitList/ns2:unit/@parentSI
KUBI,03901-metadata.xml,/eml:eml/additionalMetadata/metadata/unitList/ns2:unit/ns2:description
KUBI,03902-metadata.xml,/eml:eml/@packageId
KUBI,03902-metadata.xml,/eml:eml/@system
KUBI,03902-metadata.xml,/eml:eml/@xsi:schemaLocation
KUBI,03902-metadata.xml,/eml:eml/dataset/title
KUBI,03902-metadata.xml,/eml:eml/dataset/creator/organizationName
KUBI,03902-metadata.xml,/eml:eml/dataset/keywordSet/keyword
KUBI,03902-metadata.xml,/eml:eml/dataset/keywordSet/keyword
KUBI,03902-metadata.xml,/eml:eml/dataset/keywordSet/keyword
KUBI,03902-metadata.xml,/eml:eml/dataset/keywordSet/keyword
KUBI,03902-metadata.xml,/eml:eml/dataset/coverage/geographicCoverage/geographicDescription
KUBI,03902-metadata.xml,/eml:eml/dataset/coverage/geographicCoverage/boundingCoordinates/westBoundingCoordinate
KUBI,03902-metadata.xml,/eml:eml/dataset/coverage/geographicCoverage/boundingCoordinates/eastBoundingCoordinate
KUBI,03902-metadata.xml,/eml:eml/dataset/coverage/geographicCoverage/boundingCoordinates/northBoundingCoordinate
KUBI,03902-metadata.xml,/eml:eml/dataset/coverage/geographicCoverage/boundingCoordinates/southBoundingCoordinate
KUBI,03902-metadata.xml,/eml:eml/dataset/coverage/temporalCoverage/rangeOfDates/beginDate/calendarDate
KUBI,03902-metadata.xml,/eml:eml/dataset/coverage/temporalCoverage/rangeOfDates/endDate/calendarDate
KUBI,03902-metadata.xml,/eml:eml/dataset/contact/organizationName
KUBI,03902-metadata.xml,/eml:eml/dataset/contact/address/deliveryPoint
KUBI,03902-metadata.xml,/eml:eml/dataset/contact/address/city
KUBI,03902-metadata.xml,/eml:eml/dataset/contact/address/administrativeArea
KUBI,03902-metadata.xml,/eml:eml/dataset/contact/address/postalCode
KUBI,03902-metadata.xml,/eml:eml/dataset/contact/address/country
KUBI,03902-metadata.xml,/eml:eml/dataset/contact/electronicMailAddress
KUBI,03902-metadata.xml,/eml:eml/dataset/contact/onlineUrl
KUBI,03902-metadata.xml,/eml:eml/dataset/spatialRaster/entityName
KUBI,03902-metadata.xml,/eml:eml/dataset/spatialRaster/physical/objectName
KUBI,03902-metadata.xml,/eml:eml/dataset/spatialRaster/physical/dataFormat/externallyDefinedFormat/formatName
KUBI,03902-metadata.xml,/eml:eml/dataset/spatialRaster/physical/distribution/online/url
KUBI,03902-metadata.xml,/eml:eml/dataset/spatialRaster/physical/distribution/online/url/@function
KUBI,03902-metadata.xml,/eml:eml/dataset/spatialRaster/attributeList/attribute/attributeName
KUBI,03902-metadata.xml,/eml:eml/dataset/spatialRaster/attributeList/attribute/attributeDefinition
KUBI,03902-metadata.xml,/eml:eml/dataset/spatialRaster/attributeList/attribute/storageType
KUBI,03902-metadata.xml,/eml:eml/dataset/spatialRaster/attributeList/attribute/measurementScale/interval/unit/standardUnit
KUBI,03902-metadata.xml,/eml:eml/dataset/spatialRaster/attributeList/attribute/measurementScale/interval/numericDomain/numberType
KUBI,03902-metadata.xml,/eml:eml/dataset/spatialRaster/attributeList/attribute/measurementScale/interval/numericDomain/bounds/minimum
KUBI,03902-metadata.xml,/eml:eml/dataset/spatialRaster/attributeList/attribute/measurementScale/interval/numericDomain/bounds/minimum/@exclusive
KUBI,03902-metadata.xml,/eml:eml/dataset/spatialRaster/attributeList/attribute/measurementScale/interval/numericDomain/bounds/maximum
KUBI,03902-metadata.xml,/eml:eml/dataset/spatialRaster/attributeList/attribute/measurementScale/interval/numericDomain/bounds/maximum/@exclusive
KUBI,03902-metadata.xml,/eml:eml/dataset/spatialRaster/spatialReference/horizCoordSysDef/@name
KUBI,03902-metadata.xml,/eml:eml/dataset/spatialRaster/spatialReference/horizCoordSysDef/geogCoordSys/datum/@name
KUBI,03902-metadata.xml,/eml:eml/dataset/spatialRaster/spatialReference/horizCoordSysDef/geogCoordSys/spheroid/@denomFlatRatio
KUBI,03902-metadata.xml,/eml:eml/dataset/spatialRaster/spatialReference/horizCoordSysDef/geogCoordSys/spheroid/@name
KUBI,03902-metadata.xml,/eml:eml/dataset/spatialRaster/spatialReference/horizCoordSysDef/geogCoordSys/spheroid/@semiAxisMajor
KUBI,03902-metadata.xml,/eml:eml/dataset/spatialRaster/spatialReference/horizCoordSysDef/geogCoordSys/primeMeridian/@longitude
KUBI,03902-metadata.xml,/eml:eml/dataset/spatialRaster/spatialReference/horizCoordSysDef/geogCoordSys/primeMeridian/@name
KUBI,03902-metadata.xml,/eml:eml/dataset/spatialRaster/spatialReference/horizCoordSysDef/geogCoordSys/unit/@name
KUBI,03902-metadata.xml,/eml:eml/dataset/spatialRaster/horizontalAccuracy/accuracyReport
KUBI,03902-metadata.xml,/eml:eml/dataset/spatialRaster/verticalAccuracy/accuracyReport
KUBI,03902-metadata.xml,/eml:eml/dataset/spatialRaster/cellSizeXDirection
KUBI,03902-metadata.xml,/eml:eml/dataset/spatialRaster/cellSizeYDirection
KUBI,03902-metadata.xml,/eml:eml/dataset/spatialRaster/numberOfBands
KUBI,03902-metadata.xml,/eml:eml/dataset/spatialRaster/rasterOrigin
KUBI,03902-metadata.xml,/eml:eml/dataset/spatialRaster/rows
KUBI,03902-metadata.xml,/eml:eml/dataset/spatialRaster/columns
KUBI,03902-metadata.xml,/eml:eml/dataset/spatialRaster/verticals
KUBI,03902-metadata.xml,/eml:eml/dataset/spatialRaster/cellGeometry
KUBI,03903-metadata.xml,/eml:eml/@packageId
KUBI,03903-metadata.xml,/eml:eml/@system
KUBI,03903-metadata.xml,/eml:eml/@xsi:schemaLocation
KUBI,03903-metadata.xml,/eml:eml/dataset/title
KUBI,03903-metadata.xml,/eml:eml/dataset/creator/organizationName
KUBI,03903-metadata.xml,/eml:eml/dataset/keywordSet/keyword
KUBI,03903-metadata.xml,/eml:eml/dataset/keywordSet/keyword
KUBI,03903-metadata.xml,/eml:eml/dataset/keywordSet/keyword
KUBI,03903-metadata.xml,/eml:eml/dataset/keywordSet/keyword
KUBI,03903-metadata.xml,/eml:eml/dataset/coverage/geographicCoverage/geographicDescription
KUBI,03903-metadata.xml,/eml:eml/dataset/coverage/geographicCoverage/boundingCoordinates/westBoundingCoordinate
KUBI,03903-metadata.xml,/eml:eml/dataset/coverage/geographicCoverage/boundingCoordinates/eastBoundingCoordinate
KUBI,03903-metadata.xml,/eml:eml/dataset/coverage/geographicCoverage/boundingCoordinates/northBoundingCoordinate
KUBI,03903-metadata.xml,/eml:eml/dataset/coverage/geographicCoverage/boundingCoordinates/southBoundingCoordinate
KUBI,03903-metadata.xml,/eml:eml/dataset/coverage/temporalCoverage/rangeOfDates/beginDate/calendarDate
KUBI,03903-metadata.xml,/eml:eml/dataset/coverage/temporalCoverage/rangeOfDates/endDate/calendarDate
KUBI,03903-metadata.xml,/eml:eml/dataset/contact/organizationName
KUBI,03903-metadata.xml,/eml:eml/dataset/contact/address/deliveryPoint
KUBI,03903-metadata.xml,/eml:eml/dataset/contact/address/city
KUBI,03903-metadata.xml,/eml:eml/dataset/contact/address/administrativeArea
KUBI,03903-metadata.xml,/eml:eml/dataset/contact/address/postalCode
KUBI,03903-metadata.xml,/eml:eml/dataset/contact/address/country
KUBI,03903-metadata.xml,/eml:eml/dataset/contact/electronicMailAddress
KUBI,03903-metadata.xml,/eml:eml/dataset/contact/onlineUrl
KUBI,03903-metadata.xml,/eml:eml/dataset/spatialRaster/entityName
KUBI,03903-metadata.xml,/eml:eml/dataset/spatialRaster/physical/objectName
KUBI,03903-metadata.xml,/eml:eml/dataset/spatialRaster/physical/dataFormat/externallyDefinedFormat/formatName
KUBI,03903-metadata.xml,/eml:eml/dataset/spatialRaster/physical/distribution/online/url
KUBI,03903-metadata.xml,/eml:eml/dataset/spatialRaster/physical/distribution/online/url/@function
KUBI,03903-metadata.xml,/eml:eml/dataset/spatialRaster/attributeList/attribute/attributeName
KUBI,03903-metadata.xml,/eml:eml/dataset/spatialRaster/attributeList/attribute/attributeDefinition
KUBI,03903-metadata.xml,/eml:eml/dataset/spatialRaster/attributeList/attribute/storageType
KUBI,03903-metadata.xml,/eml:eml/dataset/spatialRaster/attributeList/attribute/measurementScale/interval/unit/standardUnit
KUBI,03903-metadata.xml,/eml:eml/dataset/spatialRaster/attributeList/attribute/measurementScale/interval/numericDomain/numberType
KUBI,03903-metadata.xml,/eml:eml/dataset/spatialRaster/attributeList/attribute/measurementScale/interval/numericDomain/bounds/minimum
KUBI,03903-metadata.xml,/eml:eml/dataset/spatialRaster/attributeList/attribute/measurementScale/interval/numericDomain/bounds/minimum/@exclusive
KUBI,03903-metadata.xml,/eml:eml/dataset/spatialRaster/attributeList/attribute/measurementScale/interval/numericDomain/bounds/maximum
KUBI,03903-metadata.xml,/eml:eml/dataset/spatialRaster/attributeList/attribute/measurementScale/interval/numericDomain/bounds/maximum/@exclusive
KUBI,03903-metadata.xml,/eml:eml/dataset/spatialRaster/spatialReference/horizCoordSysDef/@name
KUBI,03903-metadata.xml,/eml:eml/dataset/spatialRaster/spatialReference/horizCoordSysDef/geogCoordSys/datum/@name
KUBI,03903-metadata.xml,/eml:eml/dataset/spatialRaster/spatialReference/horizCoordSysDef/geogCoordSys/spheroid/@denomFlatRatio
KUBI,03903-metadata.xml,/eml:eml/dataset/spatialRaster/spatialReference/horizCoordSysDef/geogCoordSys/spheroid/@name
KUBI,03903-metadata.xml,/eml:eml/dataset/spatialRaster/spatialReference/horizCoordSysDef/geogCoordSys/spheroid/@semiAxisMajor
KUBI,03903-metadata.xml,/eml:eml/dataset/spatialRaster/spatialReference/horizCoordSysDef/geogCoordSys/primeMeridian/@longitude
KUBI,03903-metadata.xml,/eml:eml/dataset/spatialRaster/spatialReference/horizCoordSysDef/geogCoordSys/primeMeridian/@name
KUBI,03903-metadata.xml,/eml:eml/dataset/spatialRaster/spatialReference/horizCoordSysDef/geogCoordSys/unit/@name
KUBI,03903-metadata.xml,/eml:eml/dataset/spatialRaster/horizontalAccuracy/accuracyReport
KUBI,03903-metadata.xml,/eml:eml/dataset/spatialRaster/verticalAccuracy/accuracyReport
KUBI,03903-metadata.xml,/eml:eml/dataset/spatialRaster/cellSizeXDirection
KUBI,03903-metadata.xml,/eml:eml/dataset/spatialRaster/cellSizeYDirection
KUBI,03903-metadata.xml,/eml:eml/dataset/spatialRaster/numberOfBands
KUBI,03903-metadata.xml,/eml:eml/dataset/spatialRaster/rasterOrigin
KUBI,03903-metadata.xml,/eml:eml/dataset/spatialRaster/rows
KUBI,03903-metadata.xml,/eml:eml/dataset/spatialRaster/columns
KUBI,03903-metadata.xml,/eml:eml/dataset/spatialRaster/verticals
KUBI,03903-metadata.xml,/eml:eml/dataset/spatialRaster/cellGeometry
KUBI,03904-metadata.xml,/eml:eml/@packageId
KUBI,03904-metadata.xml,/eml:eml/@system
KUBI,03904-metadata.xml,/eml:eml/@xsi:schemaLocation
KUBI,03904-metadata.xml,/eml:eml/dataset/title
KUBI,03904-metadata.xml,/eml:eml/dataset/creator/organizationName
KUBI,03904-metadata.xml,/eml:eml/dataset/keywordSet/keyword
KUBI,03904-metadata.xml,/eml:eml/dataset/keywordSet/keyword
KUBI,03904-metadata.xml,/eml:eml/dataset/keywordSet/keyword
KUBI,03904-metadata.xml,/eml:eml/dataset/keywordSet/keyword
KUBI,03904-metadata.xml,/eml:eml/dataset/coverage/geographicCoverage/geographicDescription
KUBI,03904-metadata.xml,/eml:eml/dataset/coverage/geographicCoverage/boundingCoordinates/westBoundingCoordinate
KUBI,03904-metadata.xml,/eml:eml/dataset/coverage/geographicCoverage/boundingCoordinates/eastBoundingCoordinate
KUBI,03904-metadata.xml,/eml:eml/dataset/coverage/geographicCoverage/boundingCoordinates/northBoundingCoordinate
KUBI,03904-metadata.xml,/eml:eml/dataset/coverage/geographicCoverage/boundingCoordinates/southBoundingCoordinate
KUBI,03904-metadata.xml,/eml:eml/dataset/coverage/temporalCoverage/rangeOfDates/beginDate/calendarDate
KUBI,03904-metadata.xml,/eml:eml/dataset/coverage/temporalCoverage/rangeOfDates/endDate/calendarDate
KUBI,03904-metadata.xml,/eml:eml/dataset/contact/organizationName
KUBI,03904-metadata.xml,/eml:eml/dataset/contact/address/deliveryPoint
KUBI,03904-metadata.xml,/eml:eml/dataset/contact/address/city
KUBI,03904-metadata.xml,/eml:eml/dataset/contact/address/administrativeArea
KUBI,03904-metadata.xml,/eml:eml/dataset/contact/address/postalCode
KUBI,03904-metadata.xml,/eml:eml/dataset/contact/address/country
KUBI,03904-metadata.xml,/eml:eml/dataset/contact/electronicMailAddress
KUBI,03904-metadata.xml,/eml:eml/dataset/contact/onlineUrl
KUBI,03904-metadata.xml,/eml:eml/dataset/spatialRaster/entityName
KUBI,03904-metadata.xml,/eml:eml/dataset/spatialRaster/physical/objectName
KUBI,03904-metadata.xml,/eml:eml/dataset/spatialRaster/physical/dataFormat/externallyDefinedFormat/formatName
KUBI,03904-metadata.xml,/eml:eml/dataset/spatialRaster/physical/distribution/online/url
KUBI,03904-metadata.xml,/eml:eml/dataset/spatialRaster/physical/distribution/online/url/@function
KUBI,03904-metadata.xml,/eml:eml/dataset/spatialRaster/attributeList/attribute/attributeName
KUBI,03904-metadata.xml,/eml:eml/dataset/spatialRaster/attributeList/attribute/attributeDefinition
KUBI,03904-metadata.xml,/eml:eml/dataset/spatialRaster/attributeList/attribute/storageType
KUBI,03904-metadata.xml,/eml:eml/dataset/spatialRaster/attributeList/attribute/measurementScale/interval/unit/standardUnit
KUBI,03904-metadata.xml,/eml:eml/dataset/spatialRaster/attributeList/attribute/measurementScale/interval/numericDomain/numberType
KUBI,03904-metadata.xml,/eml:eml/dataset/spatialRaster/attributeList/attribute/measurementScale/interval/numericDomain/bounds/minimum
KUBI,03904-metadata.xml,/eml:eml/dataset/spatialRaster/attributeList/attribute/measurementScale/interval/numericDomain/bounds/minimum/@exclusive
KUBI,03904-metadata.xml,/eml:eml/dataset/spatialRaster/attributeList/attribute/measurementScale/interval/numericDomain/bounds/maximum
KUBI,03904-metadata.xml,/eml:eml/dataset/spatialRaster/attributeList/attribute/measurementScale/interval/numericDomain/bounds/maximum/@exclusive
KUBI,03904-metadata.xml,/eml:eml/dataset/spatialRaster/spatialReference/horizCoordSysDef/@name
KUBI,03904-metadata.xml,/eml:eml/dataset/spatialRaster/spatialReference/horizCoordSysDef/geogCoordSys/datum/@name
KUBI,03904-metadata.xml,/eml:eml/dataset/spatialRaster/spatialReference/horizCoordSysDef/geogCoordSys/spheroid/@denomFlatRatio
KUBI,03904-metadata.xml,/eml:eml/dataset/spatialRaster/spatialReference/horizCoordSysDef/geogCoordSys/spheroid/@name
KUBI,03904-metadata.xml,/eml:eml/dataset/spatialRaster/spatialReference/horizCoordSysDef/geogCoordSys/spheroid/@semiAxisMajor
KUBI,03904-metadata.xml,/eml:eml/dataset/spatialRaster/spatialReference/horizCoordSysDef/geogCoordSys/primeMeridian/@longitude
KUBI,03904-metadata.xml,/eml:eml/dataset/spatialRaster/spatialReference/horizCoordSysDef/geogCoordSys/primeMeridian/@name
KUBI,03904-metadata.xml,/eml:eml/dataset/spatialRaster/spatialReference/horizCoordSysDef/geogCoordSys/unit/@name
KUBI,03904-metadata.xml,/eml:eml/dataset/spatialRaster/horizontalAccuracy/accuracyReport
KUBI,03904-metadata.xml,/eml:eml/dataset/spatialRaster/verticalAccuracy/accuracyReport
KUBI,03904-metadata.xml,/eml:eml/dataset/spatialRaster/cellSizeXDirection
KUBI,03904-metadata.xml,/eml:eml/dataset/spatialRaster/cellSizeYDirection
KUBI,03904-metadata.xml,/eml:eml/dataset/spatialRaster/numberOfBands
KUBI,03904-metadata.xml,/eml:eml/dataset/spatialRaster/rasterOrigin
KUBI,03904-metadata.xml,/eml:eml/dataset/spatialRaster/rows
KUBI,03904-metadata.xml,/eml:eml/dataset/spatialRaster/columns
KUBI,03904-metadata.xml,/eml:eml/dataset/spatialRaster/verticals
KUBI,03904-metadata.xml,/eml:eml/dataset/spatialRaster/cellGeometry
KUBI,03905-metadata.xml,/eml:eml/@packageId
KUBI,03905-metadata.xml,/eml:eml/@system
KUBI,03905-metadata.xml,/eml:eml/@xsi:schemaLocation
KUBI,03905-metadata.xml,/eml:eml/dataset/title
KUBI,03905-metadata.xml,/eml:eml/dataset/creator/organizationName
KUBI,03905-metadata.xml,/eml:eml/dataset/keywordSet/keyword
KUBI,03905-metadata.xml,/eml:eml/dataset/keywordSet/keyword
KUBI,03905-metadata.xml,/eml:eml/dataset/keywordSet/keyword
KUBI,03905-metadata.xml,/eml:eml/dataset/keywordSet/keyword
KUBI,03905-metadata.xml,/eml:eml/dataset/coverage/geographicCoverage/geographicDescription
KUBI,03905-metadata.xml,/eml:eml/dataset/coverage/geographicCoverage/boundingCoordinates/westBoundingCoordinate
KUBI,03905-metadata.xml,/eml:eml/dataset/coverage/geographicCoverage/boundingCoordinates/eastBoundingCoordinate
KUBI,03905-metadata.xml,/eml:eml/dataset/coverage/geographicCoverage/boundingCoordinates/northBoundingCoordinate
KUBI,03905-metadata.xml,/eml:eml/dataset/coverage/geographicCoverage/boundingCoordinates/southBoundingCoordinate
KUBI,03905-metadata.xml,/eml:eml/dataset/coverage/temporalCoverage/rangeOfDates/beginDate/calendarDate
KUBI,03905-metadata.xml,/eml:eml/dataset/coverage/temporalCoverage/rangeOfDates/endDate/calendarDate
KUBI,03905-metadata.xml,/eml:eml/dataset/contact/organizationName
KUBI,03905-metadata.xml,/eml:eml/dataset/contact/address/deliveryPoint
KUBI,03905-metadata.xml,/eml:eml/dataset/contact/address/city
KUBI,03905-metadata.xml,/eml:eml/dataset/contact/address/administrativeArea
KUBI,03905-metadata.xml,/eml:eml/dataset/contact/address/postalCode
KUBI,03905-metadata.xml,/eml:eml/dataset/contact/address/country
KUBI,03905-metadata.xml,/eml:eml/dataset/contact/electronicMailAddress
KUBI,03905-metadata.xml,/eml:eml/dataset/contact/onlineUrl
KUBI,03905-metadata.xml,/eml:eml/dataset/spatialRaster/entityName
KUBI,03905-metadata.xml,/eml:eml/dataset/spatialRaster/physical/objectName
KUBI,03905-metadata.xml,/eml:eml/dataset/spatialRaster/physical/dataFormat/externallyDefinedFormat/formatName
KUBI,03905-metadata.xml,/eml:eml/dataset/spatialRaster/physical/distribution/online/url
KUBI,03905-metadata.xml,/eml:eml/dataset/spatialRaster/physical/distribution/online/url/@function
KUBI,03905-metadata.xml,/eml:eml/dataset/spatialRaster/attributeList/attribute/attributeName
KUBI,03905-metadata.xml,/eml:eml/dataset/spatialRaster/attributeList/attribute/attributeDefinition
KUBI,03905-metadata.xml,/eml:eml/dataset/spatialRaster/attributeList/attribute/storageType
KUBI,03905-metadata.xml,/eml:eml/dataset/spatialRaster/attributeList/attribute/measurementScale/interval/unit/standardUnit
KUBI,03905-metadata.xml,/eml:eml/dataset/spatialRaster/attributeList/attribute/measurementScale/interval/numericDomain/numberType
KUBI,03905-metadata.xml,/eml:eml/dataset/spatialRaster/attributeList/attribute/measurementScale/interval/numericDomain/bounds/minimum
KUBI,03905-metadata.xml,/eml:eml/dataset/spatialRaster/attributeList/attribute/measurementScale/interval/numericDomain/bounds/minimum/@exclusive
KUBI,03905-metadata.xml,/eml:eml/dataset/spatialRaster/attributeList/attribute/measurementScale/interval/numericDomain/bounds/maximum
KUBI,03905-metadata.xml,/eml:eml/dataset/spatialRaster/attributeList/attribute/measurementScale/interval/numericDomain/bounds/maximum/@exclusive
KUBI,03905-metadata.xml,/eml:eml/dataset/spatialRaster/spatialReference/horizCoordSysDef/@name
KUBI,03905-metadata.xml,/eml:eml/dataset/spatialRaster/spatialReference/horizCoordSysDef/geogCoordSys/datum/@name
KUBI,03905-metadata.xml,/eml:eml/dataset/spatialRaster/spatialReference/horizCoordSysDef/geogCoordSys/spheroid/@denomFlatRatio
KUBI,03905-metadata.xml,/eml:eml/dataset/spatialRaster/spatialReference/horizCoordSysDef/geogCoordSys/spheroid/@name
KUBI,03905-metadata.xml,/eml:eml/dataset/spatialRaster/spatialReference/horizCoordSysDef/geogCoordSys/spheroid/@semiAxisMajor
KUBI,03905-metadata.xml,/eml:eml/dataset/spatialRaster/spatialReference/horizCoordSysDef/geogCoordSys/primeMeridian/@longitude
KUBI,03905-metadata.xml,/eml:eml/dataset/spatialRaster/spatialReference/horizCoordSysDef/geogCoordSys/primeMeridian/@name
KUBI,03905-metadata.xml,/eml:eml/dataset/spatialRaster/spatialReference/horizCoordSysDef/geogCoordSys/unit/@name
KUBI,03905-metadata.xml,/eml:eml/dataset/spatialRaster/horizontalAccuracy/accuracyReport
KUBI,03905-metadata.xml,/eml:eml/dataset/spatialRaster/verticalAccuracy/accuracyReport
KUBI,03905-metadata.xml,/eml:eml/dataset/spatialRaster/cellSizeXDirection
KUBI,03905-metadata.xml,/eml:eml/dataset/spatialRaster/cellSizeYDirection
KUBI,03905-metadata.xml,/eml:eml/dataset/spatialRaster/numberOfBands
KUBI,03905-metadata.xml,/eml:eml/dataset/spatialRaster/rasterOrigin
KUBI,03905-metadata.xml,/eml:eml/dataset/spatialRaster/rows
KUBI,03905-metadata.xml,/eml:eml/dataset/spatialRaster/columns
KUBI,03905-metadata.xml,/eml:eml/dataset/spatialRaster/verticals
KUBI,03905-metadata.xml,/eml:eml/dataset/spatialRaster/cellGeometry
KUBI,03906-metadata.xml,/eml:eml/@packageId
KUBI,03906-metadata.xml,/eml:eml/@system
KUBI,03906-metadata.xml,/eml:eml/@xsi:schemaLocation
KUBI,03906-metadata.xml,/eml:eml/dataset/title
KUBI,03906-metadata.xml,/eml:eml/dataset/creator/organizationName
KUBI,03906-metadata.xml,/eml:eml/dataset/keywordSet/keyword
KUBI,03906-metadata.xml,/eml:eml/dataset/keywordSet/keyword
KUBI,03906-metadata.xml,/eml:eml/dataset/keywordSet/keyword
KUBI,03906-metadata.xml,/eml:eml/dataset/keywordSet/keyword
KUBI,03906-metadata.xml,/eml:eml/dataset/coverage/geographicCoverage/geographicDescription
KUBI,03906-metadata.xml,/eml:eml/dataset/coverage/geographicCoverage/boundingCoordinates/westBoundingCoordinate
KUBI,03906-metadata.xml,/eml:eml/dataset/coverage/geographicCoverage/boundingCoordinates/eastBoundingCoordinate
KUBI,03906-metadata.xml,/eml:eml/dataset/coverage/geographicCoverage/boundingCoordinates/northBoundingCoordinate
KUBI,03906-metadata.xml,/eml:eml/dataset/coverage/geographicCoverage/boundingCoordinates/southBoundingCoordinate
KUBI,03906-metadata.xml,/eml:eml/dataset/coverage/temporalCoverage/rangeOfDates/beginDate/calendarDate
KUBI,03906-metadata.xml,/eml:eml/dataset/coverage/temporalCoverage/rangeOfDates/endDate/calendarDate
KUBI,03906-metadata.xml,/eml:eml/dataset/contact/organizationName
KUBI,03906-metadata.xml,/eml:eml/dataset/contact/address/deliveryPoint
KUBI,03906-metadata.xml,/eml:eml/dataset/contact/address/city
KUBI,03906-metadata.xml,/eml:eml/dataset/contact/address/administrativeArea
KUBI,03906-metadata.xml,/eml:eml/dataset/contact/address/postalCode
KUBI,03906-metadata.xml,/eml:eml/dataset/contact/address/country
KUBI,03906-metadata.xml,/eml:eml/dataset/contact/electronicMailAddress
KUBI,03906-metadata.xml,/eml:eml/dataset/contact/onlineUrl
KUBI,03906-metadata.xml,/eml:eml/dataset/spatialRaster/entityName
KUBI,03906-metadata.xml,/eml:eml/dataset/spatialRaster/physical/objectName
KUBI,03906-metadata.xml,/eml:eml/dataset/spatialRaster/physical/dataFormat/externallyDefinedFormat/formatName
KUBI,03906-metadata.xml,/eml:eml/dataset/spatialRaster/physical/distribution/online/url
KUBI,03906-metadata.xml,/eml:eml/dataset/spatialRaster/physical/distribution/online/url/@function
KUBI,03906-metadata.xml,/eml:eml/dataset/spatialRaster/attributeList/attribute/attributeName
KUBI,03906-metadata.xml,/eml:eml/dataset/spatialRaster/attributeList/attribute/attributeDefinition
KUBI,03906-metadata.xml,/eml:eml/dataset/spatialRaster/attributeList/attribute/storageType
KUBI,03906-metadata.xml,/eml:eml/dataset/spatialRaster/attributeList/attribute/measurementScale/interval/unit/customUnit
KUBI,03906-metadata.xml,/eml:eml/dataset/spatialRaster/attributeList/attribute/measurementScale/interval/numericDomain/numberType
KUBI,03906-metadata.xml,/eml:eml/dataset/spatialRaster/attributeList/attribute/measurementScale/interval/numericDomain/bounds/minimum
KUBI,03906-metadata.xml,/eml:eml/dataset/spatialRaster/attributeList/attribute/measurementScale/interval/numericDomain/bounds/minimum/@exclusive
KUBI,03906-metadata.xml,/eml:eml/dataset/spatialRaster/attributeList/attribute/measurementScale/interval/numericDomain/bounds/maximum
KUBI,03906-metadata.xml,/eml:eml/dataset/spatialRaster/attributeList/attribute/measurementScale/interval/numericDomain/bounds/maximum/@exclusive
KUBI,03906-metadata.xml,/eml:eml/dataset/spatialRaster/spatialReference/horizCoordSysDef/@name
KUBI,03906-metadata.xml,/eml:eml/dataset/spatialRaster/spatialReference/horizCoordSysDef/geogCoordSys/datum/@name
KUBI,03906-metadata.xml,/eml:eml/dataset/spatialRaster/spatialReference/horizCoordSysDef/geogCoordSys/spheroid/@denomFlatRatio
KUBI,03906-metadata.xml,/eml:eml/dataset/spatialRaster/spatialReference/horizCoordSysDef/geogCoordSys/spheroid/@name
KUBI,03906-metadata.xml,/eml:eml/dataset/spatialRaster/spatialReference/horizCoordSysDef/geogCoordSys/spheroid/@semiAxisMajor
KUBI,03906-metadata.xml,/eml:eml/dataset/spatialRaster/spatialReference/horizCoordSysDef/geogCoordSys/primeMeridian/@longitude
KUBI,03906-metadata.xml,/eml:eml/dataset/spatialRaster/spatialReference/horizCoordSysDef/geogCoordSys/primeMeridian/@name
KUBI,03906-metadata.xml,/eml:eml/dataset/spatialRaster/spatialReference/horizCoordSysDef/geogCoordSys/unit/@name
KUBI,03906-metadata.xml,/eml:eml/dataset/spatialRaster/horizontalAccuracy/accuracyReport
KUBI,03906-metadata.xml,/eml:eml/dataset/spatialRaster/verticalAccuracy/accuracyReport
KUBI,03906-metadata.xml,/eml:eml/dataset/spatialRaster/cellSizeXDirection
KUBI,03906-metadata.xml,/eml:eml/dataset/spatialRaster/cellSizeYDirection
KUBI,03906-metadata.xml,/eml:eml/dataset/spatialRaster/numberOfBands
KUBI,03906-metadata.xml,/eml:eml/dataset/spatialRaster/rasterOrigin
KUBI,03906-metadata.xml,/eml:eml/dataset/spatialRaster/rows
KUBI,03906-metadata.xml,/eml:eml/dataset/spatialRaster/columns
KUBI,03906-metadata.xml,/eml:eml/dataset/spatialRaster/verticals
KUBI,03906-metadata.xml,/eml:eml/dataset/spatialRaster/cellGeometry
KUBI,03906-metadata.xml,/eml:eml/additionalMetadata/metadata/unitList/ns2:unit/@id
KUBI,03906-metadata.xml,/eml:eml/additionalMetadata/metadata/unitList/ns2:unit/@multiplierToSI
KUBI,03906-metadata.xml,/eml:eml/additionalMetadata/metadata/unitList/ns2:unit/@parentSI
KUBI,03906-metadata.xml,/eml:eml/additionalMetadata/metadata/unitList/ns2:unit/ns2:description
KUBI,03907-metadata.xml,/eml:eml/@packageId
KUBI,03907-metadata.xml,/eml:eml/@system
KUBI,03907-metadata.xml,/eml:eml/@xsi:schemaLocation
KUBI,03907-metadata.xml,/eml:eml/dataset/title
KUBI,03907-metadata.xml,/eml:eml/dataset/creator/organizationName
KUBI,03907-metadata.xml,/eml:eml/dataset/keywordSet/keyword
KUBI,03907-metadata.xml,/eml:eml/dataset/keywordSet/keyword
KUBI,03907-metadata.xml,/eml:eml/dataset/keywordSet/keyword
KUBI,03907-metadata.xml,/eml:eml/dataset/coverage/geographicCoverage/geographicDescription
KUBI,03907-metadata.xml,/eml:eml/dataset/coverage/geographicCoverage/boundingCoordinates/westBoundingCoordinate
KUBI,03907-metadata.xml,/eml:eml/dataset/coverage/geographicCoverage/boundingCoordinates/eastBoundingCoordinate
KUBI,03907-metadata.xml,/eml:eml/dataset/coverage/geographicCoverage/boundingCoordinates/northBoundingCoordinate
KUBI,03907-metadata.xml,/eml:eml/dataset/coverage/geographicCoverage/boundingCoordinates/southBoundingCoordinate
KUBI,03907-metadata.xml,/eml:eml/dataset/coverage/temporalCoverage/rangeOfDates/beginDate/calendarDate
KUBI,03907-metadata.xml,/eml:eml/dataset/coverage/temporalCoverage/rangeOfDates/endDate/calendarDate
KUBI,03907-metadata.xml,/eml:eml/dataset/contact/organizationName
KUBI,03907-metadata.xml,/eml:eml/dataset/contact/address/deliveryPoint
KUBI,03907-metadata.xml,/eml:eml/dataset/contact/address/city
KUBI,03907-metadata.xml,/eml:eml/dataset/contact/address/administrativeArea
KUBI,03907-metadata.xml,/eml:eml/dataset/contact/address/postalCode
KUBI,03907-metadata.xml,/eml:eml/dataset/contact/address/country
KUBI,03907-metadata.xml,/eml:eml/dataset/contact/electronicMailAddress
KUBI,03907-metadata.xml,/eml:eml/dataset/contact/onlineUrl
KUBI,03907-metadata.xml,/eml:eml/dataset/spatialRaster/entityName
KUBI,03907-metadata.xml,/eml:eml/dataset/spatialRaster/physical/objectName
KUBI,03907-metadata.xml,/eml:eml/dataset/spatialRaster/physical/dataFormat/externallyDefinedFormat/formatName
KUBI,03907-metadata.xml,/eml:eml/dataset/spatialRaster/physical/distribution/online/url
KUBI,03907-metadata.xml,/eml:eml/dataset/spatialRaster/physical/distribution/online/url/@function
KUBI,03907-metadata.xml,/eml:eml/dataset/spatialRaster/attributeList/attribute/attributeName
KUBI,03907-metadata.xml,/eml:eml/dataset/spatialRaster/attributeList/attribute/attributeDefinition
KUBI,03907-metadata.xml,/eml:eml/dataset/spatialRaster/attributeList/attribute/storageType
KUBI,03907-metadata.xml,/eml:eml/dataset/spatialRaster/attributeList/attribute/measurementScale/interval/unit/standardUnit
KUBI,03907-metadata.xml,/eml:eml/dataset/spatialRaster/attributeList/attribute/measurementScale/interval/numericDomain/numberType
KUBI,03907-metadata.xml,/eml:eml/dataset/spatialRaster/attributeList/attribute/measurementScale/interval/numericDomain/bounds/minimum
KUBI,03907-metadata.xml,/eml:eml/dataset/spatialRaster/attributeList/attribute/measurementScale/interval/numericDomain/bounds/minimum/@exclusive
KUBI,03907-metadata.xml,/eml:eml/dataset/spatialRaster/attributeList/attribute/measurementScale/interval/numericDomain/bounds/maximum
KUBI,03907-metadata.xml,/eml:eml/dataset/spatialRaster/attributeList/attribute/measurementScale/interval/numericDomain/bounds/maximum/@exclusive
KUBI,03907-metadata.xml,/eml:eml/dataset/spatialRaster/spatialReference/horizCoordSysDef/@name
KUBI,03907-metadata.xml,/eml:eml/dataset/spatialRaster/spatialReference/horizCoordSysDef/geogCoordSys/datum/@name
KUBI,03907-metadata.xml,/eml:eml/dataset/spatialRaster/spatialReference/horizCoordSysDef/geogCoordSys/spheroid/@denomFlatRatio
KUBI,03907-metadata.xml,/eml:eml/dataset/spatialRaster/spatialReference/horizCoordSysDef/geogCoordSys/spheroid/@name
KUBI,03907-metadata.xml,/eml:eml/dataset/spatialRaster/spatialReference/horizCoordSysDef/geogCoordSys/spheroid/@semiAxisMajor
KUBI,03907-metadata.xml,/eml:eml/dataset/spatialRaster/spatialReference/horizCoordSysDef/geogCoordSys/primeMeridian/@longitude
KUBI,03907-metadata.xml,/eml:eml/dataset/spatialRaster/spatialReference/horizCoordSysDef/geogCoordSys/primeMeridian/@name
KUBI,03907-metadata.xml,/eml:eml/dataset/spatialRaster/spatialReference/horizCoordSysDef/geogCoordSys/unit/@name
KUBI,03907-metadata.xml,/eml:eml/dataset/spatialRaster/horizontalAccuracy/accuracyReport
KUBI,03907-metadata.xml,/eml:eml/dataset/spatialRaster/verticalAccuracy/accuracyReport
KUBI,03907-metadata.xml,/eml:eml/dataset/spatialRaster/cellSizeXDirection
KUBI,03907-metadata.xml,/eml:eml/dataset/spatialRaster/cellSizeYDirection
KUBI,03907-metadata.xml,/eml:eml/dataset/spatialRaster/numberOfBands
KUBI,03907-metadata.xml,/eml:eml/dataset/spatialRaster/rasterOrigin
KUBI,03907-metadata.xml,/eml:eml/dataset/spatialRaster/rows
KUBI,03907-metadata.xml,/eml:eml/dataset/spatialRaster/columns
KUBI,03907-metadata.xml,/eml:eml/dataset/spatialRaster/verticals
KUBI,03907-metadata.xml,/eml:eml/dataset/spatialRaster/cellGeometry
KUBI,03908-metadata.xml,/eml:eml/@packageId
KUBI,03908-metadata.xml,/eml:eml/@system
KUBI,03908-metadata.xml,/eml:eml/@xsi:schemaLocation
KUBI,03908-metadata.xml,/eml:eml/dataset/title
KUBI,03908-metadata.xml,/eml:eml/dataset/creator/organizationName
KUBI,03908-metadata.xml,/eml:eml/dataset/keywordSet/keyword
KUBI,03908-metadata.xml,/eml:eml/dataset/keywordSet/keyword
KUBI,03908-metadata.xml,/eml:eml/dataset/keywordSet/keyword
KUBI,03908-metadata.xml,/eml:eml/dataset/coverage/geographicCoverage/geographicDescription
KUBI,03908-metadata.xml,/eml:eml/dataset/coverage/geographicCoverage/boundingCoordinates/westBoundingCoordinate
KUBI,03908-metadata.xml,/eml:eml/dataset/coverage/geographicCoverage/boundingCoordinates/eastBoundingCoordinate
KUBI,03908-metadata.xml,/eml:eml/dataset/coverage/geographicCoverage/boundingCoordinates/northBoundingCoordinate
KUBI,03908-metadata.xml,/eml:eml/dataset/coverage/geographicCoverage/boundingCoordinates/southBoundingCoordinate
KUBI,03908-metadata.xml,/eml:eml/dataset/coverage/temporalCoverage/rangeOfDates/beginDate/calendarDate
KUBI,03908-metadata.xml,/eml:eml/dataset/coverage/temporalCoverage/rangeOfDates/endDate/calendarDate
KUBI,03908-metadata.xml,/eml:eml/dataset/contact/organizationName
KUBI,03908-metadata.xml,/eml:eml/dataset/contact/address/deliveryPoint
KUBI,03908-metadata.xml,/eml:eml/dataset/contact/address/city
KUBI,03908-metadata.xml,/eml:eml/dataset/contact/address/administrativeArea
KUBI,03908-metadata.xml,/eml:eml/dataset/contact/address/postalCode
KUBI,03908-metadata.xml,/eml:eml/dataset/contact/address/country
KUBI,03908-metadata.xml,/eml:eml/dataset/contact/electronicMailAddress
KUBI,03908-metadata.xml,/eml:eml/dataset/contact/onlineUrl
KUBI,03908-metadata.xml,/eml:eml/dataset/spatialRaster/entityName
KUBI,03908-metadata.xml,/eml:eml/dataset/spatialRaster/physical/objectName
KUBI,03908-metadata.xml,/eml:eml/dataset/spatialRaster/physical/dataFormat/externallyDefinedFormat/formatName
KUBI,03908-metadata.xml,/eml:eml/dataset/spatialRaster/physical/distribution/online/url
KUBI,03908-metadata.xml,/eml:eml/dataset/spatialRaster/physical/distribution/online/url/@function
KUBI,03908-metadata.xml,/eml:eml/dataset/spatialRaster/attributeList/attribute/attributeName
KUBI,03908-metadata.xml,/eml:eml/dataset/spatialRaster/attributeList/attribute/attributeDefinition
KUBI,03908-metadata.xml,/eml:eml/dataset/spatialRaster/attributeList/attribute/storageType
KUBI,03908-metadata.xml,/eml:eml/dataset/spatialRaster/attributeList/attribute/measurementScale/interval/unit/standardUnit
KUBI,03908-metadata.xml,/eml:eml/dataset/spatialRaster/attributeList/attribute/measurementScale/interval/numericDomain/numberType
KUBI,03908-metadata.xml,/eml:eml/dataset/spatialRaster/attributeList/attribute/measurementScale/interval/numericDomain/bounds/minimum
KUBI,03908-metadata.xml,/eml:eml/dataset/spatialRaster/attributeList/attribute/measurementScale/interval/numericDomain/bounds/minimum/@exclusive
KUBI,03908-metadata.xml,/eml:eml/dataset/spatialRaster/attributeList/attribute/measurementScale/interval/numericDomain/bounds/maximum
KUBI,03908-metadata.xml,/eml:eml/dataset/spatialRaster/attributeList/attribute/measurementScale/interval/numericDomain/bounds/maximum/@exclusive
KUBI,03908-metadata.xml,/eml:eml/dataset/spatialRaster/spatialReference/horizCoordSysDef/@name
KUBI,03908-metadata.xml,/eml:eml/dataset/spatialRaster/spatialReference/horizCoordSysDef/geogCoordSys/datum/@name
KUBI,03908-metadata.xml,/eml:eml/dataset/spatialRaster/spatialReference/horizCoordSysDef/geogCoordSys/spheroid/@denomFlatRatio
KUBI,03908-metadata.xml,/eml:eml/dataset/spatialRaster/spatialReference/horizCoordSysDef/geogCoordSys/spheroid/@name
KUBI,03908-metadata.xml,/eml:eml/dataset/spatialRaster/spatialReference/horizCoordSysDef/geogCoordSys/spheroid/@semiAxisMajor
KUBI,03908-metadata.xml,/eml:eml/dataset/spatialRaster/spatialReference/horizCoordSysDef/geogCoordSys/primeMeridian/@longitude
KUBI,03908-metadata.xml,/eml:eml/dataset/spatialRaster/spatialReference/horizCoordSysDef/geogCoordSys/primeMeridian/@name
KUBI,03908-metadata.xml,/eml:eml/dataset/spatialRaster/spatialReference/horizCoordSysDef/geogCoordSys/unit/@name
KUBI,03908-metadata.xml,/eml:eml/dataset/spatialRaster/horizontalAccuracy/accuracyReport
KUBI,03908-metadata.xml,/eml:eml/dataset/spatialRaster/verticalAccuracy/accuracyReport
KUBI,03908-metadata.xml,/eml:eml/dataset/spatialRaster/cellSizeXDirection
KUBI,03908-metadata.xml,/eml:eml/dataset/spatialRaster/cellSizeYDirection
KUBI,03908-metadata.xml,/eml:eml/dataset/spatialRaster/numberOfBands
KUBI,03908-metadata.xml,/eml:eml/dataset/spatialRaster/rasterOrigin
KUBI,03908-metadata.xml,/eml:eml/dataset/spatialRaster/rows
KUBI,03908-metadata.xml,/eml:eml/dataset/spatialRaster/columns
KUBI,03908-metadata.xml,/eml:eml/dataset/spatialRaster/verticals
KUBI,03908-metadata.xml,/eml:eml/dataset/spatialRaster/cellGeometry
KUBI,03909-metadata.xml,/eml:eml/@packageId
KUBI,03909-metadata.xml,/eml:eml/@system
KUBI,03909-metadata.xml,/eml:eml/@xsi:schemaLocation
KUBI,03909-metadata.xml,/eml:eml/dataset/title
KUBI,03909-metadata.xml,/eml:eml/dataset/creator/organizationName
KUBI,03909-metadata.xml,/eml:eml/dataset/keywordSet/keyword
KUBI,03909-metadata.xml,/eml:eml/dataset/keywordSet/keyword
KUBI,03909-metadata.xml,/eml:eml/dataset/keywordSet/keyword
KUBI,03909-metadata.xml,/eml:eml/dataset/keywordSet/keyword
KUBI,03909-metadata.xml,/eml:eml/dataset/coverage/geographicCoverage/geographicDescription
KUBI,03909-metadata.xml,/eml:eml/dataset/coverage/geographicCoverage/boundingCoordinates/westBoundingCoordinate
KUBI,03909-metadata.xml,/eml:eml/dataset/coverage/geographicCoverage/boundingCoordinates/eastBoundingCoordinate
KUBI,03909-metadata.xml,/eml:eml/dataset/coverage/geographicCoverage/boundingCoordinates/northBoundingCoordinate
KUBI,03909-metadata.xml,/eml:eml/dataset/coverage/geographicCoverage/boundingCoordinates/southBoundingCoordinate
KUBI,03909-metadata.xml,/eml:eml/dataset/coverage/temporalCoverage/rangeOfDates/beginDate/calendarDate
KUBI,03909-metadata.xml,/eml:eml/dataset/coverage/temporalCoverage/rangeOfDates/endDate/calendarDate
KUBI,03909-metadata.xml,/eml:eml/dataset/contact/organizationName
KUBI,03909-metadata.xml,/eml:eml/dataset/contact/address/deliveryPoint
KUBI,03909-metadata.xml,/eml:eml/dataset/contact/address/city
KUBI,03909-metadata.xml,/eml:eml/dataset/contact/address/administrativeArea
KUBI,03909-metadata.xml,/eml:eml/dataset/contact/address/postalCode
KUBI,03909-metadata.xml,/eml:eml/dataset/contact/address/country
KUBI,03909-metadata.xml,/eml:eml/dataset/contact/electronicMailAddress
KUBI,03909-metadata.xml,/eml:eml/dataset/contact/onlineUrl
KUBI,03909-metadata.xml,/eml:eml/dataset/spatialRaster/entityName
KUBI,03909-metadata.xml,/eml:eml/dataset/spatialRaster/physical/objectName
KUBI,03909-metadata.xml,/eml:eml/dataset/spatialRaster/physical/dataFormat/externallyDefinedFormat/formatName
KUBI,03909-metadata.xml,/eml:eml/dataset/spatialRaster/physical/distribution/online/url
KUBI,03909-metadata.xml,/eml:eml/dataset/spatialRaster/physical/distribution/online/url/@function
KUBI,03909-metadata.xml,/eml:eml/dataset/spatialRaster/attributeList/attribute/attributeName
KUBI,03909-metadata.xml,/eml:eml/dataset/spatialRaster/attributeList/attribute/attributeDefinition
KUBI,03909-metadata.xml,/eml:eml/dataset/spatialRaster/attributeList/attribute/storageType
KUBI,03909-metadata.xml,/eml:eml/dataset/spatialRaster/attributeList/attribute/measurementScale/interval/unit/customUnit
KUBI,03909-metadata.xml,/eml:eml/dataset/spatialRaster/attributeList/attribute/measurementScale/interval/numericDomain/numberType
KUBI,03909-metadata.xml,/eml:eml/dataset/spatialRaster/attributeList/attribute/measurementScale/interval/numericDomain/bounds/minimum
KUBI,03909-metadata.xml,/eml:eml/dataset/spatialRaster/attributeList/attribute/measurementScale/interval/numericDomain/bounds/minimum/@exclusive
KUBI,03909-metadata.xml,/eml:eml/dataset/spatialRaster/attributeList/attribute/measurementScale/interval/numericDomain/bounds/maximum
KUBI,03909-metadata.xml,/eml:eml/dataset/spatialRaster/attributeList/attribute/measurementScale/interval/numericDomain/bounds/maximum/@exclusive
KUBI,03909-metadata.xml,/eml:eml/dataset/spatialRaster/spatialReference/horizCoordSysDef/@name
KUBI,03909-metadata.xml,/eml:eml/dataset/spatialRaster/spatialReference/horizCoordSysDef/geogCoordSys/datum/@name
KUBI,03909-metadata.xml,/eml:eml/dataset/spatialRaster/spatialReference/horizCoordSysDef/geogCoordSys/spheroid/@denomFlatRatio
KUBI,03909-metadata.xml,/eml:eml/dataset/spatialRaster/spatialReference/horizCoordSysDef/geogCoordSys/spheroid/@name
KUBI,03909-metadata.xml,/eml:eml/dataset/spatialRaster/spatialReference/horizCoordSysDef/geogCoordSys/spheroid/@semiAxisMajor
KUBI,03909-metadata.xml,/eml:eml/dataset/spatialRaster/spatialReference/horizCoordSysDef/geogCoordSys/primeMeridian/@longitude
KUBI,03909-metadata.xml,/eml:eml/dataset/spatialRaster/spatialReference/horizCoordSysDef/geogCoordSys/primeMeridian/@name
KUBI,03909-metadata.xml,/eml:eml/dataset/spatialRaster/spatialReference/horizCoordSysDef/geogCoordSys/unit/@name
KUBI,03909-metadata.xml,/eml:eml/dataset/spatialRaster/horizontalAccuracy/accuracyReport
KUBI,03909-metadata.xml,/eml:eml/dataset/spatialRaster/verticalAccuracy/accuracyReport
KUBI,03909-metadata.xml,/eml:eml/dataset/spatialRaster/cellSizeXDirection
KUBI,03909-metadata.xml,/eml:eml/dataset/spatialRaster/cellSizeYDirection
KUBI,03909-metadata.xml,/eml:eml/dataset/spatialRaster/numberOfBands
KUBI,03909-metadata.xml,/eml:eml/dataset/spatialRaster/rasterOrigin
KUBI,03909-metadata.xml,/eml:eml/dataset/spatialRaster/rows
KUBI,03909-metadata.xml,/eml:eml/dataset/spatialRaster/columns
KUBI,03909-metadata.xml,/eml:eml/dataset/spatialRaster/verticals
KUBI,03909-metadata.xml,/eml:eml/dataset/spatialRaster/cellGeometry
KUBI,03909-metadata.xml,/eml:eml/additionalMetadata/metadata/unitList/ns2:unit/@id
KUBI,03909-metadata.xml,/eml:eml/additionalMetadata/metadata/unitList/ns2:unit/@multiplierToSI
KUBI,03909-metadata.xml,/eml:eml/additionalMetadata/metadata/unitList/ns2:unit/@parentSI
KUBI,03909-metadata.xml,/eml:eml/additionalMetadata/metadata/unitList/ns2:unit/ns2:description
KUBI,03910-metadata.xml,/eml:eml/@packageId
KUBI,03910-metadata.xml,/eml:eml/@system
KUBI,03910-metadata.xml,/eml:eml/@xsi:schemaLocation
KUBI,03910-metadata.xml,/eml:eml/dataset/title
KUBI,03910-metadata.xml,/eml:eml/dataset/creator/organizationName
KUBI,03910-metadata.xml,/eml:eml/dataset/keywordSet/keyword
KUBI,03910-metadata.xml,/eml:eml/dataset/keywordSet/keyword
KUBI,03910-metadata.xml,/eml:eml/dataset/keywordSet/keyword
KUBI,03910-metadata.xml,/eml:eml/dataset/keywordSet/keyword
KUBI,03910-metadata.xml,/eml:eml/dataset/coverage/geographicCoverage/geographicDescription
KUBI,03910-metadata.xml,/eml:eml/dataset/coverage/geographicCoverage/boundingCoordinates/westBoundingCoordinate
KUBI,03910-metadata.xml,/eml:eml/dataset/coverage/geographicCoverage/boundingCoordinates/eastBoundingCoordinate
KUBI,03910-metadata.xml,/eml:eml/dataset/coverage/geographicCoverage/boundingCoordinates/northBoundingCoordinate
KUBI,03910-metadata.xml,/eml:eml/dataset/coverage/geographicCoverage/boundingCoordinates/southBoundingCoordinate
KUBI,03910-metadata.xml,/eml:eml/dataset/coverage/temporalCoverage/rangeOfDates/beginDate/calendarDate
KUBI,03910-metadata.xml,/eml:eml/dataset/coverage/temporalCoverage/rangeOfDates/endDate/calendarDate
KUBI,03910-metadata.xml,/eml:eml/dataset/contact/organizationName
KUBI,03910-metadata.xml,/eml:eml/dataset/contact/address/deliveryPoint
KUBI,03910-metadata.xml,/eml:eml/dataset/contact/address/city
KUBI,03910-metadata.xml,/eml:eml/dataset/contact/address/administrativeArea
KUBI,03910-metadata.xml,/eml:eml/dataset/contact/address/postalCode
KUBI,03910-metadata.xml,/eml:eml/dataset/contact/address/country
KUBI,03910-metadata.xml,/eml:eml/dataset/contact/electronicMailAddress
KUBI,03910-metadata.xml,/eml:eml/dataset/contact/onlineUrl
KUBI,03910-metadata.xml,/eml:eml/dataset/spatialRaster/entityName
KUBI,03910-metadata.xml,/eml:eml/dataset/spatialRaster/physical/objectName
KUBI,03910-metadata.xml,/eml:eml/dataset/spatialRaster/physical/dataFormat/externallyDefinedFormat/formatName
KUBI,03910-metadata.xml,/eml:eml/dataset/spatialRaster/physical/distribution/online/url
KUBI,03910-metadata.xml,/eml:eml/dataset/spatialRaster/physical/distribution/online/url/@function
KUBI,03910-metadata.xml,/eml:eml/dataset/spatialRaster/attributeList/attribute/attributeName
KUBI,03910-metadata.xml,/eml:eml/dataset/spatialRaster/attributeList/attribute/attributeDefinition
KUBI,03910-metadata.xml,/eml:eml/dataset/spatialRaster/attributeList/attribute/storageType
KUBI,03910-metadata.xml,/eml:eml/dataset/spatialRaster/attributeList/attribute/measurementScale/interval/unit/standardUnit
KUBI,03910-metadata.xml,/eml:eml/dataset/spatialRaster/attributeList/attribute/measurementScale/interval/numericDomain/numberType
KUBI,03910-metadata.xml,/eml:eml/dataset/spatialRaster/attributeList/attribute/measurementScale/interval/numericDomain/bounds/minimum
KUBI,03910-metadata.xml,/eml:eml/dataset/spatialRaster/attributeList/attribute/measurementScale/interval/numericDomain/bounds/minimum/@exclusive
KUBI,03910-metadata.xml,/eml:eml/dataset/spatialRaster/attributeList/attribute/measurementScale/interval/numericDomain/bounds/maximum
KUBI,03910-metadata.xml,/eml:eml/dataset/spatialRaster/attributeList/attribute/measurementScale/interval/numericDomain/bounds/maximum/@exclusive
KUBI,03910-metadata.xml,/eml:eml/dataset/spatialRaster/spatialReference/horizCoordSysDef/@name
KUBI,03910-metadata.xml,/eml:eml/dataset/spatialRaster/spatialReference/horizCoordSysDef/geogCoordSys/datum/@name
KUBI,03910-metadata.xml,/eml:eml/dataset/spatialRaster/spatialReference/horizCoordSysDef/geogCoordSys/spheroid/@denomFlatRatio
KUBI,03910-metadata.xml,/eml:eml/dataset/spatialRaster/spatialReference/horizCoordSysDef/geogCoordSys/spheroid/@name
KUBI,03910-metadata.xml,/eml:eml/dataset/spatialRaster/spatialReference/horizCoordSysDef/geogCoordSys/spheroid/@semiAxisMajor
KUBI,03910-metadata.xml,/eml:eml/dataset/spatialRaster/spatialReference/horizCoordSysDef/geogCoordSys/primeMeridian/@longitude
KUBI,03910-metadata.xml,/eml:eml/dataset/spatialRaster/spatialReference/horizCoordSysDef/geogCoordSys/primeMeridian/@name
KUBI,03910-metadata.xml,/eml:eml/dataset/spatialRaster/spatialReference/horizCoordSysDef/geogCoordSys/unit/@name
KUBI,03910-metadata.xml,/eml:eml/dataset/spatialRaster/horizontalAccuracy/accuracyReport
KUBI,03910-metadata.xml,/eml:eml/dataset/spatialRaster/verticalAccuracy/accuracyReport
KUBI,03910-metadata.xml,/eml:eml/dataset/spatialRaster/cellSizeXDirection
KUBI,03910-metadata.xml,/eml:eml/dataset/spatialRaster/cellSizeYDirection
KUBI,03910-metadata.xml,/eml:eml/dataset/spatialRaster/numberOfBands
KUBI,03910-metadata.xml,/eml:eml/dataset/spatialRaster/rasterOrigin
KUBI,03910-metadata.xml,/eml:eml/dataset/spatialRaster/rows
KUBI,03910-metadata.xml,/eml:eml/dataset/spatialRaster/columns
KUBI,03910-metadata.xml,/eml:eml/dataset/spatialRaster/verticals
KUBI,03910-metadata.xml,/eml:eml/dataset/spatialRaster/cellGeometry
KUBI,03911-metadata.xml,/eml:eml/@packageId
KUBI,03911-metadata.xml,/eml:eml/@system
KUBI,03911-metadata.xml,/eml:eml/@xsi:schemaLocation
KUBI,03911-metadata.xml,/eml:eml/dataset/title
KUBI,03911-metadata.xml,/eml:eml/dataset/creator/organizationName
KUBI,03911-metadata.xml,/eml:eml/dataset/keywordSet/keyword
KUBI,03911-metadata.xml,/eml:eml/dataset/keywordSet/keyword
KUBI,03911-metadata.xml,/eml:eml/dataset/keywordSet/keyword
KUBI,03911-metadata.xml,/eml:eml/dataset/keywordSet/keyword
KUBI,03911-metadata.xml,/eml:eml/dataset/coverage/geographicCoverage/geographicDescription
KUBI,03911-metadata.xml,/eml:eml/dataset/coverage/geographicCoverage/boundingCoordinates/westBoundingCoordinate
KUBI,03911-metadata.xml,/eml:eml/dataset/coverage/geographicCoverage/boundingCoordinates/eastBoundingCoordinate
KUBI,03911-metadata.xml,/eml:eml/dataset/coverage/geographicCoverage/boundingCoordinates/northBoundingCoordinate
KUBI,03911-metadata.xml,/eml:eml/dataset/coverage/geographicCoverage/boundingCoordinates/southBoundingCoordinate
KUBI,03911-metadata.xml,/eml:eml/dataset/coverage/temporalCoverage/rangeOfDates/beginDate/calendarDate
KUBI,03911-metadata.xml,/eml:eml/dataset/coverage/temporalCoverage/rangeOfDates/endDate/calendarDate
KUBI,03911-metadata.xml,/eml:eml/dataset/contact/organizationName
KUBI,03911-metadata.xml,/eml:eml/dataset/contact/address/deliveryPoint
KUBI,03911-metadata.xml,/eml:eml/dataset/contact/address/city
KUBI,03911-metadata.xml,/eml:eml/dataset/contact/address/administrativeArea
KUBI,03911-metadata.xml,/eml:eml/dataset/contact/address/postalCode
KUBI,03911-metadata.xml,/eml:eml/dataset/contact/address/country
KUBI,03911-metadata.xml,/eml:eml/dataset/contact/electronicMailAddress
KUBI,03911-metadata.xml,/eml:eml/dataset/contact/onlineUrl
KUBI,03911-metadata.xml,/eml:eml/dataset/spatialRaster/entityName
KUBI,03911-metadata.xml,/eml:eml/dataset/spatialRaster/physical/objectName
KUBI,03911-metadata.xml,/eml:eml/dataset/spatialRaster/physical/dataFormat/externallyDefinedFormat/formatName
KUBI,03911-metadata.xml,/eml:eml/dataset/spatialRaster/physical/distribution/online/url
KUBI,03911-metadata.xml,/eml:eml/dataset/spatialRaster/physical/distribution/online/url/@function
KUBI,03911-metadata.xml,/eml:eml/dataset/spatialRaster/attributeList/attribute/attributeName
KUBI,03911-metadata.xml,/eml:eml/dataset/spatialRaster/attributeList/attribute/attributeDefinition
KUBI,03911-metadata.xml,/eml:eml/dataset/spatialRaster/attributeList/attribute/storageType
KUBI,03911-metadata.xml,/eml:eml/dataset/spatialRaster/attributeList/attribute/measurementScale/interval/unit/standardUnit
KUBI,03911-metadata.xml,/eml:eml/dataset/spatialRaster/attributeList/attribute/measurementScale/interval/numericDomain/numberType
KUBI,03911-metadata.xml,/eml:eml/dataset/spatialRaster/attributeList/attribute/measurementScale/interval/numericDomain/bounds/minimum
KUBI,03911-metadata.xml,/eml:eml/dataset/spatialRaster/attributeList/attribute/measurementScale/interval/numericDomain/bounds/minimum/@exclusive
KUBI,03911-metadata.xml,/eml:eml/dataset/spatialRaster/attributeList/attribute/measurementScale/interval/numericDomain/bounds/maximum
KUBI,03911-metadata.xml,/eml:eml/dataset/spatialRaster/attributeList/attribute/measurementScale/interval/numericDomain/bounds/maximum/@exclusive
KUBI,03911-metadata.xml,/eml:eml/dataset/spatialRaster/spatialReference/horizCoordSysDef/@name
KUBI,03911-metadata.xml,/eml:eml/dataset/spatialRaster/spatialReference/horizCoordSysDef/geogCoordSys/datum/@name
KUBI,03911-metadata.xml,/eml:eml/dataset/spatialRaster/spatialReference/horizCoordSysDef/geogCoordSys/spheroid/@denomFlatRatio
KUBI,03911-metadata.xml,/eml:eml/dataset/spatialRaster/spatialReference/horizCoordSysDef/geogCoordSys/spheroid/@name
KUBI,03911-metadata.xml,/eml:eml/dataset/spatialRaster/spatialReference/horizCoordSysDef/geogCoordSys/spheroid/@semiAxisMajor
KUBI,03911-metadata.xml,/eml:eml/dataset/spatialRaster/spatialReference/horizCoordSysDef/geogCoordSys/primeMeridian/@longitude
KUBI,03911-metadata.xml,/eml:eml/dataset/spatialRaster/spatialReference/horizCoordSysDef/geogCoordSys/primeMeridian/@name
KUBI,03911-metadata.xml,/eml:eml/dataset/spatialRaster/spatialReference/horizCoordSysDef/geogCoordSys/unit/@name
KUBI,03911-metadata.xml,/eml:eml/dataset/spatialRaster/horizontalAccuracy/accuracyReport
KUBI,03911-metadata.xml,/eml:eml/dataset/spatialRaster/verticalAccuracy/accuracyReport
KUBI,03911-metadata.xml,/eml:eml/dataset/spatialRaster/cellSizeXDirection
KUBI,03911-metadata.xml,/eml:eml/dataset/spatialRaster/cellSizeYDirection
KUBI,03911-metadata.xml,/eml:eml/dataset/spatialRaster/numberOfBands
KUBI,03911-metadata.xml,/eml:eml/dataset/spatialRaster/rasterOrigin
KUBI,03911-metadata.xml,/eml:eml/dataset/spatialRaster/rows
KUBI,03911-metadata.xml,/eml:eml/dataset/spatialRaster/columns
KUBI,03911-metadata.xml,/eml:eml/dataset/spatialRaster/verticals
KUBI,03911-metadata.xml,/eml:eml/dataset/spatialRaster/cellGeometry
KUBI,03912-metadata.xml,/eml:eml/@packageId
KUBI,03912-metadata.xml,/eml:eml/@system
KUBI,03912-metadata.xml,/eml:eml/@xsi:schemaLocation
KUBI,03912-metadata.xml,/eml:eml/dataset/title
KUBI,03912-metadata.xml,/eml:eml/dataset/creator/organizationName
KUBI,03912-metadata.xml,/eml:eml/dataset/keywordSet/keyword
KUBI,03912-metadata.xml,/eml:eml/dataset/keywordSet/keyword
KUBI,03912-metadata.xml,/eml:eml/dataset/keywordSet/keyword
KUBI,03912-metadata.xml,/eml:eml/dataset/coverage/geographicCoverage/geographicDescription
KUBI,03912-metadata.xml,/eml:eml/dataset/coverage/geographicCoverage/boundingCoordinates/westBoundingCoordinate
KUBI,03912-metadata.xml,/eml:eml/dataset/coverage/geographicCoverage/boundingCoordinates/eastBoundingCoordinate
KUBI,03912-metadata.xml,/eml:eml/dataset/coverage/geographicCoverage/boundingCoordinates/northBoundingCoordinate
KUBI,03912-metadata.xml,/eml:eml/dataset/coverage/geographicCoverage/boundingCoordinates/southBoundingCoordinate
KUBI,03912-metadata.xml,/eml:eml/dataset/coverage/temporalCoverage/rangeOfDates/beginDate/calendarDate
KUBI,03912-metadata.xml,/eml:eml/dataset/coverage/temporalCoverage/rangeOfDates/endDate/calendarDate
KUBI,03912-metadata.xml,/eml:eml/dataset/contact/organizationName
KUBI,03912-metadata.xml,/eml:eml/dataset/contact/address/deliveryPoint
KUBI,03912-metadata.xml,/eml:eml/dataset/contact/address/city
KUBI,03912-metadata.xml,/eml:eml/dataset/contact/address/administrativeArea
KUBI,03912-metadata.xml,/eml:eml/dataset/contact/address/postalCode
KUBI,03912-metadata.xml,/eml:eml/dataset/contact/address/country
KUBI,03912-metadata.xml,/eml:eml/dataset/contact/electronicMailAddress
KUBI,03912-metadata.xml,/eml:eml/dataset/contact/onlineUrl
KUBI,03912-metadata.xml,/eml:eml/dataset/spatialRaster/entityName
KUBI,03912-metadata.xml,/eml:eml/dataset/spatialRaster/physical/objectName
KUBI,03912-metadata.xml,/eml:eml/dataset/spatialRaster/physical/dataFormat/externallyDefinedFormat/formatName
KUBI,03912-metadata.xml,/eml:eml/dataset/spatialRaster/physical/distribution/online/url
KUBI,03912-metadata.xml,/eml:eml/dataset/spatialRaster/physical/distribution/online/url/@function
KUBI,03912-metadata.xml,/eml:eml/dataset/spatialRaster/attributeList/attribute/attributeName
KUBI,03912-metadata.xml,/eml:eml/dataset/spatialRaster/attributeList/attribute/attributeDefinition
KUBI,03912-metadata.xml,/eml:eml/dataset/spatialRaster/attributeList/attribute/storageType
KUBI,03912-metadata.xml,/eml:eml/dataset/spatialRaster/attributeList/attribute/measurementScale/interval/unit/standardUnit
KUBI,03912-metadata.xml,/eml:eml/dataset/spatialRaster/attributeList/attribute/measurementScale/interval/numericDomain/numberType
KUBI,03912-metadata.xml,/eml:eml/dataset/spatialRaster/attributeList/attribute/measurementScale/interval/numericDomain/bounds/minimum
KUBI,03912-metadata.xml,/eml:eml/dataset/spatialRaster/attributeList/attribute/measurementScale/interval/numericDomain/bounds/minimum/@exclusive
KUBI,03912-metadata.xml,/eml:eml/dataset/spatialRaster/attributeList/attribute/measurementScale/interval/numericDomain/bounds/maximum
KUBI,03912-metadata.xml,/eml:eml/dataset/spatialRaster/attributeList/attribute/measurementScale/interval/numericDomain/bounds/maximum/@exclusive
KUBI,03912-metadata.xml,/eml:eml/dataset/spatialRaster/spatialReference/horizCoordSysDef/@name
KUBI,03912-metadata.xml,/eml:eml/dataset/spatialRaster/spatialReference/horizCoordSysDef/geogCoordSys/datum/@name
KUBI,03912-metadata.xml,/eml:eml/dataset/spatialRaster/spatialReference/horizCoordSysDef/geogCoordSys/spheroid/@denomFlatRatio
KUBI,03912-metadata.xml,/eml:eml/dataset/spatialRaster/spatialReference/horizCoordSysDef/geogCoordSys/spheroid/@name
KUBI,03912-metadata.xml,/eml:eml/dataset/spatialRaster/spatialReference/horizCoordSysDef/geogCoordSys/spheroid/@semiAxisMajor
KUBI,03912-metadata.xml,/eml:eml/dataset/spatialRaster/spatialReference/horizCoordSysDef/geogCoordSys/primeMeridian/@longitude
KUBI,03912-metadata.xml,/eml:eml/dataset/spatialRaster/spatialReference/horizCoordSysDef/geogCoordSys/primeMeridian/@name
KUBI,03912-metadata.xml,/eml:eml/dataset/spatialRaster/spatialReference/horizCoordSysDef/geogCoordSys/unit/@name
KUBI,03912-metadata.xml,/eml:eml/dataset/spatialRaster/horizontalAccuracy/accuracyReport
KUBI,03912-metadata.xml,/eml:eml/dataset/spatialRaster/verticalAccuracy/accuracyReport
KUBI,03912-metadata.xml,/eml:eml/dataset/spatialRaster/cellSizeXDirection
KUBI,03912-metadata.xml,/eml:eml/dataset/spatialRaster/cellSizeYDirection
KUBI,03912-metadata.xml,/eml:eml/dataset/spatialRaster/numberOfBands
KUBI,03912-metadata.xml,/eml:eml/dataset/spatialRaster/rasterOrigin
KUBI,03912-metadata.xml,/eml:eml/dataset/spatialRaster/rows
KUBI,03912-metadata.xml,/eml:eml/dataset/spatialRaster/columns
KUBI,03912-metadata.xml,/eml:eml/dataset/spatialRaster/verticals
KUBI,03912-metadata.xml,/eml:eml/dataset/spatialRaster/cellGeometry
KUBI,03913-metadata.xml,/eml:eml/@packageId
KUBI,03913-metadata.xml,/eml:eml/@system
KUBI,03913-metadata.xml,/eml:eml/@xsi:schemaLocation
KUBI,03913-metadata.xml,/eml:eml/dataset/title
KUBI,03913-metadata.xml,/eml:eml/dataset/creator/organizationName
KUBI,03913-metadata.xml,/eml:eml/dataset/keywordSet/keyword
KUBI,03913-metadata.xml,/eml:eml/dataset/keywordSet/keyword
KUBI,03913-metadata.xml,/eml:eml/dataset/keywordSet/keyword
KUBI,03913-metadata.xml,/eml:eml/dataset/coverage/geographicCoverage/geographicDescription
KUBI,03913-metadata.xml,/eml:eml/dataset/coverage/geographicCoverage/boundingCoordinates/westBoundingCoordinate
KUBI,03913-metadata.xml,/eml:eml/dataset/coverage/geographicCoverage/boundingCoordinates/eastBoundingCoordinate
KUBI,03913-metadata.xml,/eml:eml/dataset/coverage/geographicCoverage/boundingCoordinates/northBoundingCoordinate
KUBI,03913-metadata.xml,/eml:eml/dataset/coverage/geographicCoverage/boundingCoordinates/southBoundingCoordinate
KUBI,03913-metadata.xml,/eml:eml/dataset/coverage/temporalCoverage/rangeOfDates/beginDate/calendarDate
KUBI,03913-metadata.xml,/eml:eml/dataset/coverage/temporalCoverage/rangeOfDates/endDate/calendarDate
KUBI,03913-metadata.xml,/eml:eml/dataset/contact/organizationName
KUBI,03913-metadata.xml,/eml:eml/dataset/contact/address/deliveryPoint
KUBI,03913-metadata.xml,/eml:eml/dataset/contact/address/city
KUBI,03913-metadata.xml,/eml:eml/dataset/contact/address/administrativeArea
KUBI,03913-metadata.xml,/eml:eml/dataset/contact/address/postalCode
KUBI,03913-metadata.xml,/eml:eml/dataset/contact/address/country
KUBI,03913-metadata.xml,/eml:eml/dataset/contact/electronicMailAddress
KUBI,03913-metadata.xml,/eml:eml/dataset/contact/onlineUrl
KUBI,03913-metadata.xml,/eml:eml/dataset/spatialRaster/entityName
KUBI,03913-metadata.xml,/eml:eml/dataset/spatialRaster/physical/objectName
KUBI,03913-metadata.xml,/eml:eml/dataset/spatialRaster/physical/dataFormat/externallyDefinedFormat/formatName
KUBI,03913-metadata.xml,/eml:eml/dataset/spatialRaster/physical/distribution/online/url
KUBI,03913-metadata.xml,/eml:eml/dataset/spatialRaster/physical/distribution/online/url/@function
KUBI,03913-metadata.xml,/eml:eml/dataset/spatialRaster/attributeList/attribute/attributeName
KUBI,03913-metadata.xml,/eml:eml/dataset/spatialRaster/attributeList/attribute/attributeDefinition
KUBI,03913-metadata.xml,/eml:eml/dataset/spatialRaster/attributeList/attribute/storageType
KUBI,03913-metadata.xml,/eml:eml/dataset/spatialRaster/attributeList/attribute/measurementScale/interval/unit/standardUnit
KUBI,03913-metadata.xml,/eml:eml/dataset/spatialRaster/attributeList/attribute/measurementScale/interval/numericDomain/numberType
KUBI,03913-metadata.xml,/eml:eml/dataset/spatialRaster/attributeList/attribute/measurementScale/interval/numericDomain/bounds/minimum
KUBI,03913-metadata.xml,/eml:eml/dataset/spatialRaster/attributeList/attribute/measurementScale/interval/numericDomain/bounds/minimum/@exclusive
KUBI,03913-metadata.xml,/eml:eml/dataset/spatialRaster/attributeList/attribute/measurementScale/interval/numericDomain/bounds/maximum
KUBI,03913-metadata.xml,/eml:eml/dataset/spatialRaster/attributeList/attribute/measurementScale/interval/numericDomain/bounds/maximum/@exclusive
KUBI,03913-metadata.xml,/eml:eml/dataset/spatialRaster/spatialReference/horizCoordSysDef/@name
KUBI,03913-metadata.xml,/eml:eml/dataset/spatialRaster/spatialReference/horizCoordSysDef/geogCoordSys/datum/@name
KUBI,03913-metadata.xml,/eml:eml/dataset/spatialRaster/spatialReference/horizCoordSysDef/geogCoordSys/spheroid/@denomFlatRatio
KUBI,03913-metadata.xml,/eml:eml/dataset/spatialRaster/spatialReference/horizCoordSysDef/geogCoordSys/spheroid/@name
KUBI,03913-metadata.xml,/eml:eml/dataset/spatialRaster/spatialReference/horizCoordSysDef/geogCoordSys/spheroid/@semiAxisMajor
KUBI,03913-metadata.xml,/eml:eml/dataset/spatialRaster/spatialReference/horizCoordSysDef/geogCoordSys/primeMeridian/@longitude
KUBI,03913-metadata.xml,/eml:eml/dataset/spatialRaster/spatialReference/horizCoordSysDef/geogCoordSys/primeMeridian/@name
KUBI,03913-metadata.xml,/eml:eml/dataset/spatialRaster/spatialReference/horizCoordSysDef/geogCoordSys/unit/@name
KUBI,03913-metadata.xml,/eml:eml/dataset/spatialRaster/horizontalAccuracy/accuracyReport
KUBI,03913-metadata.xml,/eml:eml/dataset/spatialRaster/verticalAccuracy/accuracyReport
KUBI,03913-metadata.xml,/eml:eml/dataset/spatialRaster/cellSizeXDirection
KUBI,03913-metadata.xml,/eml:eml/dataset/spatialRaster/cellSizeYDirection
KUBI,03913-metadata.xml,/eml:eml/dataset/spatialRaster/numberOfBands
KUBI,03913-metadata.xml,/eml:eml/dataset/spatialRaster/rasterOrigin
KUBI,03913-metadata.xml,/eml:eml/dataset/spatialRaster/rows
KUBI,03913-metadata.xml,/eml:eml/dataset/spatialRaster/columns
KUBI,03913-metadata.xml,/eml:eml/dataset/spatialRaster/verticals
KUBI,03913-metadata.xml,/eml:eml/dataset/spatialRaster/cellGeometry
KUBI,03914-metadata.xml,/eml:eml/@packageId
KUBI,03914-metadata.xml,/eml:eml/@system
KUBI,03914-metadata.xml,/eml:eml/@xsi:schemaLocation
KUBI,03914-metadata.xml,/eml:eml/dataset/title
KUBI,03914-metadata.xml,/eml:eml/dataset/creator/organizationName
KUBI,03914-metadata.xml,/eml:eml/dataset/keywordSet/keyword
KUBI,03914-metadata.xml,/eml:eml/dataset/keywordSet/keyword
KUBI,03914-metadata.xml,/eml:eml/dataset/keywordSet/keyword
KUBI,03914-metadata.xml,/eml:eml/dataset/keywordSet/keyword
KUBI,03914-metadata.xml,/eml:eml/dataset/coverage/geographicCoverage/geographicDescription
KUBI,03914-metadata.xml,/eml:eml/dataset/coverage/geographicCoverage/boundingCoordinates/westBoundingCoordinate
KUBI,03914-metadata.xml,/eml:eml/dataset/coverage/geographicCoverage/boundingCoordinates/eastBoundingCoordinate
KUBI,03914-metadata.xml,/eml:eml/dataset/coverage/geographicCoverage/boundingCoordinates/northBoundingCoordinate
KUBI,03914-metadata.xml,/eml:eml/dataset/coverage/geographicCoverage/boundingCoordinates/southBoundingCoordinate
KUBI,03914-metadata.xml,/eml:eml/dataset/coverage/temporalCoverage/rangeOfDates/beginDate/calendarDate
KUBI,03914-metadata.xml,/eml:eml/dataset/coverage/temporalCoverage/rangeOfDates/endDate/calendarDate
KUBI,03914-metadata.xml,/eml:eml/dataset/contact/organizationName
KUBI,03914-metadata.xml,/eml:eml/dataset/contact/address/deliveryPoint
KUBI,03914-metadata.xml,/eml:eml/dataset/contact/address/city
KUBI,03914-metadata.xml,/eml:eml/dataset/contact/address/administrativeArea
KUBI,03914-metadata.xml,/eml:eml/dataset/contact/address/postalCode
KUBI,03914-metadata.xml,/eml:eml/dataset/contact/address/country
KUBI,03914-metadata.xml,/eml:eml/dataset/contact/electronicMailAddress
KUBI,03914-metadata.xml,/eml:eml/dataset/contact/onlineUrl
KUBI,03914-metadata.xml,/eml:eml/dataset/spatialRaster/entityName
KUBI,03914-metadata.xml,/eml:eml/dataset/spatialRaster/physical/objectName
KUBI,03914-metadata.xml,/eml:eml/dataset/spatialRaster/physical/dataFormat/externallyDefinedFormat/formatName
KUBI,03914-metadata.xml,/eml:eml/dataset/spatialRaster/physical/distribution/online/url
KUBI,03914-metadata.xml,/eml:eml/dataset/spatialRaster/physical/distribution/online/url/@function
KUBI,03914-metadata.xml,/eml:eml/dataset/spatialRaster/attributeList/attribute/attributeName
KUBI,03914-metadata.xml,/eml:eml/dataset/spatialRaster/attributeList/attribute/attributeDefinition
KUBI,03914-metadata.xml,/eml:eml/dataset/spatialRaster/attributeList/attribute/storageType
KUBI,03914-metadata.xml,/eml:eml/dataset/spatialRaster/attributeList/attribute/measurementScale/interval/unit/customUnit
KUBI,03914-metadata.xml,/eml:eml/dataset/spatialRaster/attributeList/attribute/measurementScale/interval/numericDomain/numberType
KUBI,03914-metadata.xml,/eml:eml/dataset/spatialRaster/attributeList/attribute/measurementScale/interval/numericDomain/bounds/minimum
KUBI,03914-metadata.xml,/eml:eml/dataset/spatialRaster/attributeList/attribute/measurementScale/interval/numericDomain/bounds/minimum/@exclusive
KUBI,03914-metadata.xml,/eml:eml/dataset/spatialRaster/attributeList/attribute/measurementScale/interval/numericDomain/bounds/maximum
KUBI,03914-metadata.xml,/eml:eml/dataset/spatialRaster/attributeList/attribute/measurementScale/interval/numericDomain/bounds/maximum/@exclusive
KUBI,03914-metadata.xml,/eml:eml/dataset/spatialRaster/spatialReference/horizCoordSysDef/@name
KUBI,03914-metadata.xml,/eml:eml/dataset/spatialRaster/spatialReference/horizCoordSysDef/geogCoordSys/datum/@name
KUBI,03914-metadata.xml,/eml:eml/dataset/spatialRaster/spatialReference/horizCoordSysDef/geogCoordSys/spheroid/@denomFlatRatio
KUBI,03914-metadata.xml,/eml:eml/dataset/spatialRaster/spatialReference/horizCoordSysDef/geogCoordSys/spheroid/@name
KUBI,03914-metadata.xml,/eml:eml/dataset/spatialRaster/spatialReference/horizCoordSysDef/geogCoordSys/spheroid/@semiAxisMajor
KUBI,03914-metadata.xml,/eml:eml/dataset/spatialRaster/spatialReference/horizCoordSysDef/geogCoordSys/primeMeridian/@longitude
KUBI,03914-metadata.xml,/eml:eml/dataset/spatialRaster/spatialReference/horizCoordSysDef/geogCoordSys/primeMeridian/@name
KUBI,03914-metadata.xml,/eml:eml/dataset/spatialRaster/spatialReference/horizCoordSysDef/geogCoordSys/unit/@name
KUBI,03914-metadata.xml,/eml:eml/dataset/spatialRaster/horizontalAccuracy/accuracyReport
KUBI,03914-metadata.xml,/eml:eml/dataset/spatialRaster/verticalAccuracy/accuracyReport
KUBI,03914-metadata.xml,/eml:eml/dataset/spatialRaster/cellSizeXDirection
KUBI,03914-metadata.xml,/eml:eml/dataset/spatialRaster/cellSizeYDirection
KUBI,03914-metadata.xml,/eml:eml/dataset/spatialRaster/numberOfBands
KUBI,03914-metadata.xml,/eml:eml/dataset/spatialRaster/rasterOrigin
KUBI,03914-metadata.xml,/eml:eml/dataset/spatialRaster/rows
KUBI,03914-metadata.xml,/eml:eml/dataset/spatialRaster/columns
KUBI,03914-metadata.xml,/eml:eml/dataset/spatialRaster/verticals
KUBI,03914-metadata.xml,/eml:eml/dataset/spatialRaster/cellGeometry
KUBI,03914-metadata.xml,/eml:eml/additionalMetadata/metadata/unitList/ns2:unit/@id
KUBI,03914-metadata.xml,/eml:eml/additionalMetadata/metadata/unitList/ns2:unit/@multiplierToSI
KUBI,03914-metadata.xml,/eml:eml/additionalMetadata/metadata/unitList/ns2:unit/@parentSI
KUBI,03914-metadata.xml,/eml:eml/additionalMetadata/metadata/unitList/ns2:unit/ns2:description
KUBI,03915-metadata.xml,/eml:eml/@packageId
KUBI,03915-metadata.xml,/eml:eml/@system
KUBI,03915-metadata.xml,/eml:eml/@xsi:schemaLocation
KUBI,03915-metadata.xml,/eml:eml/dataset/title
KUBI,03915-metadata.xml,/eml:eml/dataset/creator/organizationName
KUBI,03915-metadata.xml,/eml:eml/dataset/keywordSet/keyword
KUBI,03915-metadata.xml,/eml:eml/dataset/keywordSet/keyword
KUBI,03915-metadata.xml,/eml:eml/dataset/keywordSet/keyword
KUBI,03915-metadata.xml,/eml:eml/dataset/coverage/geographicCoverage/geographicDescription
KUBI,03915-metadata.xml,/eml:eml/dataset/coverage/geographicCoverage/boundingCoordinates/westBoundingCoordinate
KUBI,03915-metadata.xml,/eml:eml/dataset/coverage/geographicCoverage/boundingCoordinates/eastBoundingCoordinate
KUBI,03915-metadata.xml,/eml:eml/dataset/coverage/geographicCoverage/boundingCoordinates/northBoundingCoordinate
KUBI,03915-metadata.xml,/eml:eml/dataset/coverage/geographicCoverage/boundingCoordinates/southBoundingCoordinate
KUBI,03915-metadata.xml,/eml:eml/dataset/coverage/temporalCoverage/rangeOfDates/beginDate/calendarDate
KUBI,03915-metadata.xml,/eml:eml/dataset/coverage/temporalCoverage/rangeOfDates/endDate/calendarDate
KUBI,03915-metadata.xml,/eml:eml/dataset/contact/organizationName
KUBI,03915-metadata.xml,/eml:eml/dataset/contact/address/deliveryPoint
KUBI,03915-metadata.xml,/eml:eml/dataset/contact/address/city
KUBI,03915-metadata.xml,/eml:eml/dataset/contact/address/administrativeArea
KUBI,03915-metadata.xml,/eml:eml/dataset/contact/address/postalCode
KUBI,03915-metadata.xml,/eml:eml/dataset/contact/address/country
KUBI,03915-metadata.xml,/eml:eml/dataset/contact/electronicMailAddress
KUBI,03915-metadata.xml,/eml:eml/dataset/contact/onlineUrl
KUBI,03915-metadata.xml,/eml:eml/dataset/spatialRaster/entityName
KUBI,03915-metadata.xml,/eml:eml/dataset/spatialRaster/physical/objectName
KUBI,03915-metadata.xml,/eml:eml/dataset/spatialRaster/physical/dataFormat/externallyDefinedFormat/formatName
KUBI,03915-metadata.xml,/eml:eml/dataset/spatialRaster/physical/distribution/online/url
KUBI,03915-metadata.xml,/eml:eml/dataset/spatialRaster/physical/distribution/online/url/@function
KUBI,03915-metadata.xml,/eml:eml/dataset/spatialRaster/attributeList/attribute/attributeName
KUBI,03915-metadata.xml,/eml:eml/dataset/spatialRaster/attributeList/attribute/attributeDefinition
KUBI,03915-metadata.xml,/eml:eml/dataset/spatialRaster/attributeList/attribute/storageType
KUBI,03915-metadata.xml,/eml:eml/dataset/spatialRaster/attributeList/attribute/measurementScale/interval/unit/standardUnit
KUBI,03915-metadata.xml,/eml:eml/dataset/spatialRaster/attributeList/attribute/measurementScale/interval/numericDomain/numberType
KUBI,03915-metadata.xml,/eml:eml/dataset/spatialRaster/attributeList/attribute/measurementScale/interval/numericDomain/bounds/minimum
KUBI,03915-metadata.xml,/eml:eml/dataset/spatialRaster/attributeList/attribute/measurementScale/interval/numericDomain/bounds/minimum/@exclusive
KUBI,03915-metadata.xml,/eml:eml/dataset/spatialRaster/attributeList/attribute/measurementScale/interval/numericDomain/bounds/maximum
KUBI,03915-metadata.xml,/eml:eml/dataset/spatialRaster/attributeList/attribute/measurementScale/interval/numericDomain/bounds/maximum/@exclusive
KUBI,03915-metadata.xml,/eml:eml/dataset/spatialRaster/spatialReference/horizCoordSysDef/@name
KUBI,03915-metadata.xml,/eml:eml/dataset/spatialRaster/spatialReference/horizCoordSysDef/geogCoordSys/datum/@name
KUBI,03915-metadata.xml,/eml:eml/dataset/spatialRaster/spatialReference/horizCoordSysDef/geogCoordSys/spheroid/@denomFlatRatio
KUBI,03915-metadata.xml,/eml:eml/dataset/spatialRaster/spatialReference/horizCoordSysDef/geogCoordSys/spheroid/@name
KUBI,03915-metadata.xml,/eml:eml/dataset/spatialRaster/spatialReference/horizCoordSysDef/geogCoordSys/spheroid/@semiAxisMajor
KUBI,03915-metadata.xml,/eml:eml/dataset/spatialRaster/spatialReference/horizCoordSysDef/geogCoordSys/primeMeridian/@longitude
KUBI,03915-metadata.xml,/eml:eml/dataset/spatialRaster/spatialReference/horizCoordSysDef/geogCoordSys/primeMeridian/@name
KUBI,03915-metadata.xml,/eml:eml/dataset/spatialRaster/spatialReference/horizCoordSysDef/geogCoordSys/unit/@name
KUBI,03915-metadata.xml,/eml:eml/dataset/spatialRaster/horizontalAccuracy/accuracyReport
KUBI,03915-metadata.xml,/eml:eml/dataset/spatialRaster/verticalAccuracy/accuracyReport
KUBI,03915-metadata.xml,/eml:eml/dataset/spatialRaster/cellSizeXDirection
KUBI,03915-metadata.xml,/eml:eml/dataset/spatialRaster/cellSizeYDirection
KUBI,03915-metadata.xml,/eml:eml/dataset/spatialRaster/numberOfBands
KUBI,03915-metadata.xml,/eml:eml/dataset/spatialRaster/rasterOrigin
KUBI,03915-metadata.xml,/eml:eml/dataset/spatialRaster/rows
KUBI,03915-metadata.xml,/eml:eml/dataset/spatialRaster/columns
KUBI,03915-metadata.xml,/eml:eml/dataset/spatialRaster/verticals
KUBI,03915-metadata.xml,/eml:eml/dataset/spatialRaster/cellGeometry
KUBI,03916-metadata.xml,/eml:eml/@packageId
KUBI,03916-metadata.xml,/eml:eml/@system
KUBI,03916-metadata.xml,/eml:eml/@xsi:schemaLocation
KUBI,03916-metadata.xml,/eml:eml/dataset/title
KUBI,03916-metadata.xml,/eml:eml/dataset/creator/organizationName
KUBI,03916-metadata.xml,/eml:eml/dataset/keywordSet/keyword
KUBI,03916-metadata.xml,/eml:eml/dataset/keywordSet/keyword
KUBI,03916-metadata.xml,/eml:eml/dataset/keywordSet/keyword
KUBI,03916-metadata.xml,/eml:eml/dataset/keywordSet/keyword
KUBI,03916-metadata.xml,/eml:eml/dataset/coverage/geographicCoverage/geographicDescription
KUBI,03916-metadata.xml,/eml:eml/dataset/coverage/geographicCoverage/boundingCoordinates/westBoundingCoordinate
KUBI,03916-metadata.xml,/eml:eml/dataset/coverage/geographicCoverage/boundingCoordinates/eastBoundingCoordinate
KUBI,03916-metadata.xml,/eml:eml/dataset/coverage/geographicCoverage/boundingCoordinates/northBoundingCoordinate
KUBI,03916-metadata.xml,/eml:eml/dataset/coverage/geographicCoverage/boundingCoordinates/southBoundingCoordinate
KUBI,03916-metadata.xml,/eml:eml/dataset/coverage/temporalCoverage/rangeOfDates/beginDate/calendarDate
KUBI,03916-metadata.xml,/eml:eml/dataset/coverage/temporalCoverage/rangeOfDates/endDate/calendarDate
KUBI,03916-metadata.xml,/eml:eml/dataset/contact/organizationName
KUBI,03916-metadata.xml,/eml:eml/dataset/contact/address/deliveryPoint
KUBI,03916-metadata.xml,/eml:eml/dataset/contact/address/city
KUBI,03916-metadata.xml,/eml:eml/dataset/contact/address/administrativeArea
KUBI,03916-metadata.xml,/eml:eml/dataset/contact/address/postalCode
KUBI,03916-metadata.xml,/eml:eml/dataset/contact/address/country
KUBI,03916-metadata.xml,/eml:eml/dataset/contact/electronicMailAddress
KUBI,03916-metadata.xml,/eml:eml/dataset/contact/onlineUrl
KUBI,03916-metadata.xml,/eml:eml/dataset/spatialRaster/entityName
KUBI,03916-metadata.xml,/eml:eml/dataset/spatialRaster/physical/objectName
KUBI,03916-metadata.xml,/eml:eml/dataset/spatialRaster/physical/dataFormat/externallyDefinedFormat/formatName
KUBI,03916-metadata.xml,/eml:eml/dataset/spatialRaster/physical/distribution/online/url
KUBI,03916-metadata.xml,/eml:eml/dataset/spatialRaster/physical/distribution/online/url/@function
KUBI,03916-metadata.xml,/eml:eml/dataset/spatialRaster/attributeList/attribute/attributeName
KUBI,03916-metadata.xml,/eml:eml/dataset/spatialRaster/attributeList/attribute/attributeDefinition
KUBI,03916-metadata.xml,/eml:eml/dataset/spatialRaster/attributeList/attribute/storageType
KUBI,03916-metadata.xml,/eml:eml/dataset/spatialRaster/attributeList/attribute/measurementScale/interval/unit/standardUnit
KUBI,03916-metadata.xml,/eml:eml/dataset/spatialRaster/attributeList/attribute/measurementScale/interval/numericDomain/numberType
KUBI,03916-metadata.xml,/eml:eml/dataset/spatialRaster/attributeList/attribute/measurementScale/interval/numericDomain/bounds/minimum
KUBI,03916-metadata.xml,/eml:eml/dataset/spatialRaster/attributeList/attribute/measurementScale/interval/numericDomain/bounds/minimum/@exclusive
KUBI,03916-metadata.xml,/eml:eml/dataset/spatialRaster/attributeList/attribute/measurementScale/interval/numericDomain/bounds/maximum
KUBI,03916-metadata.xml,/eml:eml/dataset/spatialRaster/attributeList/attribute/measurementScale/interval/numericDomain/bounds/maximum/@exclusive
KUBI,03916-metadata.xml,/eml:eml/dataset/spatialRaster/spatialReference/horizCoordSysDef/@name
KUBI,03916-metadata.xml,/eml:eml/dataset/spatialRaster/spatialReference/horizCoordSysDef/geogCoordSys/datum/@name
KUBI,03916-metadata.xml,/eml:eml/dataset/spatialRaster/spatialReference/horizCoordSysDef/geogCoordSys/spheroid/@denomFlatRatio
KUBI,03916-metadata.xml,/eml:eml/dataset/spatialRaster/spatialReference/horizCoordSysDef/geogCoordSys/spheroid/@name
KUBI,03916-metadata.xml,/eml:eml/dataset/spatialRaster/spatialReference/horizCoordSysDef/geogCoordSys/spheroid/@semiAxisMajor
KUBI,03916-metadata.xml,/eml:eml/dataset/spatialRaster/spatialReference/horizCoordSysDef/geogCoordSys/primeMeridian/@longitude
KUBI,03916-metadata.xml,/eml:eml/dataset/spatialRaster/spatialReference/horizCoordSysDef/geogCoordSys/primeMeridian/@name
KUBI,03916-metadata.xml,/eml:eml/dataset/spatialRaster/spatialReference/horizCoordSysDef/geogCoordSys/unit/@name
KUBI,03916-metadata.xml,/eml:eml/dataset/spatialRaster/horizontalAccuracy/accuracyReport
KUBI,03916-metadata.xml,/eml:eml/dataset/spatialRaster/verticalAccuracy/accuracyReport
KUBI,03916-metadata.xml,/eml:eml/dataset/spatialRaster/cellSizeXDirection
KUBI,03916-metadata.xml,/eml:eml/dataset/spatialRaster/cellSizeYDirection
KUBI,03916-metadata.xml,/eml:eml/dataset/spatialRaster/numberOfBands
KUBI,03916-metadata.xml,/eml:eml/dataset/spatialRaster/rasterOrigin
KUBI,03916-metadata.xml,/eml:eml/dataset/spatialRaster/rows
KUBI,03916-metadata.xml,/eml:eml/dataset/spatialRaster/columns
KUBI,03916-metadata.xml,/eml:eml/dataset/spatialRaster/verticals
KUBI,03916-metadata.xml,/eml:eml/dataset/spatialRaster/cellGeometry
KUBI,03917-metadata.xml,/eml:eml/@packageId
KUBI,03917-metadata.xml,/eml:eml/@system
KUBI,03917-metadata.xml,/eml:eml/@xsi:schemaLocation
KUBI,03917-metadata.xml,/eml:eml/dataset/title
KUBI,03917-metadata.xml,/eml:eml/dataset/creator/organizationName
KUBI,03917-metadata.xml,/eml:eml/dataset/keywordSet/keyword
KUBI,03917-metadata.xml,/eml:eml/dataset/keywordSet/keyword
KUBI,03917-metadata.xml,/eml:eml/dataset/keywordSet/keyword
KUBI,03917-metadata.xml,/eml:eml/dataset/keywordSet/keyword
KUBI,03917-metadata.xml,/eml:eml/dataset/coverage/geographicCoverage/geographicDescription
KUBI,03917-metadata.xml,/eml:eml/dataset/coverage/geographicCoverage/boundingCoordinates/westBoundingCoordinate
KUBI,03917-metadata.xml,/eml:eml/dataset/coverage/geographicCoverage/boundingCoordinates/eastBoundingCoordinate
KUBI,03917-metadata.xml,/eml:eml/dataset/coverage/geographicCoverage/boundingCoordinates/northBoundingCoordinate
KUBI,03917-metadata.xml,/eml:eml/dataset/coverage/geographicCoverage/boundingCoordinates/southBoundingCoordinate
KUBI,03917-metadata.xml,/eml:eml/dataset/coverage/temporalCoverage/rangeOfDates/beginDate/calendarDate
KUBI,03917-metadata.xml,/eml:eml/dataset/coverage/temporalCoverage/rangeOfDates/endDate/calendarDate
KUBI,03917-metadata.xml,/eml:eml/dataset/contact/organizationName
KUBI,03917-metadata.xml,/eml:eml/dataset/contact/address/deliveryPoint
KUBI,03917-metadata.xml,/eml:eml/dataset/contact/address/city
KUBI,03917-metadata.xml,/eml:eml/dataset/contact/address/administrativeArea
KUBI,03917-metadata.xml,/eml:eml/dataset/contact/address/postalCode
KUBI,03917-metadata.xml,/eml:eml/dataset/contact/address/country
KUBI,03917-metadata.xml,/eml:eml/dataset/contact/electronicMailAddress
KUBI,03917-metadata.xml,/eml:eml/dataset/contact/onlineUrl
KUBI,03917-metadata.xml,/eml:eml/dataset/spatialRaster/entityName
KUBI,03917-metadata.xml,/eml:eml/dataset/spatialRaster/physical/objectName
KUBI,03917-metadata.xml,/eml:eml/dataset/spatialRaster/physical/dataFormat/externallyDefinedFormat/formatName
KUBI,03917-metadata.xml,/eml:eml/dataset/spatialRaster/physical/distribution/online/url
KUBI,03917-metadata.xml,/eml:eml/dataset/spatialRaster/physical/distribution/online/url/@function
KUBI,03917-metadata.xml,/eml:eml/dataset/spatialRaster/attributeList/attribute/attributeName
KUBI,03917-metadata.xml,/eml:eml/dataset/spatialRaster/attributeList/attribute/attributeDefinition
KUBI,03917-metadata.xml,/eml:eml/dataset/spatialRaster/attributeList/attribute/storageType
KUBI,03917-metadata.xml,/eml:eml/dataset/spatialRaster/attributeList/attribute/measurementScale/interval/unit/standardUnit
KUBI,03917-metadata.xml,/eml:eml/dataset/spatialRaster/attributeList/attribute/measurementScale/interval/numericDomain/numberType
KUBI,03917-metadata.xml,/eml:eml/dataset/spatialRaster/attributeList/attribute/measurementScale/interval/numericDomain/bounds/minimum
KUBI,03917-metadata.xml,/eml:eml/dataset/spatialRaster/attributeList/attribute/measurementScale/interval/numericDomain/bounds/minimum/@exclusive
KUBI,03917-metadata.xml,/eml:eml/dataset/spatialRaster/attributeList/attribute/measurementScale/interval/numericDomain/bounds/maximum
KUBI,03917-metadata.xml,/eml:eml/dataset/spatialRaster/attributeList/attribute/measurementScale/interval/numericDomain/bounds/maximum/@exclusive
KUBI,03917-metadata.xml,/eml:eml/dataset/spatialRaster/spatialReference/horizCoordSysDef/@name
KUBI,03917-metadata.xml,/eml:eml/dataset/spatialRaster/spatialReference/horizCoordSysDef/geogCoordSys/datum/@name
KUBI,03917-metadata.xml,/eml:eml/dataset/spatialRaster/spatialReference/horizCoordSysDef/geogCoordSys/spheroid/@denomFlatRatio
KUBI,03917-metadata.xml,/eml:eml/dataset/spatialRaster/spatialReference/horizCoordSysDef/geogCoordSys/spheroid/@name
KUBI,03917-metadata.xml,/eml:eml/dataset/spatialRaster/spatialReference/horizCoordSysDef/geogCoordSys/spheroid/@semiAxisMajor
KUBI,03917-metadata.xml,/eml:eml/dataset/spatialRaster/spatialReference/horizCoordSysDef/geogCoordSys/primeMeridian/@longitude
KUBI,03917-metadata.xml,/eml:eml/dataset/spatialRaster/spatialReference/horizCoordSysDef/geogCoordSys/primeMeridian/@name
KUBI,03917-metadata.xml,/eml:eml/dataset/spatialRaster/spatialReference/horizCoordSysDef/geogCoordSys/unit/@name
KUBI,03917-metadata.xml,/eml:eml/dataset/spatialRaster/horizontalAccuracy/accuracyReport
KUBI,03917-metadata.xml,/eml:eml/dataset/spatialRaster/verticalAccuracy/accuracyReport
KUBI,03917-metadata.xml,/eml:eml/dataset/spatialRaster/cellSizeXDirection
KUBI,03917-metadata.xml,/eml:eml/dataset/spatialRaster/cellSizeYDirection
KUBI,03917-metadata.xml,/eml:eml/dataset/spatialRaster/numberOfBands
KUBI,03917-metadata.xml,/eml:eml/dataset/spatialRaster/rasterOrigin
KUBI,03917-metadata.xml,/eml:eml/dataset/spatialRaster/rows
KUBI,03917-metadata.xml,/eml:eml/dataset/spatialRaster/columns
KUBI,03917-metadata.xml,/eml:eml/dataset/spatialRaster/verticals
KUBI,03917-metadata.xml,/eml:eml/dataset/spatialRaster/cellGeometry
KUBI,03918-metadata.xml,/eml:eml/@packageId
KUBI,03918-metadata.xml,/eml:eml/@system
KUBI,03918-metadata.xml,/eml:eml/@xsi:schemaLocation
KUBI,03918-metadata.xml,/eml:eml/dataset/title
KUBI,03918-metadata.xml,/eml:eml/dataset/creator/organizationName
KUBI,03918-metadata.xml,/eml:eml/dataset/keywordSet/keyword
KUBI,03918-metadata.xml,/eml:eml/dataset/keywordSet/keyword
KUBI,03918-metadata.xml,/eml:eml/dataset/keywordSet/keyword
KUBI,03918-metadata.xml,/eml:eml/dataset/keywordSet/keyword
KUBI,03918-metadata.xml,/eml:eml/dataset/coverage/geographicCoverage/geographicDescription
KUBI,03918-metadata.xml,/eml:eml/dataset/coverage/geographicCoverage/boundingCoordinates/westBoundingCoordinate
KUBI,03918-metadata.xml,/eml:eml/dataset/coverage/geographicCoverage/boundingCoordinates/eastBoundingCoordinate
KUBI,03918-metadata.xml,/eml:eml/dataset/coverage/geographicCoverage/boundingCoordinates/northBoundingCoordinate
KUBI,03918-metadata.xml,/eml:eml/dataset/coverage/geographicCoverage/boundingCoordinates/southBoundingCoordinate
KUBI,03918-metadata.xml,/eml:eml/dataset/coverage/temporalCoverage/rangeOfDates/beginDate/calendarDate
KUBI,03918-metadata.xml,/eml:eml/dataset/coverage/temporalCoverage/rangeOfDates/endDate/calendarDate
KUBI,03918-metadata.xml,/eml:eml/dataset/contact/organizationName
KUBI,03918-metadata.xml,/eml:eml/dataset/contact/address/deliveryPoint
KUBI,03918-metadata.xml,/eml:eml/dataset/contact/address/city
KUBI,03918-metadata.xml,/eml:eml/dataset/contact/address/administrativeArea
KUBI,03918-metadata.xml,/eml:eml/dataset/contact/address/postalCode
KUBI,03918-metadata.xml,/eml:eml/dataset/contact/address/country
KUBI,03918-metadata.xml,/eml:eml/dataset/contact/electronicMailAddress
KUBI,03918-metadata.xml,/eml:eml/dataset/contact/onlineUrl
KUBI,03918-metadata.xml,/eml:eml/dataset/spatialRaster/entityName
KUBI,03918-metadata.xml,/eml:eml/dataset/spatialRaster/physical/objectName
KUBI,03918-metadata.xml,/eml:eml/dataset/spatialRaster/physical/dataFormat/externallyDefinedFormat/formatName
KUBI,03918-metadata.xml,/eml:eml/dataset/spatialRaster/physical/distribution/online/url
KUBI,03918-metadata.xml,/eml:eml/dataset/spatialRaster/physical/distribution/online/url/@function
KUBI,03918-metadata.xml,/eml:eml/dataset/spatialRaster/attributeList/attribute/attributeName
KUBI,03918-metadata.xml,/eml:eml/dataset/spatialRaster/attributeList/attribute/attributeDefinition
KUBI,03918-metadata.xml,/eml:eml/dataset/spatialRaster/attributeList/attribute/storageType
KUBI,03918-metadata.xml,/eml:eml/dataset/spatialRaster/attributeList/attribute/measurementScale/interval/unit/customUnit
KUBI,03918-metadata.xml,/eml:eml/dataset/spatialRaster/attributeList/attribute/measurementScale/interval/numericDomain/numberType
KUBI,03918-metadata.xml,/eml:eml/dataset/spatialRaster/attributeList/attribute/measurementScale/interval/numericDomain/bounds/minimum
KUBI,03918-metadata.xml,/eml:eml/dataset/spatialRaster/attributeList/attribute/measurementScale/interval/numericDomain/bounds/minimum/@exclusive
KUBI,03918-metadata.xml,/eml:eml/dataset/spatialRaster/attributeList/attribute/measurementScale/interval/numericDomain/bounds/maximum
KUBI,03918-metadata.xml,/eml:eml/dataset/spatialRaster/attributeList/attribute/measurementScale/interval/numericDomain/bounds/maximum/@exclusive
KUBI,03918-metadata.xml,/eml:eml/dataset/spatialRaster/spatialReference/horizCoordSysDef/@name
KUBI,03918-metadata.xml,/eml:eml/dataset/spatialRaster/spatialReference/horizCoordSysDef/geogCoordSys/datum/@name
KUBI,03918-metadata.xml,/eml:eml/dataset/spatialRaster/spatialReference/horizCoordSysDef/geogCoordSys/spheroid/@denomFlatRatio
KUBI,03918-metadata.xml,/eml:eml/dataset/spatialRaster/spatialReference/horizCoordSysDef/geogCoordSys/spheroid/@name
KUBI,03918-metadata.xml,/eml:eml/dataset/spatialRaster/spatialReference/horizCoordSysDef/geogCoordSys/spheroid/@semiAxisMajor
KUBI,03918-metadata.xml,/eml:eml/dataset/spatialRaster/spatialReference/horizCoordSysDef/geogCoordSys/primeMeridian/@longitude
KUBI,03918-metadata.xml,/eml:eml/dataset/spatialRaster/spatialReference/horizCoordSysDef/geogCoordSys/primeMeridian/@name
KUBI,03918-metadata.xml,/eml:eml/dataset/spatialRaster/spatialReference/horizCoordSysDef/geogCoordSys/unit/@name
KUBI,03918-metadata.xml,/eml:eml/dataset/spatialRaster/horizontalAccuracy/accuracyReport
KUBI,03918-metadata.xml,/eml:eml/dataset/spatialRaster/verticalAccuracy/accuracyReport
KUBI,03918-metadata.xml,/eml:eml/dataset/spatialRaster/cellSizeXDirection
KUBI,03918-metadata.xml,/eml:eml/dataset/spatialRaster/cellSizeYDirection
KUBI,03918-metadata.xml,/eml:eml/dataset/spatialRaster/numberOfBands
KUBI,03918-metadata.xml,/eml:eml/dataset/spatialRaster/rasterOrigin
KUBI,03918-metadata.xml,/eml:eml/dataset/spatialRaster/rows
KUBI,03918-metadata.xml,/eml:eml/dataset/spatialRaster/columns
KUBI,03918-metadata.xml,/eml:eml/dataset/spatialRaster/verticals
KUBI,03918-metadata.xml,/eml:eml/dataset/spatialRaster/cellGeometry
KUBI,03918-metadata.xml,/eml:eml/additionalMetadata/metadata/unitList/ns2:unit/@id
KUBI,03918-metadata.xml,/eml:eml/additionalMetadata/metadata/unitList/ns2:unit/@multiplierToSI
KUBI,03918-metadata.xml,/eml:eml/additionalMetadata/metadata/unitList/ns2:unit/@parentSI
KUBI,03918-metadata.xml,/eml:eml/additionalMetadata/metadata/unitList/ns2:unit/ns2:description
KUBI,03919-metadata.xml,/eml:eml/@packageId
KUBI,03919-metadata.xml,/eml:eml/@system
KUBI,03919-metadata.xml,/eml:eml/@xsi:schemaLocation
KUBI,03919-metadata.xml,/eml:eml/dataset/title
KUBI,03919-metadata.xml,/eml:eml/dataset/creator/organizationName
KUBI,03919-metadata.xml,/eml:eml/dataset/keywordSet/keyword
KUBI,03919-metadata.xml,/eml:eml/dataset/keywordSet/keyword
KUBI,03919-metadata.xml,/eml:eml/dataset/keywordSet/keyword
KUBI,03919-metadata.xml,/eml:eml/dataset/keywordSet/keyword
KUBI,03919-metadata.xml,/eml:eml/dataset/keywordSet/keyword
KUBI,03919-metadata.xml,/eml:eml/dataset/coverage/geographicCoverage/geographicDescription
KUBI,03919-metadata.xml,/eml:eml/dataset/coverage/geographicCoverage/boundingCoordinates/westBoundingCoordinate
KUBI,03919-metadata.xml,/eml:eml/dataset/coverage/geographicCoverage/boundingCoordinates/eastBoundingCoordinate
KUBI,03919-metadata.xml,/eml:eml/dataset/coverage/geographicCoverage/boundingCoordinates/northBoundingCoordinate
KUBI,03919-metadata.xml,/eml:eml/dataset/coverage/geographicCoverage/boundingCoordinates/southBoundingCoordinate
KUBI,03919-metadata.xml,/eml:eml/dataset/coverage/temporalCoverage/rangeOfDates/beginDate/calendarDate
KUBI,03919-metadata.xml,/eml:eml/dataset/coverage/temporalCoverage/rangeOfDates/endDate/calendarDate
KUBI,03919-metadata.xml,/eml:eml/dataset/contact/organizationName
KUBI,03919-metadata.xml,/eml:eml/dataset/contact/address/deliveryPoint
KUBI,03919-metadata.xml,/eml:eml/dataset/contact/address/city
KUBI,03919-metadata.xml,/eml:eml/dataset/contact/address/administrativeArea
KUBI,03919-metadata.xml,/eml:eml/dataset/contact/address/postalCode
KUBI,03919-metadata.xml,/eml:eml/dataset/contact/address/country
KUBI,03919-metadata.xml,/eml:eml/dataset/contact/electronicMailAddress
KUBI,03919-metadata.xml,/eml:eml/dataset/contact/onlineUrl
KUBI,03919-metadata.xml,/eml:eml/dataset/spatialRaster/entityName
KUBI,03919-metadata.xml,/eml:eml/dataset/spatialRaster/physical/objectName
KUBI,03919-metadata.xml,/eml:eml/dataset/spatialRaster/physical/dataFormat/externallyDefinedFormat/formatName
KUBI,03919-metadata.xml,/eml:eml/dataset/spatialRaster/physical/distribution/online/url
KUBI,03919-metadata.xml,/eml:eml/dataset/spatialRaster/physical/distribution/online/url/@function
KUBI,03919-metadata.xml,/eml:eml/dataset/spatialRaster/attributeList/attribute/attributeName
KUBI,03919-metadata.xml,/eml:eml/dataset/spatialRaster/attributeList/attribute/attributeDefinition
KUBI,03919-metadata.xml,/eml:eml/dataset/spatialRaster/attributeList/attribute/storageType
KUBI,03919-metadata.xml,/eml:eml/dataset/spatialRaster/attributeList/attribute/measurementScale/interval/unit/customUnit
KUBI,03919-metadata.xml,/eml:eml/dataset/spatialRaster/attributeList/attribute/measurementScale/interval/numericDomain/numberType
KUBI,03919-metadata.xml,/eml:eml/dataset/spatialRaster/attributeList/attribute/measurementScale/interval/numericDomain/bounds/minimum
KUBI,03919-metadata.xml,/eml:eml/dataset/spatialRaster/attributeList/attribute/measurementScale/interval/numericDomain/bounds/minimum/@exclusive
KUBI,03919-metadata.xml,/eml:eml/dataset/spatialRaster/attributeList/attribute/measurementScale/interval/numericDomain/bounds/maximum
KUBI,03919-metadata.xml,/eml:eml/dataset/spatialRaster/attributeList/attribute/measurementScale/interval/numericDomain/bounds/maximum/@exclusive
KUBI,03919-metadata.xml,/eml:eml/dataset/spatialRaster/spatialReference/horizCoordSysDef/@name
KUBI,03919-metadata.xml,/eml:eml/dataset/spatialRaster/spatialReference/horizCoordSysDef/geogCoordSys/datum/@name
KUBI,03919-metadata.xml,/eml:eml/dataset/spatialRaster/spatialReference/horizCoordSysDef/geogCoordSys/spheroid/@denomFlatRatio
KUBI,03919-metadata.xml,/eml:eml/dataset/spatialRaster/spatialReference/horizCoordSysDef/geogCoordSys/spheroid/@name
KUBI,03919-metadata.xml,/eml:eml/dataset/spatialRaster/spatialReference/horizCoordSysDef/geogCoordSys/spheroid/@semiAxisMajor
KUBI,03919-metadata.xml,/eml:eml/dataset/spatialRaster/spatialReference/horizCoordSysDef/geogCoordSys/primeMeridian/@longitude
KUBI,03919-metadata.xml,/eml:eml/dataset/spatialRaster/spatialReference/horizCoordSysDef/geogCoordSys/primeMeridian/@name
KUBI,03919-metadata.xml,/eml:eml/dataset/spatialRaster/spatialReference/horizCoordSysDef/geogCoordSys/unit/@name
KUBI,03919-metadata.xml,/eml:eml/dataset/spatialRaster/horizontalAccuracy/accuracyReport
KUBI,03919-metadata.xml,/eml:eml/dataset/spatialRaster/verticalAccuracy/accuracyReport
KUBI,03919-metadata.xml,/eml:eml/dataset/spatialRaster/cellSizeXDirection
KUBI,03919-metadata.xml,/eml:eml/dataset/spatialRaster/cellSizeYDirection
KUBI,03919-metadata.xml,/eml:eml/dataset/spatialRaster/numberOfBands
KUBI,03919-metadata.xml,/eml:eml/dataset/spatialRaster/rasterOrigin
KUBI,03919-metadata.xml,/eml:eml/dataset/spatialRaster/rows
KUBI,03919-metadata.xml,/eml:eml/dataset/spatialRaster/columns
KUBI,03919-metadata.xml,/eml:eml/dataset/spatialRaster/verticals
KUBI,03919-metadata.xml,/eml:eml/dataset/spatialRaster/cellGeometry
KUBI,03919-metadata.xml,/eml:eml/additionalMetadata/metadata/unitList/ns2:unit/@id
KUBI,03919-metadata.xml,/eml:eml/additionalMetadata/metadata/unitList/ns2:unit/@multiplierToSI
KUBI,03919-metadata.xml,/eml:eml/additionalMetadata/metadata/unitList/ns2:unit/@parentSI
KUBI,03919-metadata.xml,/eml:eml/additionalMetadata/metadata/unitList/ns2:unit/ns2:description
KUBI,03920-metadata.xml,/eml:eml/@packageId
KUBI,03920-metadata.xml,/eml:eml/@system
KUBI,03920-metadata.xml,/eml:eml/@xsi:schemaLocation
KUBI,03920-metadata.xml,/eml:eml/dataset/title
KUBI,03920-metadata.xml,/eml:eml/dataset/creator/organizationName
KUBI,03920-metadata.xml,/eml:eml/dataset/keywordSet/keyword
KUBI,03920-metadata.xml,/eml:eml/dataset/keywordSet/keyword
KUBI,03920-metadata.xml,/eml:eml/dataset/keywordSet/keyword
KUBI,03920-metadata.xml,/eml:eml/dataset/keywordSet/keyword
KUBI,03920-metadata.xml,/eml:eml/dataset/keywordSet/keyword
KUBI,03920-metadata.xml,/eml:eml/dataset/coverage/geographicCoverage/geographicDescription
KUBI,03920-metadata.xml,/eml:eml/dataset/coverage/geographicCoverage/boundingCoordinates/westBoundingCoordinate
KUBI,03920-metadata.xml,/eml:eml/dataset/coverage/geographicCoverage/boundingCoordinates/eastBoundingCoordinate
KUBI,03920-metadata.xml,/eml:eml/dataset/coverage/geographicCoverage/boundingCoordinates/northBoundingCoordinate
KUBI,03920-metadata.xml,/eml:eml/dataset/coverage/geographicCoverage/boundingCoordinates/southBoundingCoordinate
KUBI,03920-metadata.xml,/eml:eml/dataset/coverage/temporalCoverage/rangeOfDates/beginDate/calendarDate
KUBI,03920-metadata.xml,/eml:eml/dataset/coverage/temporalCoverage/rangeOfDates/endDate/calendarDate
KUBI,03920-metadata.xml,/eml:eml/dataset/contact/organizationName
KUBI,03920-metadata.xml,/eml:eml/dataset/contact/address/deliveryPoint
KUBI,03920-metadata.xml,/eml:eml/dataset/contact/address/city
KUBI,03920-metadata.xml,/eml:eml/dataset/contact/address/administrativeArea
KUBI,03920-metadata.xml,/eml:eml/dataset/contact/address/postalCode
KUBI,03920-metadata.xml,/eml:eml/dataset/contact/address/country
KUBI,03920-metadata.xml,/eml:eml/dataset/contact/electronicMailAddress
KUBI,03920-metadata.xml,/eml:eml/dataset/contact/onlineUrl
KUBI,03920-metadata.xml,/eml:eml/dataset/spatialRaster/entityName
KUBI,03920-metadata.xml,/eml:eml/dataset/spatialRaster/physical/objectName
KUBI,03920-metadata.xml,/eml:eml/dataset/spatialRaster/physical/dataFormat/externallyDefinedFormat/formatName
KUBI,03920-metadata.xml,/eml:eml/dataset/spatialRaster/physical/distribution/online/url
KUBI,03920-metadata.xml,/eml:eml/dataset/spatialRaster/physical/distribution/online/url/@function
KUBI,03920-metadata.xml,/eml:eml/dataset/spatialRaster/attributeList/attribute/attributeName
KUBI,03920-metadata.xml,/eml:eml/dataset/spatialRaster/attributeList/attribute/attributeDefinition
KUBI,03920-metadata.xml,/eml:eml/dataset/spatialRaster/attributeList/attribute/storageType
KUBI,03920-metadata.xml,/eml:eml/dataset/spatialRaster/attributeList/attribute/measurementScale/interval/unit/customUnit
KUBI,03920-metadata.xml,/eml:eml/dataset/spatialRaster/attributeList/attribute/measurementScale/interval/numericDomain/numberType
KUBI,03920-metadata.xml,/eml:eml/dataset/spatialRaster/attributeList/attribute/measurementScale/interval/numericDomain/bounds/minimum
KUBI,03920-metadata.xml,/eml:eml/dataset/spatialRaster/attributeList/attribute/measurementScale/interval/numericDomain/bounds/minimum/@exclusive
KUBI,03920-metadata.xml,/eml:eml/dataset/spatialRaster/attributeList/attribute/measurementScale/interval/numericDomain/bounds/maximum
KUBI,03920-metadata.xml,/eml:eml/dataset/spatialRaster/attributeList/attribute/measurementScale/interval/numericDomain/bounds/maximum/@exclusive
KUBI,03920-metadata.xml,/eml:eml/dataset/spatialRaster/spatialReference/horizCoordSysDef/@name
KUBI,03920-metadata.xml,/eml:eml/dataset/spatialRaster/spatialReference/horizCoordSysDef/geogCoordSys/datum/@name
KUBI,03920-metadata.xml,/eml:eml/dataset/spatialRaster/spatialReference/horizCoordSysDef/geogCoordSys/spheroid/@denomFlatRatio
KUBI,03920-metadata.xml,/eml:eml/dataset/spatialRaster/spatialReference/horizCoordSysDef/geogCoordSys/spheroid/@name
KUBI,03920-metadata.xml,/eml:eml/dataset/spatialRaster/spatialReference/horizCoordSysDef/geogCoordSys/spheroid/@semiAxisMajor
KUBI,03920-metadata.xml,/eml:eml/dataset/spatialRaster/spatialReference/horizCoordSysDef/geogCoordSys/primeMeridian/@longitude
KUBI,03920-metadata.xml,/eml:eml/dataset/spatialRaster/spatialReference/horizCoordSysDef/geogCoordSys/primeMeridian/@name
KUBI,03920-metadata.xml,/eml:eml/dataset/spatialRaster/spatialReference/horizCoordSysDef/geogCoordSys/unit/@name
KUBI,03920-metadata.xml,/eml:eml/dataset/spatialRaster/horizontalAccuracy/accuracyReport
KUBI,03920-metadata.xml,/eml:eml/dataset/spatialRaster/verticalAccuracy/accuracyReport
KUBI,03920-metadata.xml,/eml:eml/dataset/spatialRaster/cellSizeXDirection
KUBI,03920-metadata.xml,/eml:eml/dataset/spatialRaster/cellSizeYDirection
KUBI,03920-metadata.xml,/eml:eml/dataset/spatialRaster/numberOfBands
KUBI,03920-metadata.xml,/eml:eml/dataset/spatialRaster/rasterOrigin
KUBI,03920-metadata.xml,/eml:eml/dataset/spatialRaster/rows
KUBI,03920-metadata.xml,/eml:eml/dataset/spatialRaster/columns
KUBI,03920-metadata.xml,/eml:eml/dataset/spatialRaster/verticals
KUBI,03920-metadata.xml,/eml:eml/dataset/spatialRaster/cellGeometry
KUBI,03920-metadata.xml,/eml:eml/additionalMetadata/metadata/unitList/ns2:unit/@id
KUBI,03920-metadata.xml,/eml:eml/additionalMetadata/metadata/unitList/ns2:unit/@multiplierToSI
KUBI,03920-metadata.xml,/eml:eml/additionalMetadata/metadata/unitList/ns2:unit/@parentSI
KUBI,03920-metadata.xml,/eml:eml/additionalMetadata/metadata/unitList/ns2:unit/ns2:description
KUBI,03921-metadata.xml,/eml:eml/@packageId
KUBI,03921-metadata.xml,/eml:eml/@system
KUBI,03921-metadata.xml,/eml:eml/@xsi:schemaLocation
KUBI,03921-metadata.xml,/eml:eml/dataset/title
KUBI,03921-metadata.xml,/eml:eml/dataset/creator/organizationName
KUBI,03921-metadata.xml,/eml:eml/dataset/keywordSet/keyword
KUBI,03921-metadata.xml,/eml:eml/dataset/keywordSet/keyword
KUBI,03921-metadata.xml,/eml:eml/dataset/keywordSet/keyword
KUBI,03921-metadata.xml,/eml:eml/dataset/keywordSet/keyword
KUBI,03921-metadata.xml,/eml:eml/dataset/coverage/geographicCoverage/geographicDescription
KUBI,03921-metadata.xml,/eml:eml/dataset/coverage/geographicCoverage/boundingCoordinates/westBoundingCoordinate
KUBI,03921-metadata.xml,/eml:eml/dataset/coverage/geographicCoverage/boundingCoordinates/eastBoundingCoordinate
KUBI,03921-metadata.xml,/eml:eml/dataset/coverage/geographicCoverage/boundingCoordinates/northBoundingCoordinate
KUBI,03921-metadata.xml,/eml:eml/dataset/coverage/geographicCoverage/boundingCoordinates/southBoundingCoordinate
KUBI,03921-metadata.xml,/eml:eml/dataset/coverage/temporalCoverage/rangeOfDates/beginDate/calendarDate
KUBI,03921-metadata.xml,/eml:eml/dataset/coverage/temporalCoverage/rangeOfDates/endDate/calendarDate
KUBI,03921-metadata.xml,/eml:eml/dataset/contact/organizationName
KUBI,03921-metadata.xml,/eml:eml/dataset/contact/address/deliveryPoint
KUBI,03921-metadata.xml,/eml:eml/dataset/contact/address/city
KUBI,03921-metadata.xml,/eml:eml/dataset/contact/address/administrativeArea
KUBI,03921-metadata.xml,/eml:eml/dataset/contact/address/postalCode
KUBI,03921-metadata.xml,/eml:eml/dataset/contact/address/country
KUBI,03921-metadata.xml,/eml:eml/dataset/contact/electronicMailAddress
KUBI,03921-metadata.xml,/eml:eml/dataset/contact/onlineUrl
KUBI,03921-metadata.xml,/eml:eml/dataset/spatialRaster/entityName
KUBI,03921-metadata.xml,/eml:eml/dataset/spatialRaster/physical/objectName
KUBI,03921-metadata.xml,/eml:eml/dataset/spatialRaster/physical/dataFormat/externallyDefinedFormat/formatName
KUBI,03921-metadata.xml,/eml:eml/dataset/spatialRaster/physical/distribution/online/url
KUBI,03921-metadata.xml,/eml:eml/dataset/spatialRaster/physical/distribution/online/url/@function
KUBI,03921-metadata.xml,/eml:eml/dataset/spatialRaster/attributeList/attribute/attributeName
KUBI,03921-metadata.xml,/eml:eml/dataset/spatialRaster/attributeList/attribute/attributeDefinition
KUBI,03921-metadata.xml,/eml:eml/dataset/spatialRaster/attributeList/attribute/storageType
KUBI,03921-metadata.xml,/eml:eml/dataset/spatialRaster/attributeList/attribute/measurementScale/interval/unit/standardUnit
KUBI,03921-metadata.xml,/eml:eml/dataset/spatialRaster/attributeList/attribute/measurementScale/interval/numericDomain/numberType
KUBI,03921-metadata.xml,/eml:eml/dataset/spatialRaster/attributeList/attribute/measurementScale/interval/numericDomain/bounds/minimum
KUBI,03921-metadata.xml,/eml:eml/dataset/spatialRaster/attributeList/attribute/measurementScale/interval/numericDomain/bounds/minimum/@exclusive
KUBI,03921-metadata.xml,/eml:eml/dataset/spatialRaster/attributeList/attribute/measurementScale/interval/numericDomain/bounds/maximum
KUBI,03921-metadata.xml,/eml:eml/dataset/spatialRaster/attributeList/attribute/measurementScale/interval/numericDomain/bounds/maximum/@exclusive
KUBI,03921-metadata.xml,/eml:eml/dataset/spatialRaster/spatialReference/horizCoordSysDef/@name
KUBI,03921-metadata.xml,/eml:eml/dataset/spatialRaster/spatialReference/horizCoordSysDef/geogCoordSys/datum/@name
KUBI,03921-metadata.xml,/eml:eml/dataset/spatialRaster/spatialReference/horizCoordSysDef/geogCoordSys/spheroid/@denomFlatRatio
KUBI,03921-metadata.xml,/eml:eml/dataset/spatialRaster/spatialReference/horizCoordSysDef/geogCoordSys/spheroid/@name
KUBI,03921-metadata.xml,/eml:eml/dataset/spatialRaster/spatialReference/horizCoordSysDef/geogCoordSys/spheroid/@semiAxisMajor
KUBI,03921-metadata.xml,/eml:eml/dataset/spatialRaster/spatialReference/horizCoordSysDef/geogCoordSys/primeMeridian/@longitude
KUBI,03921-metadata.xml,/eml:eml/dataset/spatialRaster/spatialReference/horizCoordSysDef/geogCoordSys/primeMeridian/@name
KUBI,03921-metadata.xml,/eml:eml/dataset/spatialRaster/spatialReference/horizCoordSysDef/geogCoordSys/unit/@name
KUBI,03921-metadata.xml,/eml:eml/dataset/spatialRaster/horizontalAccuracy/accuracyReport
KUBI,03921-metadata.xml,/eml:eml/dataset/spatialRaster/verticalAccuracy/accuracyReport
KUBI,03921-metadata.xml,/eml:eml/dataset/spatialRaster/cellSizeXDirection
KUBI,03921-metadata.xml,/eml:eml/dataset/spatialRaster/cellSizeYDirection
KUBI,03921-metadata.xml,/eml:eml/dataset/spatialRaster/numberOfBands
KUBI,03921-metadata.xml,/eml:eml/dataset/spatialRaster/rasterOrigin
KUBI,03921-metadata.xml,/eml:eml/dataset/spatialRaster/rows
KUBI,03921-metadata.xml,/eml:eml/dataset/spatialRaster/columns
KUBI,03921-metadata.xml,/eml:eml/dataset/spatialRaster/verticals
KUBI,03921-metadata.xml,/eml:eml/dataset/spatialRaster/cellGeometry
KUBI,03922-metadata.xml,/eml:eml/@packageId
KUBI,03922-metadata.xml,/eml:eml/@system
KUBI,03922-metadata.xml,/eml:eml/@xsi:schemaLocation
KUBI,03922-metadata.xml,/eml:eml/dataset/title
KUBI,03922-metadata.xml,/eml:eml/dataset/creator/organizationName
KUBI,03922-metadata.xml,/eml:eml/dataset/keywordSet/keyword
KUBI,03922-metadata.xml,/eml:eml/dataset/keywordSet/keyword
KUBI,03922-metadata.xml,/eml:eml/dataset/keywordSet/keyword
KUBI,03922-metadata.xml,/eml:eml/dataset/keywordSet/keyword
KUBI,03922-metadata.xml,/eml:eml/dataset/coverage/geographicCoverage/geographicDescription
KUBI,03922-metadata.xml,/eml:eml/dataset/coverage/geographicCoverage/boundingCoordinates/westBoundingCoordinate
KUBI,03922-metadata.xml,/eml:eml/dataset/coverage/geographicCoverage/boundingCoordinates/eastBoundingCoordinate
KUBI,03922-metadata.xml,/eml:eml/dataset/coverage/geographicCoverage/boundingCoordinates/northBoundingCoordinate
KUBI,03922-metadata.xml,/eml:eml/dataset/coverage/geographicCoverage/boundingCoordinates/southBoundingCoordinate
KUBI,03922-metadata.xml,/eml:eml/dataset/coverage/temporalCoverage/rangeOfDates/beginDate/calendarDate
KUBI,03922-metadata.xml,/eml:eml/dataset/coverage/temporalCoverage/rangeOfDates/endDate/calendarDate
KUBI,03922-metadata.xml,/eml:eml/dataset/contact/organizationName
KUBI,03922-metadata.xml,/eml:eml/dataset/contact/address/deliveryPoint
KUBI,03922-metadata.xml,/eml:eml/dataset/contact/address/city
KUBI,03922-metadata.xml,/eml:eml/dataset/contact/address/administrativeArea
KUBI,03922-metadata.xml,/eml:eml/dataset/contact/address/postalCode
KUBI,03922-metadata.xml,/eml:eml/dataset/contact/address/country
KUBI,03922-metadata.xml,/eml:eml/dataset/contact/electronicMailAddress
KUBI,03922-metadata.xml,/eml:eml/dataset/contact/onlineUrl
KUBI,03922-metadata.xml,/eml:eml/dataset/spatialRaster/entityName
KUBI,03922-metadata.xml,/eml:eml/dataset/spatialRaster/physical/objectName
KUBI,03922-metadata.xml,/eml:eml/dataset/spatialRaster/physical/dataFormat/externallyDefinedFormat/formatName
KUBI,03922-metadata.xml,/eml:eml/dataset/spatialRaster/physical/distribution/online/url
KUBI,03922-metadata.xml,/eml:eml/dataset/spatialRaster/physical/distribution/online/url/@function
KUBI,03922-metadata.xml,/eml:eml/dataset/spatialRaster/attributeList/attribute/attributeName
KUBI,03922-metadata.xml,/eml:eml/dataset/spatialRaster/attributeList/attribute/attributeDefinition
KUBI,03922-metadata.xml,/eml:eml/dataset/spatialRaster/attributeList/attribute/storageType
KUBI,03922-metadata.xml,/eml:eml/dataset/spatialRaster/attributeList/attribute/measurementScale/interval/unit/customUnit
KUBI,03922-metadata.xml,/eml:eml/dataset/spatialRaster/attributeList/attribute/measurementScale/interval/numericDomain/numberType
KUBI,03922-metadata.xml,/eml:eml/dataset/spatialRaster/attributeList/attribute/measurementScale/interval/numericDomain/bounds/minimum
KUBI,03922-metadata.xml,/eml:eml/dataset/spatialRaster/attributeList/attribute/measurementScale/interval/numericDomain/bounds/minimum/@exclusive
KUBI,03922-metadata.xml,/eml:eml/dataset/spatialRaster/attributeList/attribute/measurementScale/interval/numericDomain/bounds/maximum
KUBI,03922-metadata.xml,/eml:eml/dataset/spatialRaster/attributeList/attribute/measurementScale/interval/numericDomain/bounds/maximum/@exclusive
KUBI,03922-metadata.xml,/eml:eml/dataset/spatialRaster/spatialReference/horizCoordSysDef/@name
KUBI,03922-metadata.xml,/eml:eml/dataset/spatialRaster/spatialReference/horizCoordSysDef/geogCoordSys/datum/@name
KUBI,03922-metadata.xml,/eml:eml/dataset/spatialRaster/spatialReference/horizCoordSysDef/geogCoordSys/spheroid/@denomFlatRatio
KUBI,03922-metadata.xml,/eml:eml/dataset/spatialRaster/spatialReference/horizCoordSysDef/geogCoordSys/spheroid/@name
KUBI,03922-metadata.xml,/eml:eml/dataset/spatialRaster/spatialReference/horizCoordSysDef/geogCoordSys/spheroid/@semiAxisMajor
KUBI,03922-metadata.xml,/eml:eml/dataset/spatialRaster/spatialReference/horizCoordSysDef/geogCoordSys/primeMeridian/@longitude
KUBI,03922-metadata.xml,/eml:eml/dataset/spatialRaster/spatialReference/horizCoordSysDef/geogCoordSys/primeMeridian/@name
KUBI,03922-metadata.xml,/eml:eml/dataset/spatialRaster/spatialReference/horizCoordSysDef/geogCoordSys/unit/@name
KUBI,03922-metadata.xml,/eml:eml/dataset/spatialRaster/horizontalAccuracy/accuracyReport
KUBI,03922-metadata.xml,/eml:eml/dataset/spatialRaster/verticalAccuracy/accuracyReport
KUBI,03922-metadata.xml,/eml:eml/dataset/spatialRaster/cellSizeXDirection
KUBI,03922-metadata.xml,/eml:eml/dataset/spatialRaster/cellSizeYDirection
KUBI,03922-metadata.xml,/eml:eml/dataset/spatialRaster/numberOfBands
KUBI,03922-metadata.xml,/eml:eml/dataset/spatialRaster/rasterOrigin
KUBI,03922-metadata.xml,/eml:eml/dataset/spatialRaster/rows
KUBI,03922-metadata.xml,/eml:eml/dataset/spatialRaster/columns
KUBI,03922-metadata.xml,/eml:eml/dataset/spatialRaster/verticals
KUBI,03922-metadata.xml,/eml:eml/dataset/spatialRaster/cellGeometry
KUBI,03922-metadata.xml,/eml:eml/additionalMetadata/metadata/unitList/ns2:unit/@id
KUBI,03922-metadata.xml,/eml:eml/additionalMetadata/metadata/unitList/ns2:unit/ns2:description
KUBI,03923-metadata.xml,/eml:eml/@packageId
KUBI,03923-metadata.xml,/eml:eml/@system
KUBI,03923-metadata.xml,/eml:eml/@xsi:schemaLocation
KUBI,03923-metadata.xml,/eml:eml/dataset/title
KUBI,03923-metadata.xml,/eml:eml/dataset/creator/organizationName
KUBI,03923-metadata.xml,/eml:eml/dataset/keywordSet/keyword
KUBI,03923-metadata.xml,/eml:eml/dataset/keywordSet/keyword
KUBI,03923-metadata.xml,/eml:eml/dataset/keywordSet/keyword
KUBI,03923-metadata.xml,/eml:eml/dataset/keywordSet/keyword
KUBI,03923-metadata.xml,/eml:eml/dataset/coverage/geographicCoverage/geographicDescription
KUBI,03923-metadata.xml,/eml:eml/dataset/coverage/geographicCoverage/boundingCoordinates/westBoundingCoordinate
KUBI,03923-metadata.xml,/eml:eml/dataset/coverage/geographicCoverage/boundingCoordinates/eastBoundingCoordinate
KUBI,03923-metadata.xml,/eml:eml/dataset/coverage/geographicCoverage/boundingCoordinates/northBoundingCoordinate
KUBI,03923-metadata.xml,/eml:eml/dataset/coverage/geographicCoverage/boundingCoordinates/southBoundingCoordinate
KUBI,03923-metadata.xml,/eml:eml/dataset/coverage/temporalCoverage/rangeOfDates/beginDate/calendarDate
KUBI,03923-metadata.xml,/eml:eml/dataset/coverage/temporalCoverage/rangeOfDates/endDate/calendarDate
KUBI,03923-metadata.xml,/eml:eml/dataset/contact/organizationName
KUBI,03923-metadata.xml,/eml:eml/dataset/contact/address/deliveryPoint
KUBI,03923-metadata.xml,/eml:eml/dataset/contact/address/city
KUBI,03923-metadata.xml,/eml:eml/dataset/contact/address/administrativeArea
KUBI,03923-metadata.xml,/eml:eml/dataset/contact/address/postalCode
KUBI,03923-metadata.xml,/eml:eml/dataset/contact/address/country
KUBI,03923-metadata.xml,/eml:eml/dataset/contact/electronicMailAddress
KUBI,03923-metadata.xml,/eml:eml/dataset/contact/onlineUrl
KUBI,03923-metadata.xml,/eml:eml/dataset/spatialRaster/entityName
KUBI,03923-metadata.xml,/eml:eml/dataset/spatialRaster/physical/objectName
KUBI,03923-metadata.xml,/eml:eml/dataset/spatialRaster/physical/dataFormat/externallyDefinedFormat/formatName
KUBI,03923-metadata.xml,/eml:eml/dataset/spatialRaster/physical/distribution/online/url
KUBI,03923-metadata.xml,/eml:eml/dataset/spatialRaster/physical/distribution/online/url/@function
KUBI,03923-metadata.xml,/eml:eml/dataset/spatialRaster/attributeList/attribute/attributeName
KUBI,03923-metadata.xml,/eml:eml/dataset/spatialRaster/attributeList/attribute/attributeDefinition
KUBI,03923-metadata.xml,/eml:eml/dataset/spatialRaster/attributeList/attribute/storageType
KUBI,03923-metadata.xml,/eml:eml/dataset/spatialRaster/attributeList/attribute/measurementScale/interval/unit/customUnit
KUBI,03923-metadata.xml,/eml:eml/dataset/spatialRaster/attributeList/attribute/measurementScale/interval/numericDomain/numberType
KUBI,03923-metadata.xml,/eml:eml/dataset/spatialRaster/attributeList/attribute/measurementScale/interval/numericDomain/bounds/minimum
KUBI,03923-metadata.xml,/eml:eml/dataset/spatialRaster/attributeList/attribute/measurementScale/interval/numericDomain/bounds/minimum/@exclusive
KUBI,03923-metadata.xml,/eml:eml/dataset/spatialRaster/attributeList/attribute/measurementScale/interval/numericDomain/bounds/maximum
KUBI,03923-metadata.xml,/eml:eml/dataset/spatialRaster/attributeList/attribute/measurementScale/interval/numericDomain/bounds/maximum/@exclusive
KUBI,03923-metadata.xml,/eml:eml/dataset/spatialRaster/spatialReference/horizCoordSysDef/@name
KUBI,03923-metadata.xml,/eml:eml/dataset/spatialRaster/spatialReference/horizCoordSysDef/geogCoordSys/datum/@name
KUBI,03923-metadata.xml,/eml:eml/dataset/spatialRaster/spatialReference/horizCoordSysDef/geogCoordSys/spheroid/@denomFlatRatio
KUBI,03923-metadata.xml,/eml:eml/dataset/spatialRaster/spatialReference/horizCoordSysDef/geogCoordSys/spheroid/@name
KUBI,03923-metadata.xml,/eml:eml/dataset/spatialRaster/spatialReference/horizCoordSysDef/geogCoordSys/spheroid/@semiAxisMajor
KUBI,03923-metadata.xml,/eml:eml/dataset/spatialRaster/spatialReference/horizCoordSysDef/geogCoordSys/primeMeridian/@longitude
KUBI,03923-metadata.xml,/eml:eml/dataset/spatialRaster/spatialReference/horizCoordSysDef/geogCoordSys/primeMeridian/@name
KUBI,03923-metadata.xml,/eml:eml/dataset/spatialRaster/spatialReference/horizCoordSysDef/geogCoordSys/unit/@name
KUBI,03923-metadata.xml,/eml:eml/dataset/spatialRaster/horizontalAccuracy/accuracyReport
KUBI,03923-metadata.xml,/eml:eml/dataset/spatialRaster/verticalAccuracy/accuracyReport
KUBI,03923-metadata.xml,/eml:eml/dataset/spatialRaster/cellSizeXDirection
KUBI,03923-metadata.xml,/eml:eml/dataset/spatialRaster/cellSizeYDirection
KUBI,03923-metadata.xml,/eml:eml/dataset/spatialRaster/numberOfBands
KUBI,03923-metadata.xml,/eml:eml/dataset/spatialRaster/rasterOrigin
KUBI,03923-metadata.xml,/eml:eml/dataset/spatialRaster/rows
KUBI,03923-metadata.xml,/eml:eml/dataset/spatialRaster/columns
KUBI,03923-metadata.xml,/eml:eml/dataset/spatialRaster/verticals
KUBI,03923-metadata.xml,/eml:eml/dataset/spatialRaster/cellGeometry
KUBI,03923-metadata.xml,/eml:eml/additionalMetadata/metadata/unitList/ns2:unit/@id
KUBI,03923-metadata.xml,/eml:eml/additionalMetadata/metadata/unitList/ns2:unit/@multiplierToSI
KUBI,03923-metadata.xml,/eml:eml/additionalMetadata/metadata/unitList/ns2:unit/@parentSI
KUBI,03923-metadata.xml,/eml:eml/additionalMetadata/metadata/unitList/ns2:unit/ns2:description
KUBI,03924-metadata.xml,/eml:eml/@packageId
KUBI,03924-metadata.xml,/eml:eml/@system
KUBI,03924-metadata.xml,/eml:eml/@xsi:schemaLocation
KUBI,03924-metadata.xml,/eml:eml/dataset/title
KUBI,03924-metadata.xml,/eml:eml/dataset/creator/organizationName
KUBI,03924-metadata.xml,/eml:eml/dataset/keywordSet/keyword
KUBI,03924-metadata.xml,/eml:eml/dataset/keywordSet/keyword
KUBI,03924-metadata.xml,/eml:eml/dataset/keywordSet/keyword
KUBI,03924-metadata.xml,/eml:eml/dataset/keywordSet/keyword
KUBI,03924-metadata.xml,/eml:eml/dataset/keywordSet/keyword
KUBI,03924-metadata.xml,/eml:eml/dataset/coverage/geographicCoverage/geographicDescription
KUBI,03924-metadata.xml,/eml:eml/dataset/coverage/geographicCoverage/boundingCoordinates/westBoundingCoordinate
KUBI,03924-metadata.xml,/eml:eml/dataset/coverage/geographicCoverage/boundingCoordinates/eastBoundingCoordinate
KUBI,03924-metadata.xml,/eml:eml/dataset/coverage/geographicCoverage/boundingCoordinates/northBoundingCoordinate
KUBI,03924-metadata.xml,/eml:eml/dataset/coverage/geographicCoverage/boundingCoordinates/southBoundingCoordinate
KUBI,03924-metadata.xml,/eml:eml/dataset/coverage/temporalCoverage/rangeOfDates/beginDate/calendarDate
KUBI,03924-metadata.xml,/eml:eml/dataset/coverage/temporalCoverage/rangeOfDates/endDate/calendarDate
KUBI,03924-metadata.xml,/eml:eml/dataset/contact/organizationName
KUBI,03924-metadata.xml,/eml:eml/dataset/contact/address/deliveryPoint
KUBI,03924-metadata.xml,/eml:eml/dataset/contact/address/city
KUBI,03924-metadata.xml,/eml:eml/dataset/contact/address/administrativeArea
KUBI,03924-metadata.xml,/eml:eml/dataset/contact/address/postalCode
KUBI,03924-metadata.xml,/eml:eml/dataset/contact/address/country
KUBI,03924-metadata.xml,/eml:eml/dataset/contact/electronicMailAddress
KUBI,03924-metadata.xml,/eml:eml/dataset/contact/onlineUrl
KUBI,03924-metadata.xml,/eml:eml/dataset/spatialRaster/entityName
KUBI,03924-metadata.xml,/eml:eml/dataset/spatialRaster/physical/objectName
KUBI,03924-metadata.xml,/eml:eml/dataset/spatialRaster/physical/dataFormat/externallyDefinedFormat/formatName
KUBI,03924-metadata.xml,/eml:eml/dataset/spatialRaster/physical/distribution/online/url
KUBI,03924-metadata.xml,/eml:eml/dataset/spatialRaster/physical/distribution/online/url/@function
KUBI,03924-metadata.xml,/eml:eml/dataset/spatialRaster/attributeList/attribute/attributeName
KUBI,03924-metadata.xml,/eml:eml/dataset/spatialRaster/attributeList/attribute/attributeDefinition
KUBI,03924-metadata.xml,/eml:eml/dataset/spatialRaster/attributeList/attribute/storageType
KUBI,03924-metadata.xml,/eml:eml/dataset/spatialRaster/attributeList/attribute/measurementScale/interval/unit/customUnit
KUBI,03924-metadata.xml,/eml:eml/dataset/spatialRaster/attributeList/attribute/measurementScale/interval/numericDomain/numberType
KUBI,03924-metadata.xml,/eml:eml/dataset/spatialRaster/attributeList/attribute/measurementScale/interval/numericDomain/bounds/minimum
KUBI,03924-metadata.xml,/eml:eml/dataset/spatialRaster/attributeList/attribute/measurementScale/interval/numericDomain/bounds/minimum/@exclusive
KUBI,03924-metadata.xml,/eml:eml/dataset/spatialRaster/attributeList/attribute/measurementScale/interval/numericDomain/bounds/maximum
KUBI,03924-metadata.xml,/eml:eml/dataset/spatialRaster/attributeList/attribute/measurementScale/interval/numericDomain/bounds/maximum/@exclusive
KUBI,03924-metadata.xml,/eml:eml/dataset/spatialRaster/spatialReference/horizCoordSysDef/@name
KUBI,03924-metadata.xml,/eml:eml/dataset/spatialRaster/spatialReference/horizCoordSysDef/geogCoordSys/datum/@name
KUBI,03924-metadata.xml,/eml:eml/dataset/spatialRaster/spatialReference/horizCoordSysDef/geogCoordSys/spheroid/@denomFlatRatio
KUBI,03924-metadata.xml,/eml:eml/dataset/spatialRaster/spatialReference/horizCoordSysDef/geogCoordSys/spheroid/@name
KUBI,03924-metadata.xml,/eml:eml/dataset/spatialRaster/spatialReference/horizCoordSysDef/geogCoordSys/spheroid/@semiAxisMajor
KUBI,03924-metadata.xml,/eml:eml/dataset/spatialRaster/spatialReference/horizCoordSysDef/geogCoordSys/primeMeridian/@longitude
KUBI,03924-metadata.xml,/eml:eml/dataset/spatialRaster/spatialReference/horizCoordSysDef/geogCoordSys/primeMeridian/@name
KUBI,03924-metadata.xml,/eml:eml/dataset/spatialRaster/spatialReference/horizCoordSysDef/geogCoordSys/unit/@name
KUBI,03924-metadata.xml,/eml:eml/dataset/spatialRaster/horizontalAccuracy/accuracyReport
KUBI,03924-metadata.xml,/eml:eml/dataset/spatialRaster/verticalAccuracy/accuracyReport
KUBI,03924-metadata.xml,/eml:eml/dataset/spatialRaster/cellSizeXDirection
KUBI,03924-metadata.xml,/eml:eml/dataset/spatialRaster/cellSizeYDirection
KUBI,03924-metadata.xml,/eml:eml/dataset/spatialRaster/numberOfBands
KUBI,03924-metadata.xml,/eml:eml/dataset/spatialRaster/rasterOrigin
KUBI,03924-metadata.xml,/eml:eml/dataset/spatialRaster/rows
KUBI,03924-metadata.xml,/eml:eml/dataset/spatialRaster/columns
KUBI,03924-metadata.xml,/eml:eml/dataset/spatialRaster/verticals
KUBI,03924-metadata.xml,/eml:eml/dataset/spatialRaster/cellGeometry
KUBI,03924-metadata.xml,/eml:eml/additionalMetadata/metadata/unitList/ns2:unit/@id
KUBI,03924-metadata.xml,/eml:eml/additionalMetadata/metadata/unitList/ns2:unit/@multiplierToSI
KUBI,03924-metadata.xml,/eml:eml/additionalMetadata/metadata/unitList/ns2:unit/@parentSI
KUBI,03924-metadata.xml,/eml:eml/additionalMetadata/metadata/unitList/ns2:unit/ns2:description
KUBI,03925-metadata.xml,/eml:eml/@packageId
KUBI,03925-metadata.xml,/eml:eml/@system
KUBI,03925-metadata.xml,/eml:eml/@xsi:schemaLocation
KUBI,03925-metadata.xml,/eml:eml/dataset/title
KUBI,03925-metadata.xml,/eml:eml/dataset/creator/organizationName
KUBI,03925-metadata.xml,/eml:eml/dataset/keywordSet/keyword
KUBI,03925-metadata.xml,/eml:eml/dataset/keywordSet/keyword
KUBI,03925-metadata.xml,/eml:eml/dataset/keywordSet/keyword
KUBI,03925-metadata.xml,/eml:eml/dataset/keywordSet/keyword
KUBI,03925-metadata.xml,/eml:eml/dataset/keywordSet/keyword
KUBI,03925-metadata.xml,/eml:eml/dataset/coverage/geographicCoverage/geographicDescription
KUBI,03925-metadata.xml,/eml:eml/dataset/coverage/geographicCoverage/boundingCoordinates/westBoundingCoordinate
KUBI,03925-metadata.xml,/eml:eml/dataset/coverage/geographicCoverage/boundingCoordinates/eastBoundingCoordinate
KUBI,03925-metadata.xml,/eml:eml/dataset/coverage/geographicCoverage/boundingCoordinates/northBoundingCoordinate
KUBI,03925-metadata.xml,/eml:eml/dataset/coverage/geographicCoverage/boundingCoordinates/southBoundingCoordinate
KUBI,03925-metadata.xml,/eml:eml/dataset/coverage/temporalCoverage/rangeOfDates/beginDate/calendarDate
KUBI,03925-metadata.xml,/eml:eml/dataset/coverage/temporalCoverage/rangeOfDates/endDate/calendarDate
KUBI,03925-metadata.xml,/eml:eml/dataset/contact/organizationName
KUBI,03925-metadata.xml,/eml:eml/dataset/contact/address/deliveryPoint
KUBI,03925-metadata.xml,/eml:eml/dataset/contact/address/city
KUBI,03925-metadata.xml,/eml:eml/dataset/contact/address/administrativeArea
KUBI,03925-metadata.xml,/eml:eml/dataset/contact/address/postalCode
KUBI,03925-metadata.xml,/eml:eml/dataset/contact/address/country
KUBI,03925-metadata.xml,/eml:eml/dataset/contact/electronicMailAddress
KUBI,03925-metadata.xml,/eml:eml/dataset/contact/onlineUrl
KUBI,03925-metadata.xml,/eml:eml/dataset/spatialRaster/entityName
KUBI,03925-metadata.xml,/eml:eml/dataset/spatialRaster/physical/objectName
KUBI,03925-metadata.xml,/eml:eml/dataset/spatialRaster/physical/dataFormat/externallyDefinedFormat/formatName
KUBI,03925-metadata.xml,/eml:eml/dataset/spatialRaster/physical/distribution/online/url
KUBI,03925-metadata.xml,/eml:eml/dataset/spatialRaster/physical/distribution/online/url/@function
KUBI,03925-metadata.xml,/eml:eml/dataset/spatialRaster/attributeList/attribute/attributeName
KUBI,03925-metadata.xml,/eml:eml/dataset/spatialRaster/attributeList/attribute/attributeDefinition
KUBI,03925-metadata.xml,/eml:eml/dataset/spatialRaster/attributeList/attribute/storageType
KUBI,03925-metadata.xml,/eml:eml/dataset/spatialRaster/attributeList/attribute/measurementScale/interval/unit/customUnit
KUBI,03925-metadata.xml,/eml:eml/dataset/spatialRaster/attributeList/attribute/measurementScale/interval/numericDomain/numberType
KUBI,03925-metadata.xml,/eml:eml/dataset/spatialRaster/attributeList/attribute/measurementScale/interval/numericDomain/bounds/minimum
KUBI,03925-metadata.xml,/eml:eml/dataset/spatialRaster/attributeList/attribute/measurementScale/interval/numericDomain/bounds/minimum/@exclusive
KUBI,03925-metadata.xml,/eml:eml/dataset/spatialRaster/attributeList/attribute/measurementScale/interval/numericDomain/bounds/maximum
KUBI,03925-metadata.xml,/eml:eml/dataset/spatialRaster/attributeList/attribute/measurementScale/interval/numericDomain/bounds/maximum/@exclusive
KUBI,03925-metadata.xml,/eml:eml/dataset/spatialRaster/spatialReference/horizCoordSysDef/@name
KUBI,03925-metadata.xml,/eml:eml/dataset/spatialRaster/spatialReference/horizCoordSysDef/geogCoordSys/datum/@name
KUBI,03925-metadata.xml,/eml:eml/dataset/spatialRaster/spatialReference/horizCoordSysDef/geogCoordSys/spheroid/@denomFlatRatio
KUBI,03925-metadata.xml,/eml:eml/dataset/spatialRaster/spatialReference/horizCoordSysDef/geogCoordSys/spheroid/@name
KUBI,03925-metadata.xml,/eml:eml/dataset/spatialRaster/spatialReference/horizCoordSysDef/geogCoordSys/spheroid/@semiAxisMajor
KUBI,03925-metadata.xml,/eml:eml/dataset/spatialRaster/spatialReference/horizCoordSysDef/geogCoordSys/primeMeridian/@longitude
KUBI,03925-metadata.xml,/eml:eml/dataset/spatialRaster/spatialReference/horizCoordSysDef/geogCoordSys/primeMeridian/@name
KUBI,03925-metadata.xml,/eml:eml/dataset/spatialRaster/spatialReference/horizCoordSysDef/geogCoordSys/unit/@name
KUBI,03925-metadata.xml,/eml:eml/dataset/spatialRaster/horizontalAccuracy/accuracyReport
KUBI,03925-metadata.xml,/eml:eml/dataset/spatialRaster/verticalAccuracy/accuracyReport
KUBI,03925-metadata.xml,/eml:eml/dataset/spatialRaster/cellSizeXDirection
KUBI,03925-metadata.xml,/eml:eml/dataset/spatialRaster/cellSizeYDirection
KUBI,03925-metadata.xml,/eml:eml/dataset/spatialRaster/numberOfBands
KUBI,03925-metadata.xml,/eml:eml/dataset/spatialRaster/rasterOrigin
KUBI,03925-metadata.xml,/eml:eml/dataset/spatialRaster/rows
KUBI,03925-metadata.xml,/eml:eml/dataset/spatialRaster/columns
KUBI,03925-metadata.xml,/eml:eml/dataset/spatialRaster/verticals
KUBI,03925-metadata.xml,/eml:eml/dataset/spatialRaster/cellGeometry
KUBI,03925-metadata.xml,/eml:eml/additionalMetadata/metadata/unitList/ns2:unit/@id
KUBI,03925-metadata.xml,/eml:eml/additionalMetadata/metadata/unitList/ns2:unit/@multiplierToSI
KUBI,03925-metadata.xml,/eml:eml/additionalMetadata/metadata/unitList/ns2:unit/@parentSI
KUBI,03925-metadata.xml,/eml:eml/additionalMetadata/metadata/unitList/ns2:unit/ns2:description
KUBI,03926-metadata.xml,/eml:eml/@packageId
KUBI,03926-metadata.xml,/eml:eml/@system
KUBI,03926-metadata.xml,/eml:eml/@xsi:schemaLocation
KUBI,03926-metadata.xml,/eml:eml/dataset/title
KUBI,03926-metadata.xml,/eml:eml/dataset/creator/organizationName
KUBI,03926-metadata.xml,/eml:eml/dataset/keywordSet/keyword
KUBI,03926-metadata.xml,/eml:eml/dataset/keywordSet/keyword
KUBI,03926-metadata.xml,/eml:eml/dataset/keywordSet/keyword
KUBI,03926-metadata.xml,/eml:eml/dataset/keywordSet/keyword
KUBI,03926-metadata.xml,/eml:eml/dataset/coverage/geographicCoverage/geographicDescription
KUBI,03926-metadata.xml,/eml:eml/dataset/coverage/geographicCoverage/boundingCoordinates/westBoundingCoordinate
KUBI,03926-metadata.xml,/eml:eml/dataset/coverage/geographicCoverage/boundingCoordinates/eastBoundingCoordinate
KUBI,03926-metadata.xml,/eml:eml/dataset/coverage/geographicCoverage/boundingCoordinates/northBoundingCoordinate
KUBI,03926-metadata.xml,/eml:eml/dataset/coverage/geographicCoverage/boundingCoordinates/southBoundingCoordinate
KUBI,03926-metadata.xml,/eml:eml/dataset/coverage/temporalCoverage/rangeOfDates/beginDate/calendarDate
KUBI,03926-metadata.xml,/eml:eml/dataset/coverage/temporalCoverage/rangeOfDates/endDate/calendarDate
KUBI,03926-metadata.xml,/eml:eml/dataset/contact/organizationName
KUBI,03926-metadata.xml,/eml:eml/dataset/contact/address/deliveryPoint
KUBI,03926-metadata.xml,/eml:eml/dataset/contact/address/city
KUBI,03926-metadata.xml,/eml:eml/dataset/contact/address/administrativeArea
KUBI,03926-metadata.xml,/eml:eml/dataset/contact/address/postalCode
KUBI,03926-metadata.xml,/eml:eml/dataset/contact/address/country
KUBI,03926-metadata.xml,/eml:eml/dataset/contact/electronicMailAddress
KUBI,03926-metadata.xml,/eml:eml/dataset/contact/onlineUrl
KUBI,03926-metadata.xml,/eml:eml/dataset/spatialRaster/entityName
KUBI,03926-metadata.xml,/eml:eml/dataset/spatialRaster/physical/objectName
KUBI,03926-metadata.xml,/eml:eml/dataset/spatialRaster/physical/dataFormat/externallyDefinedFormat/formatName
KUBI,03926-metadata.xml,/eml:eml/dataset/spatialRaster/physical/distribution/online/url
KUBI,03926-metadata.xml,/eml:eml/dataset/spatialRaster/physical/distribution/online/url/@function
KUBI,03926-metadata.xml,/eml:eml/dataset/spatialRaster/attributeList/attribute/attributeName
KUBI,03926-metadata.xml,/eml:eml/dataset/spatialRaster/attributeList/attribute/attributeDefinition
KUBI,03926-metadata.xml,/eml:eml/dataset/spatialRaster/attributeList/attribute/storageType
KUBI,03926-metadata.xml,/eml:eml/dataset/spatialRaster/attributeList/attribute/measurementScale/interval/unit/standardUnit
KUBI,03926-metadata.xml,/eml:eml/dataset/spatialRaster/attributeList/attribute/measurementScale/interval/numericDomain/numberType
KUBI,03926-metadata.xml,/eml:eml/dataset/spatialRaster/attributeList/attribute/measurementScale/interval/numericDomain/bounds/minimum
KUBI,03926-metadata.xml,/eml:eml/dataset/spatialRaster/attributeList/attribute/measurementScale/interval/numericDomain/bounds/minimum/@exclusive
KUBI,03926-metadata.xml,/eml:eml/dataset/spatialRaster/attributeList/attribute/measurementScale/interval/numericDomain/bounds/maximum
KUBI,03926-metadata.xml,/eml:eml/dataset/spatialRaster/attributeList/attribute/measurementScale/interval/numericDomain/bounds/maximum/@exclusive
KUBI,03926-metadata.xml,/eml:eml/dataset/spatialRaster/spatialReference/horizCoordSysDef/@name
KUBI,03926-metadata.xml,/eml:eml/dataset/spatialRaster/spatialReference/horizCoordSysDef/geogCoordSys/datum/@name
KUBI,03926-metadata.xml,/eml:eml/dataset/spatialRaster/spatialReference/horizCoordSysDef/geogCoordSys/spheroid/@denomFlatRatio
KUBI,03926-metadata.xml,/eml:eml/dataset/spatialRaster/spatialReference/horizCoordSysDef/geogCoordSys/spheroid/@name
KUBI,03926-metadata.xml,/eml:eml/dataset/spatialRaster/spatialReference/horizCoordSysDef/geogCoordSys/spheroid/@semiAxisMajor
KUBI,03926-metadata.xml,/eml:eml/dataset/spatialRaster/spatialReference/horizCoordSysDef/geogCoordSys/primeMeridian/@longitude
KUBI,03926-metadata.xml,/eml:eml/dataset/spatialRaster/spatialReference/horizCoordSysDef/geogCoordSys/primeMeridian/@name
KUBI,03926-metadata.xml,/eml:eml/dataset/spatialRaster/spatialReference/horizCoordSysDef/geogCoordSys/unit/@name
KUBI,03926-metadata.xml,/eml:eml/dataset/spatialRaster/horizontalAccuracy/accuracyReport
KUBI,03926-metadata.xml,/eml:eml/dataset/spatialRaster/verticalAccuracy/accuracyReport
KUBI,03926-metadata.xml,/eml:eml/dataset/spatialRaster/cellSizeXDirection
KUBI,03926-metadata.xml,/eml:eml/dataset/spatialRaster/cellSizeYDirection
KUBI,03926-metadata.xml,/eml:eml/dataset/spatialRaster/numberOfBands
KUBI,03926-metadata.xml,/eml:eml/dataset/spatialRaster/rasterOrigin
KUBI,03926-metadata.xml,/eml:eml/dataset/spatialRaster/rows
KUBI,03926-metadata.xml,/eml:eml/dataset/spatialRaster/columns
KUBI,03926-metadata.xml,/eml:eml/dataset/spatialRaster/verticals
KUBI,03926-metadata.xml,/eml:eml/dataset/spatialRaster/cellGeometry
KUBI,03927-metadata.xml,/eml:eml/@packageId
KUBI,03927-metadata.xml,/eml:eml/@system
KUBI,03927-metadata.xml,/eml:eml/@xsi:schemaLocation
KUBI,03927-metadata.xml,/eml:eml/dataset/title
KUBI,03927-metadata.xml,/eml:eml/dataset/creator/organizationName
KUBI,03927-metadata.xml,/eml:eml/dataset/keywordSet/keyword
KUBI,03927-metadata.xml,/eml:eml/dataset/keywordSet/keyword
KUBI,03927-metadata.xml,/eml:eml/dataset/keywordSet/keyword
KUBI,03927-metadata.xml,/eml:eml/dataset/keywordSet/keyword
KUBI,03927-metadata.xml,/eml:eml/dataset/coverage/geographicCoverage/geographicDescription
KUBI,03927-metadata.xml,/eml:eml/dataset/coverage/geographicCoverage/boundingCoordinates/westBoundingCoordinate
KUBI,03927-metadata.xml,/eml:eml/dataset/coverage/geographicCoverage/boundingCoordinates/eastBoundingCoordinate
KUBI,03927-metadata.xml,/eml:eml/dataset/coverage/geographicCoverage/boundingCoordinates/northBoundingCoordinate
KUBI,03927-metadata.xml,/eml:eml/dataset/coverage/geographicCoverage/boundingCoordinates/southBoundingCoordinate
KUBI,03927-metadata.xml,/eml:eml/dataset/coverage/temporalCoverage/rangeOfDates/beginDate/calendarDate
KUBI,03927-metadata.xml,/eml:eml/dataset/coverage/temporalCoverage/rangeOfDates/endDate/calendarDate
KUBI,03927-metadata.xml,/eml:eml/dataset/contact/organizationName
KUBI,03927-metadata.xml,/eml:eml/dataset/contact/address/deliveryPoint
KUBI,03927-metadata.xml,/eml:eml/dataset/contact/address/city
KUBI,03927-metadata.xml,/eml:eml/dataset/contact/address/administrativeArea
KUBI,03927-metadata.xml,/eml:eml/dataset/contact/address/postalCode
KUBI,03927-metadata.xml,/eml:eml/dataset/contact/address/country
KUBI,03927-metadata.xml,/eml:eml/dataset/contact/electronicMailAddress
KUBI,03927-metadata.xml,/eml:eml/dataset/contact/onlineUrl
KUBI,03927-metadata.xml,/eml:eml/dataset/spatialRaster/entityName
KUBI,03927-metadata.xml,/eml:eml/dataset/spatialRaster/physical/objectName
KUBI,03927-metadata.xml,/eml:eml/dataset/spatialRaster/physical/dataFormat/externallyDefinedFormat/formatName
KUBI,03927-metadata.xml,/eml:eml/dataset/spatialRaster/physical/distribution/online/url
KUBI,03927-metadata.xml,/eml:eml/dataset/spatialRaster/physical/distribution/online/url/@function
KUBI,03927-metadata.xml,/eml:eml/dataset/spatialRaster/attributeList/attribute/attributeName
KUBI,03927-metadata.xml,/eml:eml/dataset/spatialRaster/attributeList/attribute/attributeDefinition
KUBI,03927-metadata.xml,/eml:eml/dataset/spatialRaster/attributeList/attribute/storageType
KUBI,03927-metadata.xml,/eml:eml/dataset/spatialRaster/attributeList/attribute/measurementScale/interval/unit/customUnit
KUBI,03927-metadata.xml,/eml:eml/dataset/spatialRaster/attributeList/attribute/measurementScale/interval/numericDomain/numberType
KUBI,03927-metadata.xml,/eml:eml/dataset/spatialRaster/attributeList/attribute/measurementScale/interval/numericDomain/bounds/minimum
KUBI,03927-metadata.xml,/eml:eml/dataset/spatialRaster/attributeList/attribute/measurementScale/interval/numericDomain/bounds/minimum/@exclusive
KUBI,03927-metadata.xml,/eml:eml/dataset/spatialRaster/attributeList/attribute/measurementScale/interval/numericDomain/bounds/maximum
KUBI,03927-metadata.xml,/eml:eml/dataset/spatialRaster/attributeList/attribute/measurementScale/interval/numericDomain/bounds/maximum/@exclusive
KUBI,03927-metadata.xml,/eml:eml/dataset/spatialRaster/spatialReference/horizCoordSysDef/@name
KUBI,03927-metadata.xml,/eml:eml/dataset/spatialRaster/spatialReference/horizCoordSysDef/geogCoordSys/datum/@name
KUBI,03927-metadata.xml,/eml:eml/dataset/spatialRaster/spatialReference/horizCoordSysDef/geogCoordSys/spheroid/@denomFlatRatio
KUBI,03927-metadata.xml,/eml:eml/dataset/spatialRaster/spatialReference/horizCoordSysDef/geogCoordSys/spheroid/@name
KUBI,03927-metadata.xml,/eml:eml/dataset/spatialRaster/spatialReference/horizCoordSysDef/geogCoordSys/spheroid/@semiAxisMajor
KUBI,03927-metadata.xml,/eml:eml/dataset/spatialRaster/spatialReference/horizCoordSysDef/geogCoordSys/primeMeridian/@longitude
KUBI,03927-metadata.xml,/eml:eml/dataset/spatialRaster/spatialReference/horizCoordSysDef/geogCoordSys/primeMeridian/@name
KUBI,03927-metadata.xml,/eml:eml/dataset/spatialRaster/spatialReference/horizCoordSysDef/geogCoordSys/unit/@name
KUBI,03927-metadata.xml,/eml:eml/dataset/spatialRaster/horizontalAccuracy/accuracyReport
KUBI,03927-metadata.xml,/eml:eml/dataset/spatialRaster/verticalAccuracy/accuracyReport
KUBI,03927-metadata.xml,/eml:eml/dataset/spatialRaster/cellSizeXDirection
KUBI,03927-metadata.xml,/eml:eml/dataset/spatialRaster/cellSizeYDirection
KUBI,03927-metadata.xml,/eml:eml/dataset/spatialRaster/numberOfBands
KUBI,03927-metadata.xml,/eml:eml/dataset/spatialRaster/rasterOrigin
KUBI,03927-metadata.xml,/eml:eml/dataset/spatialRaster/rows
KUBI,03927-metadata.xml,/eml:eml/dataset/spatialRaster/columns
KUBI,03927-metadata.xml,/eml:eml/dataset/spatialRaster/verticals
KUBI,03927-metadata.xml,/eml:eml/dataset/spatialRaster/cellGeometry
KUBI,03927-metadata.xml,/eml:eml/additionalMetadata/metadata/unitList/ns2:unit/@id
KUBI,03927-metadata.xml,/eml:eml/additionalMetadata/metadata/unitList/ns2:unit/@multiplierToSI
KUBI,03927-metadata.xml,/eml:eml/additionalMetadata/metadata/unitList/ns2:unit/@parentSI
KUBI,03927-metadata.xml,/eml:eml/additionalMetadata/metadata/unitList/ns2:unit/ns2:description
KUBI,03928-metadata.xml,/eml:eml/@packageId
KUBI,03928-metadata.xml,/eml:eml/@system
KUBI,03928-metadata.xml,/eml:eml/@xsi:schemaLocation
KUBI,03928-metadata.xml,/eml:eml/dataset/title
KUBI,03928-metadata.xml,/eml:eml/dataset/creator/organizationName
KUBI,03928-metadata.xml,/eml:eml/dataset/keywordSet/keyword
KUBI,03928-metadata.xml,/eml:eml/dataset/keywordSet/keyword
KUBI,03928-metadata.xml,/eml:eml/dataset/keywordSet/keyword
KUBI,03928-metadata.xml,/eml:eml/dataset/keywordSet/keyword
KUBI,03928-metadata.xml,/eml:eml/dataset/coverage/geographicCoverage/geographicDescription
KUBI,03928-metadata.xml,/eml:eml/dataset/coverage/geographicCoverage/boundingCoordinates/westBoundingCoordinate
KUBI,03928-metadata.xml,/eml:eml/dataset/coverage/geographicCoverage/boundingCoordinates/eastBoundingCoordinate
KUBI,03928-metadata.xml,/eml:eml/dataset/coverage/geographicCoverage/boundingCoordinates/northBoundingCoordinate
KUBI,03928-metadata.xml,/eml:eml/dataset/coverage/geographicCoverage/boundingCoordinates/southBoundingCoordinate
KUBI,03928-metadata.xml,/eml:eml/dataset/coverage/temporalCoverage/rangeOfDates/beginDate/calendarDate
KUBI,03928-metadata.xml,/eml:eml/dataset/coverage/temporalCoverage/rangeOfDates/endDate/calendarDate
KUBI,03928-metadata.xml,/eml:eml/dataset/contact/organizationName
KUBI,03928-metadata.xml,/eml:eml/dataset/contact/address/deliveryPoint
KUBI,03928-metadata.xml,/eml:eml/dataset/contact/address/city
KUBI,03928-metadata.xml,/eml:eml/dataset/contact/address/administrativeArea
KUBI,03928-metadata.xml,/eml:eml/dataset/contact/address/postalCode
KUBI,03928-metadata.xml,/eml:eml/dataset/contact/address/country
KUBI,03928-metadata.xml,/eml:eml/dataset/contact/electronicMailAddress
KUBI,03928-metadata.xml,/eml:eml/dataset/contact/onlineUrl
KUBI,03928-metadata.xml,/eml:eml/dataset/spatialRaster/entityName
KUBI,03928-metadata.xml,/eml:eml/dataset/spatialRaster/physical/objectName
KUBI,03928-metadata.xml,/eml:eml/dataset/spatialRaster/physical/dataFormat/externallyDefinedFormat/formatName
KUBI,03928-metadata.xml,/eml:eml/dataset/spatialRaster/physical/distribution/online/url
KUBI,03928-metadata.xml,/eml:eml/dataset/spatialRaster/physical/distribution/online/url/@function
KUBI,03928-metadata.xml,/eml:eml/dataset/spatialRaster/attributeList/attribute/attributeName
KUBI,03928-metadata.xml,/eml:eml/dataset/spatialRaster/attributeList/attribute/attributeDefinition
KUBI,03928-metadata.xml,/eml:eml/dataset/spatialRaster/attributeList/attribute/storageType
KUBI,03928-metadata.xml,/eml:eml/dataset/spatialRaster/attributeList/attribute/measurementScale/interval/unit/customUnit
KUBI,03928-metadata.xml,/eml:eml/dataset/spatialRaster/attributeList/attribute/measurementScale/interval/numericDomain/numberType
KUBI,03928-metadata.xml,/eml:eml/dataset/spatialRaster/attributeList/attribute/measurementScale/interval/numericDomain/bounds/minimum
KUBI,03928-metadata.xml,/eml:eml/dataset/spatialRaster/attributeList/attribute/measurementScale/interval/numericDomain/bounds/minimum/@exclusive
KUBI,03928-metadata.xml,/eml:eml/dataset/spatialRaster/attributeList/attribute/measurementScale/interval/numericDomain/bounds/maximum
KUBI,03928-metadata.xml,/eml:eml/dataset/spatialRaster/attributeList/attribute/measurementScale/interval/numericDomain/bounds/maximum/@exclusive
KUBI,03928-metadata.xml,/eml:eml/dataset/spatialRaster/spatialReference/horizCoordSysDef/@name
KUBI,03928-metadata.xml,/eml:eml/dataset/spatialRaster/spatialReference/horizCoordSysDef/geogCoordSys/datum/@name
KUBI,03928-metadata.xml,/eml:eml/dataset/spatialRaster/spatialReference/horizCoordSysDef/geogCoordSys/spheroid/@denomFlatRatio
KUBI,03928-metadata.xml,/eml:eml/dataset/spatialRaster/spatialReference/horizCoordSysDef/geogCoordSys/spheroid/@name
KUBI,03928-metadata.xml,/eml:eml/dataset/spatialRaster/spatialReference/horizCoordSysDef/geogCoordSys/spheroid/@semiAxisMajor
KUBI,03928-metadata.xml,/eml:eml/dataset/spatialRaster/spatialReference/horizCoordSysDef/geogCoordSys/primeMeridian/@longitude
KUBI,03928-metadata.xml,/eml:eml/dataset/spatialRaster/spatialReference/horizCoordSysDef/geogCoordSys/primeMeridian/@name
KUBI,03928-metadata.xml,/eml:eml/dataset/spatialRaster/spatialReference/horizCoordSysDef/geogCoordSys/unit/@name
KUBI,03928-metadata.xml,/eml:eml/dataset/spatialRaster/horizontalAccuracy/accuracyReport
KUBI,03928-metadata.xml,/eml:eml/dataset/spatialRaster/verticalAccuracy/accuracyReport
KUBI,03928-metadata.xml,/eml:eml/dataset/spatialRaster/cellSizeXDirection
KUBI,03928-metadata.xml,/eml:eml/dataset/spatialRaster/cellSizeYDirection
KUBI,03928-metadata.xml,/eml:eml/dataset/spatialRaster/numberOfBands
KUBI,03928-metadata.xml,/eml:eml/dataset/spatialRaster/rasterOrigin
KUBI,03928-metadata.xml,/eml:eml/dataset/spatialRaster/rows
KUBI,03928-metadata.xml,/eml:eml/dataset/spatialRaster/columns
KUBI,03928-metadata.xml,/eml:eml/dataset/spatialRaster/verticals
KUBI,03928-metadata.xml,/eml:eml/dataset/spatialRaster/cellGeometry
KUBI,03928-metadata.xml,/eml:eml/additionalMetadata/metadata/unitList/ns2:unit/@id
KUBI,03928-metadata.xml,/eml:eml/additionalMetadata/metadata/unitList/ns2:unit/ns2:description
KUBI,03929-metadata.xml,/eml:eml/@packageId
KUBI,03929-metadata.xml,/eml:eml/@system
KUBI,03929-metadata.xml,/eml:eml/@xsi:schemaLocation
KUBI,03929-metadata.xml,/eml:eml/dataset/title
KUBI,03929-metadata.xml,/eml:eml/dataset/creator/organizationName
KUBI,03929-metadata.xml,/eml:eml/dataset/keywordSet/keyword
KUBI,03929-metadata.xml,/eml:eml/dataset/keywordSet/keyword
KUBI,03929-metadata.xml,/eml:eml/dataset/keywordSet/keyword
KUBI,03929-metadata.xml,/eml:eml/dataset/keywordSet/keyword
KUBI,03929-metadata.xml,/eml:eml/dataset/keywordSet/keyword
KUBI,03929-metadata.xml,/eml:eml/dataset/coverage/geographicCoverage/geographicDescription
KUBI,03929-metadata.xml,/eml:eml/dataset/coverage/geographicCoverage/boundingCoordinates/westBoundingCoordinate
KUBI,03929-metadata.xml,/eml:eml/dataset/coverage/geographicCoverage/boundingCoordinates/eastBoundingCoordinate
KUBI,03929-metadata.xml,/eml:eml/dataset/coverage/geographicCoverage/boundingCoordinates/northBoundingCoordinate
KUBI,03929-metadata.xml,/eml:eml/dataset/coverage/geographicCoverage/boundingCoordinates/southBoundingCoordinate
KUBI,03929-metadata.xml,/eml:eml/dataset/coverage/temporalCoverage/rangeOfDates/beginDate/calendarDate
KUBI,03929-metadata.xml,/eml:eml/dataset/coverage/temporalCoverage/rangeOfDates/endDate/calendarDate
KUBI,03929-metadata.xml,/eml:eml/dataset/contact/organizationName
KUBI,03929-metadata.xml,/eml:eml/dataset/contact/address/deliveryPoint
KUBI,03929-metadata.xml,/eml:eml/dataset/contact/address/city
KUBI,03929-metadata.xml,/eml:eml/dataset/contact/address/administrativeArea
KUBI,03929-metadata.xml,/eml:eml/dataset/contact/address/postalCode
KUBI,03929-metadata.xml,/eml:eml/dataset/contact/address/country
KUBI,03929-metadata.xml,/eml:eml/dataset/contact/electronicMailAddress
KUBI,03929-metadata.xml,/eml:eml/dataset/contact/onlineUrl
KUBI,03929-metadata.xml,/eml:eml/dataset/spatialRaster/entityName
KUBI,03929-metadata.xml,/eml:eml/dataset/spatialRaster/physical/objectName
KUBI,03929-metadata.xml,/eml:eml/dataset/spatialRaster/physical/dataFormat/externallyDefinedFormat/formatName
KUBI,03929-metadata.xml,/eml:eml/dataset/spatialRaster/physical/distribution/online/url
KUBI,03929-metadata.xml,/eml:eml/dataset/spatialRaster/physical/distribution/online/url/@function
KUBI,03929-metadata.xml,/eml:eml/dataset/spatialRaster/attributeList/attribute/attributeName
KUBI,03929-metadata.xml,/eml:eml/dataset/spatialRaster/attributeList/attribute/attributeDefinition
KUBI,03929-metadata.xml,/eml:eml/dataset/spatialRaster/attributeList/attribute/storageType
KUBI,03929-metadata.xml,/eml:eml/dataset/spatialRaster/attributeList/attribute/measurementScale/interval/unit/customUnit
KUBI,03929-metadata.xml,/eml:eml/dataset/spatialRaster/attributeList/attribute/measurementScale/interval/numericDomain/numberType
KUBI,03929-metadata.xml,/eml:eml/dataset/spatialRaster/attributeList/attribute/measurementScale/interval/numericDomain/bounds/minimum
KUBI,03929-metadata.xml,/eml:eml/dataset/spatialRaster/attributeList/attribute/measurementScale/interval/numericDomain/bounds/minimum/@exclusive
KUBI,03929-metadata.xml,/eml:eml/dataset/spatialRaster/attributeList/attribute/measurementScale/interval/numericDomain/bounds/maximum
KUBI,03929-metadata.xml,/eml:eml/dataset/spatialRaster/attributeList/attribute/measurementScale/interval/numericDomain/bounds/maximum/@exclusive
KUBI,03929-metadata.xml,/eml:eml/dataset/spatialRaster/spatialReference/horizCoordSysDef/@name
KUBI,03929-metadata.xml,/eml:eml/dataset/spatialRaster/spatialReference/horizCoordSysDef/geogCoordSys/datum/@name
KUBI,03929-metadata.xml,/eml:eml/dataset/spatialRaster/spatialReference/horizCoordSysDef/geogCoordSys/spheroid/@denomFlatRatio
KUBI,03929-metadata.xml,/eml:eml/dataset/spatialRaster/spatialReference/horizCoordSysDef/geogCoordSys/spheroid/@name
KUBI,03929-metadata.xml,/eml:eml/dataset/spatialRaster/spatialReference/horizCoordSysDef/geogCoordSys/spheroid/@semiAxisMajor
KUBI,03929-metadata.xml,/eml:eml/dataset/spatialRaster/spatialReference/horizCoordSysDef/geogCoordSys/primeMeridian/@longitude
KUBI,03929-metadata.xml,/eml:eml/dataset/spatialRaster/spatialReference/horizCoordSysDef/geogCoordSys/primeMeridian/@name
KUBI,03929-metadata.xml,/eml:eml/dataset/spatialRaster/spatialReference/horizCoordSysDef/geogCoordSys/unit/@name
KUBI,03929-metadata.xml,/eml:eml/dataset/spatialRaster/horizontalAccuracy/accuracyReport
KUBI,03929-metadata.xml,/eml:eml/dataset/spatialRaster/verticalAccuracy/accuracyReport
KUBI,03929-metadata.xml,/eml:eml/dataset/spatialRaster/cellSizeXDirection
KUBI,03929-metadata.xml,/eml:eml/dataset/spatialRaster/cellSizeYDirection
KUBI,03929-metadata.xml,/eml:eml/dataset/spatialRaster/numberOfBands
KUBI,03929-metadata.xml,/eml:eml/dataset/spatialRaster/rasterOrigin
KUBI,03929-metadata.xml,/eml:eml/dataset/spatialRaster/rows
KUBI,03929-metadata.xml,/eml:eml/dataset/spatialRaster/columns
KUBI,03929-metadata.xml,/eml:eml/dataset/spatialRaster/verticals
KUBI,03929-metadata.xml,/eml:eml/dataset/spatialRaster/cellGeometry
KUBI,03929-metadata.xml,/eml:eml/additionalMetadata/metadata/unitList/ns2:unit/@id
KUBI,03929-metadata.xml,/eml:eml/additionalMetadata/metadata/unitList/ns2:unit/@multiplierToSI
KUBI,03929-metadata.xml,/eml:eml/additionalMetadata/metadata/unitList/ns2:unit/@parentSI
KUBI,03929-metadata.xml,/eml:eml/additionalMetadata/metadata/unitList/ns2:unit/ns2:description
KUBI,03930-metadata.xml,/eml:eml/@packageId
KUBI,03930-metadata.xml,/eml:eml/@system
KUBI,03930-metadata.xml,/eml:eml/@xsi:schemaLocation
KUBI,03930-metadata.xml,/eml:eml/dataset/title
KUBI,03930-metadata.xml,/eml:eml/dataset/creator/organizationName
KUBI,03930-metadata.xml,/eml:eml/dataset/keywordSet/keyword
KUBI,03930-metadata.xml,/eml:eml/dataset/keywordSet/keyword
KUBI,03930-metadata.xml,/eml:eml/dataset/keywordSet/keyword
KUBI,03930-metadata.xml,/eml:eml/dataset/keywordSet/keyword
KUBI,03930-metadata.xml,/eml:eml/dataset/keywordSet/keyword
KUBI,03930-metadata.xml,/eml:eml/dataset/coverage/geographicCoverage/geographicDescription
KUBI,03930-metadata.xml,/eml:eml/dataset/coverage/geographicCoverage/boundingCoordinates/westBoundingCoordinate
KUBI,03930-metadata.xml,/eml:eml/dataset/coverage/geographicCoverage/boundingCoordinates/eastBoundingCoordinate
KUBI,03930-metadata.xml,/eml:eml/dataset/coverage/geographicCoverage/boundingCoordinates/northBoundingCoordinate
KUBI,03930-metadata.xml,/eml:eml/dataset/coverage/geographicCoverage/boundingCoordinates/southBoundingCoordinate
KUBI,03930-metadata.xml,/eml:eml/dataset/coverage/temporalCoverage/rangeOfDates/beginDate/calendarDate
KUBI,03930-metadata.xml,/eml:eml/dataset/coverage/temporalCoverage/rangeOfDates/endDate/calendarDate
KUBI,03930-metadata.xml,/eml:eml/dataset/contact/organizationName
KUBI,03930-metadata.xml,/eml:eml/dataset/contact/address/deliveryPoint
KUBI,03930-metadata.xml,/eml:eml/dataset/contact/address/city
KUBI,03930-metadata.xml,/eml:eml/dataset/contact/address/administrativeArea
KUBI,03930-metadata.xml,/eml:eml/dataset/contact/address/postalCode
KUBI,03930-metadata.xml,/eml:eml/dataset/contact/address/country
KUBI,03930-metadata.xml,/eml:eml/dataset/contact/electronicMailAddress
KUBI,03930-metadata.xml,/eml:eml/dataset/contact/onlineUrl
KUBI,03930-metadata.xml,/eml:eml/dataset/spatialRaster/entityName
KUBI,03930-metadata.xml,/eml:eml/dataset/spatialRaster/physical/objectName
KUBI,03930-metadata.xml,/eml:eml/dataset/spatialRaster/physical/dataFormat/externallyDefinedFormat/formatName
KUBI,03930-metadata.xml,/eml:eml/dataset/spatialRaster/physical/distribution/online/url
KUBI,03930-metadata.xml,/eml:eml/dataset/spatialRaster/physical/distribution/online/url/@function
KUBI,03930-metadata.xml,/eml:eml/dataset/spatialRaster/attributeList/attribute/attributeName
KUBI,03930-metadata.xml,/eml:eml/dataset/spatialRaster/attributeList/attribute/attributeDefinition
KUBI,03930-metadata.xml,/eml:eml/dataset/spatialRaster/attributeList/attribute/storageType
KUBI,03930-metadata.xml,/eml:eml/dataset/spatialRaster/attributeList/attribute/measurementScale/interval/unit/customUnit
KUBI,03930-metadata.xml,/eml:eml/dataset/spatialRaster/attributeList/attribute/measurementScale/interval/numericDomain/numberType
KUBI,03930-metadata.xml,/eml:eml/dataset/spatialRaster/attributeList/attribute/measurementScale/interval/numericDomain/bounds/minimum
KUBI,03930-metadata.xml,/eml:eml/dataset/spatialRaster/attributeList/attribute/measurementScale/interval/numericDomain/bounds/minimum/@exclusive
KUBI,03930-metadata.xml,/eml:eml/dataset/spatialRaster/attributeList/attribute/measurementScale/interval/numericDomain/bounds/maximum
KUBI,03930-metadata.xml,/eml:eml/dataset/spatialRaster/attributeList/attribute/measurementScale/interval/numericDomain/bounds/maximum/@exclusive
KUBI,03930-metadata.xml,/eml:eml/dataset/spatialRaster/spatialReference/horizCoordSysDef/@name
KUBI,03930-metadata.xml,/eml:eml/dataset/spatialRaster/spatialReference/horizCoordSysDef/geogCoordSys/datum/@name
KUBI,03930-metadata.xml,/eml:eml/dataset/spatialRaster/spatialReference/horizCoordSysDef/geogCoordSys/spheroid/@denomFlatRatio
KUBI,03930-metadata.xml,/eml:eml/dataset/spatialRaster/spatialReference/horizCoordSysDef/geogCoordSys/spheroid/@name
KUBI,03930-metadata.xml,/eml:eml/dataset/spatialRaster/spatialReference/horizCoordSysDef/geogCoordSys/spheroid/@semiAxisMajor
KUBI,03930-metadata.xml,/eml:eml/dataset/spatialRaster/spatialReference/horizCoordSysDef/geogCoordSys/primeMeridian/@longitude
KUBI,03930-metadata.xml,/eml:eml/dataset/spatialRaster/spatialReference/horizCoordSysDef/geogCoordSys/primeMeridian/@name
KUBI,03930-metadata.xml,/eml:eml/dataset/spatialRaster/spatialReference/horizCoordSysDef/geogCoordSys/unit/@name
KUBI,03930-metadata.xml,/eml:eml/dataset/spatialRaster/horizontalAccuracy/accuracyReport
KUBI,03930-metadata.xml,/eml:eml/dataset/spatialRaster/verticalAccuracy/accuracyReport
KUBI,03930-metadata.xml,/eml:eml/dataset/spatialRaster/cellSizeXDirection
KUBI,03930-metadata.xml,/eml:eml/dataset/spatialRaster/cellSizeYDirection
KUBI,03930-metadata.xml,/eml:eml/dataset/spatialRaster/numberOfBands
KUBI,03930-metadata.xml,/eml:eml/dataset/spatialRaster/rasterOrigin
KUBI,03930-metadata.xml,/eml:eml/dataset/spatialRaster/rows
KUBI,03930-metadata.xml,/eml:eml/dataset/spatialRaster/columns
KUBI,03930-metadata.xml,/eml:eml/dataset/spatialRaster/verticals
KUBI,03930-metadata.xml,/eml:eml/dataset/spatialRaster/cellGeometry
KUBI,03930-metadata.xml,/eml:eml/additionalMetadata/metadata/unitList/ns2:unit/@id
KUBI,03930-metadata.xml,/eml:eml/additionalMetadata/metadata/unitList/ns2:unit/@multiplierToSI
KUBI,03930-metadata.xml,/eml:eml/additionalMetadata/metadata/unitList/ns2:unit/@parentSI
KUBI,03930-metadata.xml,/eml:eml/additionalMetadata/metadata/unitList/ns2:unit/ns2:description
KUBI,03931-metadata.xml,/eml:eml/@packageId
KUBI,03931-metadata.xml,/eml:eml/@system
KUBI,03931-metadata.xml,/eml:eml/@xsi:schemaLocation
KUBI,03931-metadata.xml,/eml:eml/dataset/title
KUBI,03931-metadata.xml,/eml:eml/dataset/creator/organizationName
KUBI,03931-metadata.xml,/eml:eml/dataset/keywordSet/keyword
KUBI,03931-metadata.xml,/eml:eml/dataset/keywordSet/keyword
KUBI,03931-metadata.xml,/eml:eml/dataset/keywordSet/keyword
KUBI,03931-metadata.xml,/eml:eml/dataset/keywordSet/keyword
KUBI,03931-metadata.xml,/eml:eml/dataset/keywordSet/keyword
KUBI,03931-metadata.xml,/eml:eml/dataset/coverage/geographicCoverage/geographicDescription
KUBI,03931-metadata.xml,/eml:eml/dataset/coverage/geographicCoverage/boundingCoordinates/westBoundingCoordinate
KUBI,03931-metadata.xml,/eml:eml/dataset/coverage/geographicCoverage/boundingCoordinates/eastBoundingCoordinate
KUBI,03931-metadata.xml,/eml:eml/dataset/coverage/geographicCoverage/boundingCoordinates/northBoundingCoordinate
KUBI,03931-metadata.xml,/eml:eml/dataset/coverage/geographicCoverage/boundingCoordinates/southBoundingCoordinate
KUBI,03931-metadata.xml,/eml:eml/dataset/coverage/temporalCoverage/rangeOfDates/beginDate/calendarDate
KUBI,03931-metadata.xml,/eml:eml/dataset/coverage/temporalCoverage/rangeOfDates/endDate/calendarDate
KUBI,03931-metadata.xml,/eml:eml/dataset/contact/organizationName
KUBI,03931-metadata.xml,/eml:eml/dataset/contact/address/deliveryPoint
KUBI,03931-metadata.xml,/eml:eml/dataset/contact/address/city
KUBI,03931-metadata.xml,/eml:eml/dataset/contact/address/administrativeArea
KUBI,03931-metadata.xml,/eml:eml/dataset/contact/address/postalCode
KUBI,03931-metadata.xml,/eml:eml/dataset/contact/address/country
KUBI,03931-metadata.xml,/eml:eml/dataset/contact/electronicMailAddress
KUBI,03931-metadata.xml,/eml:eml/dataset/contact/onlineUrl
KUBI,03931-metadata.xml,/eml:eml/dataset/spatialRaster/entityName
KUBI,03931-metadata.xml,/eml:eml/dataset/spatialRaster/physical/objectName
KUBI,03931-metadata.xml,/eml:eml/dataset/spatialRaster/physical/dataFormat/externallyDefinedFormat/formatName
KUBI,03931-metadata.xml,/eml:eml/dataset/spatialRaster/physical/distribution/online/url
KUBI,03931-metadata.xml,/eml:eml/dataset/spatialRaster/physical/distribution/online/url/@function
KUBI,03931-metadata.xml,/eml:eml/dataset/spatialRaster/attributeList/attribute/attributeName
KUBI,03931-metadata.xml,/eml:eml/dataset/spatialRaster/attributeList/attribute/attributeDefinition
KUBI,03931-metadata.xml,/eml:eml/dataset/spatialRaster/attributeList/attribute/storageType
KUBI,03931-metadata.xml,/eml:eml/dataset/spatialRaster/attributeList/attribute/measurementScale/interval/unit/customUnit
KUBI,03931-metadata.xml,/eml:eml/dataset/spatialRaster/attributeList/attribute/measurementScale/interval/numericDomain/numberType
KUBI,03931-metadata.xml,/eml:eml/dataset/spatialRaster/attributeList/attribute/measurementScale/interval/numericDomain/bounds/minimum
KUBI,03931-metadata.xml,/eml:eml/dataset/spatialRaster/attributeList/attribute/measurementScale/interval/numericDomain/bounds/minimum/@exclusive
KUBI,03931-metadata.xml,/eml:eml/dataset/spatialRaster/attributeList/attribute/measurementScale/interval/numericDomain/bounds/maximum
KUBI,03931-metadata.xml,/eml:eml/dataset/spatialRaster/attributeList/attribute/measurementScale/interval/numericDomain/bounds/maximum/@exclusive
KUBI,03931-metadata.xml,/eml:eml/dataset/spatialRaster/spatialReference/horizCoordSysDef/@name
KUBI,03931-metadata.xml,/eml:eml/dataset/spatialRaster/spatialReference/horizCoordSysDef/geogCoordSys/datum/@name
KUBI,03931-metadata.xml,/eml:eml/dataset/spatialRaster/spatialReference/horizCoordSysDef/geogCoordSys/spheroid/@denomFlatRatio
KUBI,03931-metadata.xml,/eml:eml/dataset/spatialRaster/spatialReference/horizCoordSysDef/geogCoordSys/spheroid/@name
KUBI,03931-metadata.xml,/eml:eml/dataset/spatialRaster/spatialReference/horizCoordSysDef/geogCoordSys/spheroid/@semiAxisMajor
KUBI,03931-metadata.xml,/eml:eml/dataset/spatialRaster/spatialReference/horizCoordSysDef/geogCoordSys/primeMeridian/@longitude
KUBI,03931-metadata.xml,/eml:eml/dataset/spatialRaster/spatialReference/horizCoordSysDef/geogCoordSys/primeMeridian/@name
KUBI,03931-metadata.xml,/eml:eml/dataset/spatialRaster/spatialReference/horizCoordSysDef/geogCoordSys/unit/@name
KUBI,03931-metadata.xml,/eml:eml/dataset/spatialRaster/horizontalAccuracy/accuracyReport
KUBI,03931-metadata.xml,/eml:eml/dataset/spatialRaster/verticalAccuracy/accuracyReport
KUBI,03931-metadata.xml,/eml:eml/dataset/spatialRaster/cellSizeXDirection
KUBI,03931-metadata.xml,/eml:eml/dataset/spatialRaster/cellSizeYDirection
KUBI,03931-metadata.xml,/eml:eml/dataset/spatialRaster/numberOfBands
KUBI,03931-metadata.xml,/eml:eml/dataset/spatialRaster/rasterOrigin
KUBI,03931-metadata.xml,/eml:eml/dataset/spatialRaster/rows
KUBI,03931-metadata.xml,/eml:eml/dataset/spatialRaster/columns
KUBI,03931-metadata.xml,/eml:eml/dataset/spatialRaster/verticals
KUBI,03931-metadata.xml,/eml:eml/dataset/spatialRaster/cellGeometry
KUBI,03931-metadata.xml,/eml:eml/additionalMetadata/metadata/unitList/ns2:unit/@id
KUBI,03931-metadata.xml,/eml:eml/additionalMetadata/metadata/unitList/ns2:unit/@multiplierToSI
KUBI,03931-metadata.xml,/eml:eml/additionalMetadata/metadata/unitList/ns2:unit/@parentSI
KUBI,03931-metadata.xml,/eml:eml/additionalMetadata/metadata/unitList/ns2:unit/ns2:description
KUBI,03932-metadata.xml,/eml:eml/@packageId
KUBI,03932-metadata.xml,/eml:eml/@system
KUBI,03932-metadata.xml,/eml:eml/@xsi:schemaLocation
KUBI,03932-metadata.xml,/eml:eml/dataset/title
KUBI,03932-metadata.xml,/eml:eml/dataset/creator/organizationName
KUBI,03932-metadata.xml,/eml:eml/dataset/keywordSet/keyword
KUBI,03932-metadata.xml,/eml:eml/dataset/keywordSet/keyword
KUBI,03932-metadata.xml,/eml:eml/dataset/keywordSet/keyword
KUBI,03932-metadata.xml,/eml:eml/dataset/keywordSet/keyword
KUBI,03932-metadata.xml,/eml:eml/dataset/coverage/geographicCoverage/geographicDescription
KUBI,03932-metadata.xml,/eml:eml/dataset/coverage/geographicCoverage/boundingCoordinates/westBoundingCoordinate
KUBI,03932-metadata.xml,/eml:eml/dataset/coverage/geographicCoverage/boundingCoordinates/eastBoundingCoordinate
KUBI,03932-metadata.xml,/eml:eml/dataset/coverage/geographicCoverage/boundingCoordinates/northBoundingCoordinate
KUBI,03932-metadata.xml,/eml:eml/dataset/coverage/geographicCoverage/boundingCoordinates/southBoundingCoordinate
KUBI,03932-metadata.xml,/eml:eml/dataset/coverage/temporalCoverage/rangeOfDates/beginDate/calendarDate
KUBI,03932-metadata.xml,/eml:eml/dataset/coverage/temporalCoverage/rangeOfDates/endDate/calendarDate
KUBI,03932-metadata.xml,/eml:eml/dataset/contact/organizationName
KUBI,03932-metadata.xml,/eml:eml/dataset/contact/address/deliveryPoint
KUBI,03932-metadata.xml,/eml:eml/dataset/contact/address/city
KUBI,03932-metadata.xml,/eml:eml/dataset/contact/address/administrativeArea
KUBI,03932-metadata.xml,/eml:eml/dataset/contact/address/postalCode
KUBI,03932-metadata.xml,/eml:eml/dataset/contact/address/country
KUBI,03932-metadata.xml,/eml:eml/dataset/contact/electronicMailAddress
KUBI,03932-metadata.xml,/eml:eml/dataset/contact/onlineUrl
KUBI,03932-metadata.xml,/eml:eml/dataset/spatialRaster/entityName
KUBI,03932-metadata.xml,/eml:eml/dataset/spatialRaster/physical/objectName
KUBI,03932-metadata.xml,/eml:eml/dataset/spatialRaster/physical/dataFormat/externallyDefinedFormat/formatName
KUBI,03932-metadata.xml,/eml:eml/dataset/spatialRaster/physical/distribution/online/url
KUBI,03932-metadata.xml,/eml:eml/dataset/spatialRaster/physical/distribution/online/url/@function
KUBI,03932-metadata.xml,/eml:eml/dataset/spatialRaster/attributeList/attribute/attributeName
KUBI,03932-metadata.xml,/eml:eml/dataset/spatialRaster/attributeList/attribute/attributeDefinition
KUBI,03932-metadata.xml,/eml:eml/dataset/spatialRaster/attributeList/attribute/storageType
KUBI,03932-metadata.xml,/eml:eml/dataset/spatialRaster/attributeList/attribute/measurementScale/interval/unit/standardUnit
KUBI,03932-metadata.xml,/eml:eml/dataset/spatialRaster/attributeList/attribute/measurementScale/interval/numericDomain/numberType
KUBI,03932-metadata.xml,/eml:eml/dataset/spatialRaster/attributeList/attribute/measurementScale/interval/numericDomain/bounds/minimum
KUBI,03932-metadata.xml,/eml:eml/dataset/spatialRaster/attributeList/attribute/measurementScale/interval/numericDomain/bounds/minimum/@exclusive
KUBI,03932-metadata.xml,/eml:eml/dataset/spatialRaster/attributeList/attribute/measurementScale/interval/numericDomain/bounds/maximum
KUBI,03932-metadata.xml,/eml:eml/dataset/spatialRaster/attributeList/attribute/measurementScale/interval/numericDomain/bounds/maximum/@exclusive
KUBI,03932-metadata.xml,/eml:eml/dataset/spatialRaster/spatialReference/horizCoordSysDef/@name
KUBI,03932-metadata.xml,/eml:eml/dataset/spatialRaster/spatialReference/horizCoordSysDef/geogCoordSys/datum/@name
KUBI,03932-metadata.xml,/eml:eml/dataset/spatialRaster/spatialReference/horizCoordSysDef/geogCoordSys/spheroid/@denomFlatRatio
KUBI,03932-metadata.xml,/eml:eml/dataset/spatialRaster/spatialReference/horizCoordSysDef/geogCoordSys/spheroid/@name
KUBI,03932-metadata.xml,/eml:eml/dataset/spatialRaster/spatialReference/horizCoordSysDef/geogCoordSys/spheroid/@semiAxisMajor
KUBI,03932-metadata.xml,/eml:eml/dataset/spatialRaster/spatialReference/horizCoordSysDef/geogCoordSys/primeMeridian/@longitude
KUBI,03932-metadata.xml,/eml:eml/dataset/spatialRaster/spatialReference/horizCoordSysDef/geogCoordSys/primeMeridian/@name
KUBI,03932-metadata.xml,/eml:eml/dataset/spatialRaster/spatialReference/horizCoordSysDef/geogCoordSys/unit/@name
KUBI,03932-metadata.xml,/eml:eml/dataset/spatialRaster/horizontalAccuracy/accuracyReport
KUBI,03932-metadata.xml,/eml:eml/dataset/spatialRaster/verticalAccuracy/accuracyReport
KUBI,03932-metadata.xml,/eml:eml/dataset/spatialRaster/cellSizeXDirection
KUBI,03932-metadata.xml,/eml:eml/dataset/spatialRaster/cellSizeYDirection
KUBI,03932-metadata.xml,/eml:eml/dataset/spatialRaster/numberOfBands
KUBI,03932-metadata.xml,/eml:eml/dataset/spatialRaster/rasterOrigin
KUBI,03932-metadata.xml,/eml:eml/dataset/spatialRaster/rows
KUBI,03932-metadata.xml,/eml:eml/dataset/spatialRaster/columns
KUBI,03932-metadata.xml,/eml:eml/dataset/spatialRaster/verticals
KUBI,03932-metadata.xml,/eml:eml/dataset/spatialRaster/cellGeometry
KUBI,03933-metadata.xml,/eml:eml/@packageId
KUBI,03933-metadata.xml,/eml:eml/@system
KUBI,03933-metadata.xml,/eml:eml/@xsi:schemaLocation
KUBI,03933-metadata.xml,/eml:eml/dataset/title
KUBI,03933-metadata.xml,/eml:eml/dataset/creator/organizationName
KUBI,03933-metadata.xml,/eml:eml/dataset/keywordSet/keyword
KUBI,03933-metadata.xml,/eml:eml/dataset/keywordSet/keyword
KUBI,03933-metadata.xml,/eml:eml/dataset/keywordSet/keyword
KUBI,03933-metadata.xml,/eml:eml/dataset/keywordSet/keyword
KUBI,03933-metadata.xml,/eml:eml/dataset/coverage/geographicCoverage/geographicDescription
KUBI,03933-metadata.xml,/eml:eml/dataset/coverage/geographicCoverage/boundingCoordinates/westBoundingCoordinate
KUBI,03933-metadata.xml,/eml:eml/dataset/coverage/geographicCoverage/boundingCoordinates/eastBoundingCoordinate
KUBI,03933-metadata.xml,/eml:eml/dataset/coverage/geographicCoverage/boundingCoordinates/northBoundingCoordinate
KUBI,03933-metadata.xml,/eml:eml/dataset/coverage/geographicCoverage/boundingCoordinates/southBoundingCoordinate
KUBI,03933-metadata.xml,/eml:eml/dataset/coverage/temporalCoverage/rangeOfDates/beginDate/calendarDate
KUBI,03933-metadata.xml,/eml:eml/dataset/coverage/temporalCoverage/rangeOfDates/endDate/calendarDate
KUBI,03933-metadata.xml,/eml:eml/dataset/contact/organizationName
KUBI,03933-metadata.xml,/eml:eml/dataset/contact/address/deliveryPoint
KUBI,03933-metadata.xml,/eml:eml/dataset/contact/address/city
KUBI,03933-metadata.xml,/eml:eml/dataset/contact/address/administrativeArea
KUBI,03933-metadata.xml,/eml:eml/dataset/contact/address/postalCode
KUBI,03933-metadata.xml,/eml:eml/dataset/contact/address/country
KUBI,03933-metadata.xml,/eml:eml/dataset/contact/electronicMailAddress
KUBI,03933-metadata.xml,/eml:eml/dataset/contact/onlineUrl
KUBI,03933-metadata.xml,/eml:eml/dataset/spatialRaster/entityName
KUBI,03933-metadata.xml,/eml:eml/dataset/spatialRaster/physical/objectName
KUBI,03933-metadata.xml,/eml:eml/dataset/spatialRaster/physical/dataFormat/externallyDefinedFormat/formatName
KUBI,03933-metadata.xml,/eml:eml/dataset/spatialRaster/physical/distribution/online/url
KUBI,03933-metadata.xml,/eml:eml/dataset/spatialRaster/physical/distribution/online/url/@function
KUBI,03933-metadata.xml,/eml:eml/dataset/spatialRaster/attributeList/attribute/attributeName
KUBI,03933-metadata.xml,/eml:eml/dataset/spatialRaster/attributeList/attribute/attributeDefinition
KUBI,03933-metadata.xml,/eml:eml/dataset/spatialRaster/attributeList/attribute/storageType
KUBI,03933-metadata.xml,/eml:eml/dataset/spatialRaster/attributeList/attribute/measurementScale/interval/unit/standardUnit
KUBI,03933-metadata.xml,/eml:eml/dataset/spatialRaster/attributeList/attribute/measurementScale/interval/numericDomain/numberType
KUBI,03933-metadata.xml,/eml:eml/dataset/spatialRaster/attributeList/attribute/measurementScale/interval/numericDomain/bounds/minimum
KUBI,03933-metadata.xml,/eml:eml/dataset/spatialRaster/attributeList/attribute/measurementScale/interval/numericDomain/bounds/minimum/@exclusive
KUBI,03933-metadata.xml,/eml:eml/dataset/spatialRaster/attributeList/attribute/measurementScale/interval/numericDomain/bounds/maximum
KUBI,03933-metadata.xml,/eml:eml/dataset/spatialRaster/attributeList/attribute/measurementScale/interval/numericDomain/bounds/maximum/@exclusive
KUBI,03933-metadata.xml,/eml:eml/dataset/spatialRaster/spatialReference/horizCoordSysDef/@name
KUBI,03933-metadata.xml,/eml:eml/dataset/spatialRaster/spatialReference/horizCoordSysDef/geogCoordSys/datum/@name
KUBI,03933-metadata.xml,/eml:eml/dataset/spatialRaster/spatialReference/horizCoordSysDef/geogCoordSys/spheroid/@denomFlatRatio
KUBI,03933-metadata.xml,/eml:eml/dataset/spatialRaster/spatialReference/horizCoordSysDef/geogCoordSys/spheroid/@name
KUBI,03933-metadata.xml,/eml:eml/dataset/spatialRaster/spatialReference/horizCoordSysDef/geogCoordSys/spheroid/@semiAxisMajor
KUBI,03933-metadata.xml,/eml:eml/dataset/spatialRaster/spatialReference/horizCoordSysDef/geogCoordSys/primeMeridian/@longitude
KUBI,03933-metadata.xml,/eml:eml/dataset/spatialRaster/spatialReference/horizCoordSysDef/geogCoordSys/primeMeridian/@name
KUBI,03933-metadata.xml,/eml:eml/dataset/spatialRaster/spatialReference/horizCoordSysDef/geogCoordSys/unit/@name
KUBI,03933-metadata.xml,/eml:eml/dataset/spatialRaster/horizontalAccuracy/accuracyReport
KUBI,03933-metadata.xml,/eml:eml/dataset/spatialRaster/verticalAccuracy/accuracyReport
KUBI,03933-metadata.xml,/eml:eml/dataset/spatialRaster/cellSizeXDirection
KUBI,03933-metadata.xml,/eml:eml/dataset/spatialRaster/cellSizeYDirection
KUBI,03933-metadata.xml,/eml:eml/dataset/spatialRaster/numberOfBands
KUBI,03933-metadata.xml,/eml:eml/dataset/spatialRaster/rasterOrigin
KUBI,03933-metadata.xml,/eml:eml/dataset/spatialRaster/rows
KUBI,03933-metadata.xml,/eml:eml/dataset/spatialRaster/columns
KUBI,03933-metadata.xml,/eml:eml/dataset/spatialRaster/verticals
KUBI,03933-metadata.xml,/eml:eml/dataset/spatialRaster/cellGeometry
KUBI,03934-metadata.xml,/eml:eml/@packageId
KUBI,03934-metadata.xml,/eml:eml/@system
KUBI,03934-metadata.xml,/eml:eml/@xsi:schemaLocation
KUBI,03934-metadata.xml,/eml:eml/dataset/title
KUBI,03934-metadata.xml,/eml:eml/dataset/creator/organizationName
KUBI,03934-metadata.xml,/eml:eml/dataset/keywordSet/keyword
KUBI,03934-metadata.xml,/eml:eml/dataset/keywordSet/keyword
KUBI,03934-metadata.xml,/eml:eml/dataset/keywordSet/keyword
KUBI,03934-metadata.xml,/eml:eml/dataset/keywordSet/keyword
KUBI,03934-metadata.xml,/eml:eml/dataset/keywordSet/keyword
KUBI,03934-metadata.xml,/eml:eml/dataset/coverage/geographicCoverage/geographicDescription
KUBI,03934-metadata.xml,/eml:eml/dataset/coverage/geographicCoverage/boundingCoordinates/westBoundingCoordinate
KUBI,03934-metadata.xml,/eml:eml/dataset/coverage/geographicCoverage/boundingCoordinates/eastBoundingCoordinate
KUBI,03934-metadata.xml,/eml:eml/dataset/coverage/geographicCoverage/boundingCoordinates/northBoundingCoordinate
KUBI,03934-metadata.xml,/eml:eml/dataset/coverage/geographicCoverage/boundingCoordinates/southBoundingCoordinate
KUBI,03934-metadata.xml,/eml:eml/dataset/coverage/temporalCoverage/rangeOfDates/beginDate/calendarDate
KUBI,03934-metadata.xml,/eml:eml/dataset/coverage/temporalCoverage/rangeOfDates/endDate/calendarDate
KUBI,03934-metadata.xml,/eml:eml/dataset/contact/organizationName
KUBI,03934-metadata.xml,/eml:eml/dataset/contact/address/deliveryPoint
KUBI,03934-metadata.xml,/eml:eml/dataset/contact/address/city
KUBI,03934-metadata.xml,/eml:eml/dataset/contact/address/administrativeArea
KUBI,03934-metadata.xml,/eml:eml/dataset/contact/address/postalCode
KUBI,03934-metadata.xml,/eml:eml/dataset/contact/address/country
KUBI,03934-metadata.xml,/eml:eml/dataset/contact/electronicMailAddress
KUBI,03934-metadata.xml,/eml:eml/dataset/contact/onlineUrl
KUBI,03934-metadata.xml,/eml:eml/dataset/spatialRaster/entityName
KUBI,03934-metadata.xml,/eml:eml/dataset/spatialRaster/physical/objectName
KUBI,03934-metadata.xml,/eml:eml/dataset/spatialRaster/physical/dataFormat/externallyDefinedFormat/formatName
KUBI,03934-metadata.xml,/eml:eml/dataset/spatialRaster/physical/distribution/online/url
KUBI,03934-metadata.xml,/eml:eml/dataset/spatialRaster/physical/distribution/online/url/@function
KUBI,03934-metadata.xml,/eml:eml/dataset/spatialRaster/attributeList/attribute/attributeName
KUBI,03934-metadata.xml,/eml:eml/dataset/spatialRaster/attributeList/attribute/attributeDefinition
KUBI,03934-metadata.xml,/eml:eml/dataset/spatialRaster/attributeList/attribute/storageType
KUBI,03934-metadata.xml,/eml:eml/dataset/spatialRaster/attributeList/attribute/measurementScale/interval/unit/customUnit
KUBI,03934-metadata.xml,/eml:eml/dataset/spatialRaster/attributeList/attribute/measurementScale/interval/numericDomain/numberType
KUBI,03934-metadata.xml,/eml:eml/dataset/spatialRaster/attributeList/attribute/measurementScale/interval/numericDomain/bounds/minimum
KUBI,03934-metadata.xml,/eml:eml/dataset/spatialRaster/attributeList/attribute/measurementScale/interval/numericDomain/bounds/minimum/@exclusive
KUBI,03934-metadata.xml,/eml:eml/dataset/spatialRaster/attributeList/attribute/measurementScale/interval/numericDomain/bounds/maximum
KUBI,03934-metadata.xml,/eml:eml/dataset/spatialRaster/attributeList/attribute/measurementScale/interval/numericDomain/bounds/maximum/@exclusive
KUBI,03934-metadata.xml,/eml:eml/dataset/spatialRaster/spatialReference/horizCoordSysDef/@name
KUBI,03934-metadata.xml,/eml:eml/dataset/spatialRaster/spatialReference/horizCoordSysDef/geogCoordSys/datum/@name
KUBI,03934-metadata.xml,/eml:eml/dataset/spatialRaster/spatialReference/horizCoordSysDef/geogCoordSys/spheroid/@denomFlatRatio
KUBI,03934-metadata.xml,/eml:eml/dataset/spatialRaster/spatialReference/horizCoordSysDef/geogCoordSys/spheroid/@name
KUBI,03934-metadata.xml,/eml:eml/dataset/spatialRaster/spatialReference/horizCoordSysDef/geogCoordSys/spheroid/@semiAxisMajor
KUBI,03934-metadata.xml,/eml:eml/dataset/spatialRaster/spatialReference/horizCoordSysDef/geogCoordSys/primeMeridian/@longitude
KUBI,03934-metadata.xml,/eml:eml/dataset/spatialRaster/spatialReference/horizCoordSysDef/geogCoordSys/primeMeridian/@name
KUBI,03934-metadata.xml,/eml:eml/dataset/spatialRaster/spatialReference/horizCoordSysDef/geogCoordSys/unit/@name
KUBI,03934-metadata.xml,/eml:eml/dataset/spatialRaster/horizontalAccuracy/accuracyReport
KUBI,03934-metadata.xml,/eml:eml/dataset/spatialRaster/verticalAccuracy/accuracyReport
KUBI,03934-metadata.xml,/eml:eml/dataset/spatialRaster/cellSizeXDirection
KUBI,03934-metadata.xml,/eml:eml/dataset/spatialRaster/cellSizeYDirection
KUBI,03934-metadata.xml,/eml:eml/dataset/spatialRaster/numberOfBands
KUBI,03934-metadata.xml,/eml:eml/dataset/spatialRaster/rasterOrigin
KUBI,03934-metadata.xml,/eml:eml/dataset/spatialRaster/rows
KUBI,03934-metadata.xml,/eml:eml/dataset/spatialRaster/columns
KUBI,03934-metadata.xml,/eml:eml/dataset/spatialRaster/verticals
KUBI,03934-metadata.xml,/eml:eml/dataset/spatialRaster/cellGeometry
KUBI,03934-metadata.xml,/eml:eml/additionalMetadata/metadata/unitList/ns2:unit/@id
KUBI,03934-metadata.xml,/eml:eml/additionalMetadata/metadata/unitList/ns2:unit/@multiplierToSI
KUBI,03934-metadata.xml,/eml:eml/additionalMetadata/metadata/unitList/ns2:unit/@parentSI
KUBI,03934-metadata.xml,/eml:eml/additionalMetadata/metadata/unitList/ns2:unit/ns2:description
KUBI,03935-metadata.xml,/eml:eml/@packageId
KUBI,03935-metadata.xml,/eml:eml/@system
KUBI,03935-metadata.xml,/eml:eml/@xsi:schemaLocation
KUBI,03935-metadata.xml,/eml:eml/dataset/title
KUBI,03935-metadata.xml,/eml:eml/dataset/creator/organizationName
KUBI,03935-metadata.xml,/eml:eml/dataset/keywordSet/keyword
KUBI,03935-metadata.xml,/eml:eml/dataset/keywordSet/keyword
KUBI,03935-metadata.xml,/eml:eml/dataset/keywordSet/keyword
KUBI,03935-metadata.xml,/eml:eml/dataset/coverage/geographicCoverage/geographicDescription
KUBI,03935-metadata.xml,/eml:eml/dataset/coverage/geographicCoverage/boundingCoordinates/westBoundingCoordinate
KUBI,03935-metadata.xml,/eml:eml/dataset/coverage/geographicCoverage/boundingCoordinates/eastBoundingCoordinate
KUBI,03935-metadata.xml,/eml:eml/dataset/coverage/geographicCoverage/boundingCoordinates/northBoundingCoordinate
KUBI,03935-metadata.xml,/eml:eml/dataset/coverage/geographicCoverage/boundingCoordinates/southBoundingCoordinate
KUBI,03935-metadata.xml,/eml:eml/dataset/coverage/temporalCoverage/rangeOfDates/beginDate/calendarDate
KUBI,03935-metadata.xml,/eml:eml/dataset/coverage/temporalCoverage/rangeOfDates/endDate/calendarDate
KUBI,03935-metadata.xml,/eml:eml/dataset/contact/organizationName
KUBI,03935-metadata.xml,/eml:eml/dataset/contact/address/deliveryPoint
KUBI,03935-metadata.xml,/eml:eml/dataset/contact/address/city
KUBI,03935-metadata.xml,/eml:eml/dataset/contact/address/administrativeArea
KUBI,03935-metadata.xml,/eml:eml/dataset/contact/address/postalCode
KUBI,03935-metadata.xml,/eml:eml/dataset/contact/address/country
KUBI,03935-metadata.xml,/eml:eml/dataset/contact/electronicMailAddress
KUBI,03935-metadata.xml,/eml:eml/dataset/contact/onlineUrl
KUBI,03935-metadata.xml,/eml:eml/dataset/spatialRaster/entityName
KUBI,03935-metadata.xml,/eml:eml/dataset/spatialRaster/physical/objectName
KUBI,03935-metadata.xml,/eml:eml/dataset/spatialRaster/physical/dataFormat/externallyDefinedFormat/formatName
KUBI,03935-metadata.xml,/eml:eml/dataset/spatialRaster/physical/distribution/online/url
KUBI,03935-metadata.xml,/eml:eml/dataset/spatialRaster/physical/distribution/online/url/@function
KUBI,03935-metadata.xml,/eml:eml/dataset/spatialRaster/attributeList/attribute/attributeName
KUBI,03935-metadata.xml,/eml:eml/dataset/spatialRaster/attributeList/attribute/attributeDefinition
KUBI,03935-metadata.xml,/eml:eml/dataset/spatialRaster/attributeList/attribute/storageType
KUBI,03935-metadata.xml,/eml:eml/dataset/spatialRaster/attributeList/attribute/measurementScale/interval/unit/standardUnit
KUBI,03935-metadata.xml,/eml:eml/dataset/spatialRaster/attributeList/attribute/measurementScale/interval/numericDomain/numberType
KUBI,03935-metadata.xml,/eml:eml/dataset/spatialRaster/attributeList/attribute/measurementScale/interval/numericDomain/bounds/minimum
KUBI,03935-metadata.xml,/eml:eml/dataset/spatialRaster/attributeList/attribute/measurementScale/interval/numericDomain/bounds/minimum/@exclusive
KUBI,03935-metadata.xml,/eml:eml/dataset/spatialRaster/attributeList/attribute/measurementScale/interval/numericDomain/bounds/maximum
KUBI,03935-metadata.xml,/eml:eml/dataset/spatialRaster/attributeList/attribute/measurementScale/interval/numericDomain/bounds/maximum/@exclusive
KUBI,03935-metadata.xml,/eml:eml/dataset/spatialRaster/spatialReference/horizCoordSysDef/@name
KUBI,03935-metadata.xml,/eml:eml/dataset/spatialRaster/spatialReference/horizCoordSysDef/geogCoordSys/datum/@name
KUBI,03935-metadata.xml,/eml:eml/dataset/spatialRaster/spatialReference/horizCoordSysDef/geogCoordSys/spheroid/@denomFlatRatio
KUBI,03935-metadata.xml,/eml:eml/dataset/spatialRaster/spatialReference/horizCoordSysDef/geogCoordSys/spheroid/@name
KUBI,03935-metadata.xml,/eml:eml/dataset/spatialRaster/spatialReference/horizCoordSysDef/geogCoordSys/spheroid/@semiAxisMajor
KUBI,03935-metadata.xml,/eml:eml/dataset/spatialRaster/spatialReference/horizCoordSysDef/geogCoordSys/primeMeridian/@longitude
KUBI,03935-metadata.xml,/eml:eml/dataset/spatialRaster/spatialReference/horizCoordSysDef/geogCoordSys/primeMeridian/@name
KUBI,03935-metadata.xml,/eml:eml/dataset/spatialRaster/spatialReference/horizCoordSysDef/geogCoordSys/unit/@name
KUBI,03935-metadata.xml,/eml:eml/dataset/spatialRaster/horizontalAccuracy/accuracyReport
KUBI,03935-metadata.xml,/eml:eml/dataset/spatialRaster/verticalAccuracy/accuracyReport
KUBI,03935-metadata.xml,/eml:eml/dataset/spatialRaster/cellSizeXDirection
KUBI,03935-metadata.xml,/eml:eml/dataset/spatialRaster/cellSizeYDirection
KUBI,03935-metadata.xml,/eml:eml/dataset/spatialRaster/numberOfBands
KUBI,03935-metadata.xml,/eml:eml/dataset/spatialRaster/rasterOrigin
KUBI,03935-metadata.xml,/eml:eml/dataset/spatialRaster/rows
KUBI,03935-metadata.xml,/eml:eml/dataset/spatialRaster/columns
KUBI,03935-metadata.xml,/eml:eml/dataset/spatialRaster/verticals
KUBI,03935-metadata.xml,/eml:eml/dataset/spatialRaster/cellGeometry
KUBI,03936-metadata.xml,/eml:eml/@packageId
KUBI,03936-metadata.xml,/eml:eml/@system
KUBI,03936-metadata.xml,/eml:eml/@xsi:schemaLocation
KUBI,03936-metadata.xml,/eml:eml/dataset/title
KUBI,03936-metadata.xml,/eml:eml/dataset/creator/organizationName
KUBI,03936-metadata.xml,/eml:eml/dataset/keywordSet/keyword
KUBI,03936-metadata.xml,/eml:eml/dataset/keywordSet/keyword
KUBI,03936-metadata.xml,/eml:eml/dataset/keywordSet/keyword
KUBI,03936-metadata.xml,/eml:eml/dataset/keywordSet/keyword
KUBI,03936-metadata.xml,/eml:eml/dataset/coverage/geographicCoverage/geographicDescription
KUBI,03936-metadata.xml,/eml:eml/dataset/coverage/geographicCoverage/boundingCoordinates/westBoundingCoordinate
KUBI,03936-metadata.xml,/eml:eml/dataset/coverage/geographicCoverage/boundingCoordinates/eastBoundingCoordinate
KUBI,03936-metadata.xml,/eml:eml/dataset/coverage/geographicCoverage/boundingCoordinates/northBoundingCoordinate
KUBI,03936-metadata.xml,/eml:eml/dataset/coverage/geographicCoverage/boundingCoordinates/southBoundingCoordinate
KUBI,03936-metadata.xml,/eml:eml/dataset/coverage/temporalCoverage/rangeOfDates/beginDate/calendarDate
KUBI,03936-metadata.xml,/eml:eml/dataset/coverage/temporalCoverage/rangeOfDates/endDate/calendarDate
KUBI,03936-metadata.xml,/eml:eml/dataset/contact/organizationName
KUBI,03936-metadata.xml,/eml:eml/dataset/contact/address/deliveryPoint
KUBI,03936-metadata.xml,/eml:eml/dataset/contact/address/city
KUBI,03936-metadata.xml,/eml:eml/dataset/contact/address/administrativeArea
KUBI,03936-metadata.xml,/eml:eml/dataset/contact/address/postalCode
KUBI,03936-metadata.xml,/eml:eml/dataset/contact/address/country
KUBI,03936-metadata.xml,/eml:eml/dataset/contact/electronicMailAddress
KUBI,03936-metadata.xml,/eml:eml/dataset/contact/onlineUrl
KUBI,03936-metadata.xml,/eml:eml/dataset/spatialRaster/entityName
KUBI,03936-metadata.xml,/eml:eml/dataset/spatialRaster/physical/objectName
KUBI,03936-metadata.xml,/eml:eml/dataset/spatialRaster/physical/dataFormat/externallyDefinedFormat/formatName
KUBI,03936-metadata.xml,/eml:eml/dataset/spatialRaster/physical/distribution/online/url
KUBI,03936-metadata.xml,/eml:eml/dataset/spatialRaster/physical/distribution/online/url/@function
KUBI,03936-metadata.xml,/eml:eml/dataset/spatialRaster/attributeList/attribute/attributeName
KUBI,03936-metadata.xml,/eml:eml/dataset/spatialRaster/attributeList/attribute/attributeDefinition
KUBI,03936-metadata.xml,/eml:eml/dataset/spatialRaster/attributeList/attribute/storageType
KUBI,03936-metadata.xml,/eml:eml/dataset/spatialRaster/attributeList/attribute/measurementScale/interval/unit/standardUnit
KUBI,03936-metadata.xml,/eml:eml/dataset/spatialRaster/attributeList/attribute/measurementScale/interval/numericDomain/numberType
KUBI,03936-metadata.xml,/eml:eml/dataset/spatialRaster/attributeList/attribute/measurementScale/interval/numericDomain/bounds/minimum
KUBI,03936-metadata.xml,/eml:eml/dataset/spatialRaster/attributeList/attribute/measurementScale/interval/numericDomain/bounds/minimum/@exclusive
KUBI,03936-metadata.xml,/eml:eml/dataset/spatialRaster/attributeList/attribute/measurementScale/interval/numericDomain/bounds/maximum
KUBI,03936-metadata.xml,/eml:eml/dataset/spatialRaster/attributeList/attribute/measurementScale/interval/numericDomain/bounds/maximum/@exclusive
KUBI,03936-metadata.xml,/eml:eml/dataset/spatialRaster/spatialReference/horizCoordSysDef/@name
KUBI,03936-metadata.xml,/eml:eml/dataset/spatialRaster/spatialReference/horizCoordSysDef/geogCoordSys/datum/@name
KUBI,03936-metadata.xml,/eml:eml/dataset/spatialRaster/spatialReference/horizCoordSysDef/geogCoordSys/spheroid/@denomFlatRatio
KUBI,03936-metadata.xml,/eml:eml/dataset/spatialRaster/spatialReference/horizCoordSysDef/geogCoordSys/spheroid/@name
KUBI,03936-metadata.xml,/eml:eml/dataset/spatialRaster/spatialReference/horizCoordSysDef/geogCoordSys/spheroid/@semiAxisMajor
KUBI,03936-metadata.xml,/eml:eml/dataset/spatialRaster/spatialReference/horizCoordSysDef/geogCoordSys/primeMeridian/@longitude
KUBI,03936-metadata.xml,/eml:eml/dataset/spatialRaster/spatialReference/horizCoordSysDef/geogCoordSys/primeMeridian/@name
KUBI,03936-metadata.xml,/eml:eml/dataset/spatialRaster/spatialReference/horizCoordSysDef/geogCoordSys/unit/@name
KUBI,03936-metadata.xml,/eml:eml/dataset/spatialRaster/horizontalAccuracy/accuracyReport
KUBI,03936-metadata.xml,/eml:eml/dataset/spatialRaster/verticalAccuracy/accuracyReport
KUBI,03936-metadata.xml,/eml:eml/dataset/spatialRaster/cellSizeXDirection
KUBI,03936-metadata.xml,/eml:eml/dataset/spatialRaster/cellSizeYDirection
KUBI,03936-metadata.xml,/eml:eml/dataset/spatialRaster/numberOfBands
KUBI,03936-metadata.xml,/eml:eml/dataset/spatialRaster/rasterOrigin
KUBI,03936-metadata.xml,/eml:eml/dataset/spatialRaster/rows
KUBI,03936-metadata.xml,/eml:eml/dataset/spatialRaster/columns
KUBI,03936-metadata.xml,/eml:eml/dataset/spatialRaster/verticals
KUBI,03936-metadata.xml,/eml:eml/dataset/spatialRaster/cellGeometry
KUBI,03937-metadata.xml,/eml:eml/@packageId
KUBI,03937-metadata.xml,/eml:eml/@system
KUBI,03937-metadata.xml,/eml:eml/@xsi:schemaLocation
KUBI,03937-metadata.xml,/eml:eml/dataset/title
KUBI,03937-metadata.xml,/eml:eml/dataset/creator/organizationName
KUBI,03937-metadata.xml,/eml:eml/dataset/keywordSet/keyword
KUBI,03937-metadata.xml,/eml:eml/dataset/keywordSet/keyword
KUBI,03937-metadata.xml,/eml:eml/dataset/keywordSet/keyword
KUBI,03937-metadata.xml,/eml:eml/dataset/keywordSet/keyword
KUBI,03937-metadata.xml,/eml:eml/dataset/coverage/geographicCoverage/geographicDescription
KUBI,03937-metadata.xml,/eml:eml/dataset/coverage/geographicCoverage/boundingCoordinates/westBoundingCoordinate
KUBI,03937-metadata.xml,/eml:eml/dataset/coverage/geographicCoverage/boundingCoordinates/eastBoundingCoordinate
KUBI,03937-metadata.xml,/eml:eml/dataset/coverage/geographicCoverage/boundingCoordinates/northBoundingCoordinate
KUBI,03937-metadata.xml,/eml:eml/dataset/coverage/geographicCoverage/boundingCoordinates/southBoundingCoordinate
KUBI,03937-metadata.xml,/eml:eml/dataset/coverage/temporalCoverage/rangeOfDates/beginDate/calendarDate
KUBI,03937-metadata.xml,/eml:eml/dataset/coverage/temporalCoverage/rangeOfDates/endDate/calendarDate
KUBI,03937-metadata.xml,/eml:eml/dataset/contact/organizationName
KUBI,03937-metadata.xml,/eml:eml/dataset/contact/address/deliveryPoint
KUBI,03937-metadata.xml,/eml:eml/dataset/contact/address/city
KUBI,03937-metadata.xml,/eml:eml/dataset/contact/address/administrativeArea
KUBI,03937-metadata.xml,/eml:eml/dataset/contact/address/postalCode
KUBI,03937-metadata.xml,/eml:eml/dataset/contact/address/country
KUBI,03937-metadata.xml,/eml:eml/dataset/contact/electronicMailAddress
KUBI,03937-metadata.xml,/eml:eml/dataset/contact/onlineUrl
KUBI,03937-metadata.xml,/eml:eml/dataset/spatialRaster/entityName
KUBI,03937-metadata.xml,/eml:eml/dataset/spatialRaster/physical/objectName
KUBI,03937-metadata.xml,/eml:eml/dataset/spatialRaster/physical/dataFormat/externallyDefinedFormat/formatName
KUBI,03937-metadata.xml,/eml:eml/dataset/spatialRaster/physical/distribution/online/url
KUBI,03937-metadata.xml,/eml:eml/dataset/spatialRaster/physical/distribution/online/url/@function
KUBI,03937-metadata.xml,/eml:eml/dataset/spatialRaster/attributeList/attribute/attributeName
KUBI,03937-metadata.xml,/eml:eml/dataset/spatialRaster/attributeList/attribute/attributeDefinition
KUBI,03937-metadata.xml,/eml:eml/dataset/spatialRaster/attributeList/attribute/storageType
KUBI,03937-metadata.xml,/eml:eml/dataset/spatialRaster/attributeList/attribute/measurementScale/interval/unit/customUnit
KUBI,03937-metadata.xml,/eml:eml/dataset/spatialRaster/attributeList/attribute/measurementScale/interval/numericDomain/numberType
KUBI,03937-metadata.xml,/eml:eml/dataset/spatialRaster/attributeList/attribute/measurementScale/interval/numericDomain/bounds/minimum
KUBI,03937-metadata.xml,/eml:eml/dataset/spatialRaster/attributeList/attribute/measurementScale/interval/numericDomain/bounds/minimum/@exclusive
KUBI,03937-metadata.xml,/eml:eml/dataset/spatialRaster/attributeList/attribute/measurementScale/interval/numericDomain/bounds/maximum
KUBI,03937-metadata.xml,/eml:eml/dataset/spatialRaster/attributeList/attribute/measurementScale/interval/numericDomain/bounds/maximum/@exclusive
KUBI,03937-metadata.xml,/eml:eml/dataset/spatialRaster/spatialReference/horizCoordSysDef/@name
KUBI,03937-metadata.xml,/eml:eml/dataset/spatialRaster/spatialReference/horizCoordSysDef/geogCoordSys/datum/@name
KUBI,03937-metadata.xml,/eml:eml/dataset/spatialRaster/spatialReference/horizCoordSysDef/geogCoordSys/spheroid/@denomFlatRatio
KUBI,03937-metadata.xml,/eml:eml/dataset/spatialRaster/spatialReference/horizCoordSysDef/geogCoordSys/spheroid/@name
KUBI,03937-metadata.xml,/eml:eml/dataset/spatialRaster/spatialReference/horizCoordSysDef/geogCoordSys/spheroid/@semiAxisMajor
KUBI,03937-metadata.xml,/eml:eml/dataset/spatialRaster/spatialReference/horizCoordSysDef/geogCoordSys/primeMeridian/@longitude
KUBI,03937-metadata.xml,/eml:eml/dataset/spatialRaster/spatialReference/horizCoordSysDef/geogCoordSys/primeMeridian/@name
KUBI,03937-metadata.xml,/eml:eml/dataset/spatialRaster/spatialReference/horizCoordSysDef/geogCoordSys/unit/@name
KUBI,03937-metadata.xml,/eml:eml/dataset/spatialRaster/horizontalAccuracy/accuracyReport
KUBI,03937-metadata.xml,/eml:eml/dataset/spatialRaster/verticalAccuracy/accuracyReport
KUBI,03937-metadata.xml,/eml:eml/dataset/spatialRaster/cellSizeXDirection
KUBI,03937-metadata.xml,/eml:eml/dataset/spatialRaster/cellSizeYDirection
KUBI,03937-metadata.xml,/eml:eml/dataset/spatialRaster/numberOfBands
KUBI,03937-metadata.xml,/eml:eml/dataset/spatialRaster/rasterOrigin
KUBI,03937-metadata.xml,/eml:eml/dataset/spatialRaster/rows
KUBI,03937-metadata.xml,/eml:eml/dataset/spatialRaster/columns
KUBI,03937-metadata.xml,/eml:eml/dataset/spatialRaster/verticals
KUBI,03937-metadata.xml,/eml:eml/dataset/spatialRaster/cellGeometry
KUBI,03937-metadata.xml,/eml:eml/additionalMetadata/metadata/unitList/ns2:unit/@id
KUBI,03937-metadata.xml,/eml:eml/additionalMetadata/metadata/unitList/ns2:unit/ns2:description
KUBI,03938-metadata.xml,/eml:eml/@packageId
KUBI,03938-metadata.xml,/eml:eml/@system
KUBI,03938-metadata.xml,/eml:eml/@xsi:schemaLocation
KUBI,03938-metadata.xml,/eml:eml/dataset/title
KUBI,03938-metadata.xml,/eml:eml/dataset/creator/organizationName
KUBI,03938-metadata.xml,/eml:eml/dataset/keywordSet/keyword
KUBI,03938-metadata.xml,/eml:eml/dataset/keywordSet/keyword
KUBI,03938-metadata.xml,/eml:eml/dataset/keywordSet/keyword
KUBI,03938-metadata.xml,/eml:eml/dataset/keywordSet/keyword
KUBI,03938-metadata.xml,/eml:eml/dataset/keywordSet/keyword
KUBI,03938-metadata.xml,/eml:eml/dataset/coverage/geographicCoverage/geographicDescription
KUBI,03938-metadata.xml,/eml:eml/dataset/coverage/geographicCoverage/boundingCoordinates/westBoundingCoordinate
KUBI,03938-metadata.xml,/eml:eml/dataset/coverage/geographicCoverage/boundingCoordinates/eastBoundingCoordinate
KUBI,03938-metadata.xml,/eml:eml/dataset/coverage/geographicCoverage/boundingCoordinates/northBoundingCoordinate
KUBI,03938-metadata.xml,/eml:eml/dataset/coverage/geographicCoverage/boundingCoordinates/southBoundingCoordinate
KUBI,03938-metadata.xml,/eml:eml/dataset/coverage/temporalCoverage/rangeOfDates/beginDate/calendarDate
KUBI,03938-metadata.xml,/eml:eml/dataset/coverage/temporalCoverage/rangeOfDates/endDate/calendarDate
KUBI,03938-metadata.xml,/eml:eml/dataset/contact/organizationName
KUBI,03938-metadata.xml,/eml:eml/dataset/contact/address/deliveryPoint
KUBI,03938-metadata.xml,/eml:eml/dataset/contact/address/city
KUBI,03938-metadata.xml,/eml:eml/dataset/contact/address/administrativeArea
KUBI,03938-metadata.xml,/eml:eml/dataset/contact/address/postalCode
KUBI,03938-metadata.xml,/eml:eml/dataset/contact/address/country
KUBI,03938-metadata.xml,/eml:eml/dataset/contact/electronicMailAddress
KUBI,03938-metadata.xml,/eml:eml/dataset/contact/onlineUrl
KUBI,03938-metadata.xml,/eml:eml/dataset/spatialRaster/entityName
KUBI,03938-metadata.xml,/eml:eml/dataset/spatialRaster/physical/objectName
KUBI,03938-metadata.xml,/eml:eml/dataset/spatialRaster/physical/dataFormat/externallyDefinedFormat/formatName
KUBI,03938-metadata.xml,/eml:eml/dataset/spatialRaster/physical/distribution/online/url
KUBI,03938-metadata.xml,/eml:eml/dataset/spatialRaster/physical/distribution/online/url/@function
KUBI,03938-metadata.xml,/eml:eml/dataset/spatialRaster/attributeList/attribute/attributeName
KUBI,03938-metadata.xml,/eml:eml/dataset/spatialRaster/attributeList/attribute/attributeDefinition
KUBI,03938-metadata.xml,/eml:eml/dataset/spatialRaster/attributeList/attribute/storageType
KUBI,03938-metadata.xml,/eml:eml/dataset/spatialRaster/attributeList/attribute/measurementScale/interval/unit/customUnit
KUBI,03938-metadata.xml,/eml:eml/dataset/spatialRaster/attributeList/attribute/measurementScale/interval/numericDomain/numberType
KUBI,03938-metadata.xml,/eml:eml/dataset/spatialRaster/attributeList/attribute/measurementScale/interval/numericDomain/bounds/minimum
KUBI,03938-metadata.xml,/eml:eml/dataset/spatialRaster/attributeList/attribute/measurementScale/interval/numericDomain/bounds/minimum/@exclusive
KUBI,03938-metadata.xml,/eml:eml/dataset/spatialRaster/attributeList/attribute/measurementScale/interval/numericDomain/bounds/maximum
KUBI,03938-metadata.xml,/eml:eml/dataset/spatialRaster/attributeList/attribute/measurementScale/interval/numericDomain/bounds/maximum/@exclusive
KUBI,03938-metadata.xml,/eml:eml/dataset/spatialRaster/spatialReference/horizCoordSysDef/@name
KUBI,03938-metadata.xml,/eml:eml/dataset/spatialRaster/spatialReference/horizCoordSysDef/geogCoordSys/datum/@name
KUBI,03938-metadata.xml,/eml:eml/dataset/spatialRaster/spatialReference/horizCoordSysDef/geogCoordSys/spheroid/@denomFlatRatio
KUBI,03938-metadata.xml,/eml:eml/dataset/spatialRaster/spatialReference/horizCoordSysDef/geogCoordSys/spheroid/@name
KUBI,03938-metadata.xml,/eml:eml/dataset/spatialRaster/spatialReference/horizCoordSysDef/geogCoordSys/spheroid/@semiAxisMajor
KUBI,03938-metadata.xml,/eml:eml/dataset/spatialRaster/spatialReference/horizCoordSysDef/geogCoordSys/primeMeridian/@longitude
KUBI,03938-metadata.xml,/eml:eml/dataset/spatialRaster/spatialReference/horizCoordSysDef/geogCoordSys/primeMeridian/@name
KUBI,03938-metadata.xml,/eml:eml/dataset/spatialRaster/spatialReference/horizCoordSysDef/geogCoordSys/unit/@name
KUBI,03938-metadata.xml,/eml:eml/dataset/spatialRaster/horizontalAccuracy/accuracyReport
KUBI,03938-metadata.xml,/eml:eml/dataset/spatialRaster/verticalAccuracy/accuracyReport
KUBI,03938-metadata.xml,/eml:eml/dataset/spatialRaster/cellSizeXDirection
KUBI,03938-metadata.xml,/eml:eml/dataset/spatialRaster/cellSizeYDirection
KUBI,03938-metadata.xml,/eml:eml/dataset/spatialRaster/numberOfBands
KUBI,03938-metadata.xml,/eml:eml/dataset/spatialRaster/rasterOrigin
KUBI,03938-metadata.xml,/eml:eml/dataset/spatialRaster/rows
KUBI,03938-metadata.xml,/eml:eml/dataset/spatialRaster/columns
KUBI,03938-metadata.xml,/eml:eml/dataset/spatialRaster/verticals
KUBI,03938-metadata.xml,/eml:eml/dataset/spatialRaster/cellGeometry
KUBI,03938-metadata.xml,/eml:eml/additionalMetadata/metadata/unitList/ns2:unit/@id
KUBI,03938-metadata.xml,/eml:eml/additionalMetadata/metadata/unitList/ns2:unit/@multiplierToSI
KUBI,03938-metadata.xml,/eml:eml/additionalMetadata/metadata/unitList/ns2:unit/@parentSI
KUBI,03938-metadata.xml,/eml:eml/additionalMetadata/metadata/unitList/ns2:unit/ns2:description
KUBI,03939-metadata.xml,/eml:eml/@packageId
KUBI,03939-metadata.xml,/eml:eml/@system
KUBI,03939-metadata.xml,/eml:eml/@xsi:schemaLocation
KUBI,03939-metadata.xml,/eml:eml/dataset/title
KUBI,03939-metadata.xml,/eml:eml/dataset/creator/organizationName
KUBI,03939-metadata.xml,/eml:eml/dataset/keywordSet/keyword
KUBI,03939-metadata.xml,/eml:eml/dataset/keywordSet/keyword
KUBI,03939-metadata.xml,/eml:eml/dataset/keywordSet/keyword
KUBI,03939-metadata.xml,/eml:eml/dataset/keywordSet/keyword
KUBI,03939-metadata.xml,/eml:eml/dataset/keywordSet/keyword
KUBI,03939-metadata.xml,/eml:eml/dataset/coverage/geographicCoverage/geographicDescription
KUBI,03939-metadata.xml,/eml:eml/dataset/coverage/geographicCoverage/boundingCoordinates/westBoundingCoordinate
KUBI,03939-metadata.xml,/eml:eml/dataset/coverage/geographicCoverage/boundingCoordinates/eastBoundingCoordinate
KUBI,03939-metadata.xml,/eml:eml/dataset/coverage/geographicCoverage/boundingCoordinates/northBoundingCoordinate
KUBI,03939-metadata.xml,/eml:eml/dataset/coverage/geographicCoverage/boundingCoordinates/southBoundingCoordinate
KUBI,03939-metadata.xml,/eml:eml/dataset/coverage/temporalCoverage/rangeOfDates/beginDate/calendarDate
KUBI,03939-metadata.xml,/eml:eml/dataset/coverage/temporalCoverage/rangeOfDates/endDate/calendarDate
KUBI,03939-metadata.xml,/eml:eml/dataset/contact/organizationName
KUBI,03939-metadata.xml,/eml:eml/dataset/contact/address/deliveryPoint
KUBI,03939-metadata.xml,/eml:eml/dataset/contact/address/city
KUBI,03939-metadata.xml,/eml:eml/dataset/contact/address/administrativeArea
KUBI,03939-metadata.xml,/eml:eml/dataset/contact/address/postalCode
KUBI,03939-metadata.xml,/eml:eml/dataset/contact/address/country
KUBI,03939-metadata.xml,/eml:eml/dataset/contact/electronicMailAddress
KUBI,03939-metadata.xml,/eml:eml/dataset/contact/onlineUrl
KUBI,03939-metadata.xml,/eml:eml/dataset/spatialRaster/entityName
KUBI,03939-metadata.xml,/eml:eml/dataset/spatialRaster/physical/objectName
KUBI,03939-metadata.xml,/eml:eml/dataset/spatialRaster/physical/dataFormat/externallyDefinedFormat/formatName
KUBI,03939-metadata.xml,/eml:eml/dataset/spatialRaster/physical/distribution/online/url
KUBI,03939-metadata.xml,/eml:eml/dataset/spatialRaster/physical/distribution/online/url/@function
KUBI,03939-metadata.xml,/eml:eml/dataset/spatialRaster/attributeList/attribute/attributeName
KUBI,03939-metadata.xml,/eml:eml/dataset/spatialRaster/attributeList/attribute/attributeDefinition
KUBI,03939-metadata.xml,/eml:eml/dataset/spatialRaster/attributeList/attribute/storageType
KUBI,03939-metadata.xml,/eml:eml/dataset/spatialRaster/attributeList/attribute/measurementScale/interval/unit/customUnit
KUBI,03939-metadata.xml,/eml:eml/dataset/spatialRaster/attributeList/attribute/measurementScale/interval/numericDomain/numberType
KUBI,03939-metadata.xml,/eml:eml/dataset/spatialRaster/attributeList/attribute/measurementScale/interval/numericDomain/bounds/minimum
KUBI,03939-metadata.xml,/eml:eml/dataset/spatialRaster/attributeList/attribute/measurementScale/interval/numericDomain/bounds/minimum/@exclusive
KUBI,03939-metadata.xml,/eml:eml/dataset/spatialRaster/attributeList/attribute/measurementScale/interval/numericDomain/bounds/maximum
KUBI,03939-metadata.xml,/eml:eml/dataset/spatialRaster/attributeList/attribute/measurementScale/interval/numericDomain/bounds/maximum/@exclusive
KUBI,03939-metadata.xml,/eml:eml/dataset/spatialRaster/spatialReference/horizCoordSysDef/@name
KUBI,03939-metadata.xml,/eml:eml/dataset/spatialRaster/spatialReference/horizCoordSysDef/geogCoordSys/datum/@name
KUBI,03939-metadata.xml,/eml:eml/dataset/spatialRaster/spatialReference/horizCoordSysDef/geogCoordSys/spheroid/@denomFlatRatio
KUBI,03939-metadata.xml,/eml:eml/dataset/spatialRaster/spatialReference/horizCoordSysDef/geogCoordSys/spheroid/@name
KUBI,03939-metadata.xml,/eml:eml/dataset/spatialRaster/spatialReference/horizCoordSysDef/geogCoordSys/spheroid/@semiAxisMajor
KUBI,03939-metadata.xml,/eml:eml/dataset/spatialRaster/spatialReference/horizCoordSysDef/geogCoordSys/primeMeridian/@longitude
KUBI,03939-metadata.xml,/eml:eml/dataset/spatialRaster/spatialReference/horizCoordSysDef/geogCoordSys/primeMeridian/@name
KUBI,03939-metadata.xml,/eml:eml/dataset/spatialRaster/spatialReference/horizCoordSysDef/geogCoordSys/unit/@name
KUBI,03939-metadata.xml,/eml:eml/dataset/spatialRaster/horizontalAccuracy/accuracyReport
KUBI,03939-metadata.xml,/eml:eml/dataset/spatialRaster/verticalAccuracy/accuracyReport
KUBI,03939-metadata.xml,/eml:eml/dataset/spatialRaster/cellSizeXDirection
KUBI,03939-metadata.xml,/eml:eml/dataset/spatialRaster/cellSizeYDirection
KUBI,03939-metadata.xml,/eml:eml/dataset/spatialRaster/numberOfBands
KUBI,03939-metadata.xml,/eml:eml/dataset/spatialRaster/rasterOrigin
KUBI,03939-metadata.xml,/eml:eml/dataset/spatialRaster/rows
KUBI,03939-metadata.xml,/eml:eml/dataset/spatialRaster/columns
KUBI,03939-metadata.xml,/eml:eml/dataset/spatialRaster/verticals
KUBI,03939-metadata.xml,/eml:eml/dataset/spatialRaster/cellGeometry
KUBI,03939-metadata.xml,/eml:eml/additionalMetadata/metadata/unitList/ns2:unit/@id
KUBI,03939-metadata.xml,/eml:eml/additionalMetadata/metadata/unitList/ns2:unit/@multiplierToSI
KUBI,03939-metadata.xml,/eml:eml/additionalMetadata/metadata/unitList/ns2:unit/@parentSI
KUBI,03939-metadata.xml,/eml:eml/additionalMetadata/metadata/unitList/ns2:unit/ns2:description
KUBI,03940-metadata.xml,/eml:eml/@packageId
KUBI,03940-metadata.xml,/eml:eml/@system
KUBI,03940-metadata.xml,/eml:eml/@xsi:schemaLocation
KUBI,03940-metadata.xml,/eml:eml/dataset/title
KUBI,03940-metadata.xml,/eml:eml/dataset/creator/organizationName
KUBI,03940-metadata.xml,/eml:eml/dataset/keywordSet/keyword
KUBI,03940-metadata.xml,/eml:eml/dataset/keywordSet/keyword
KUBI,03940-metadata.xml,/eml:eml/dataset/keywordSet/keyword
KUBI,03940-metadata.xml,/eml:eml/dataset/keywordSet/keyword
KUBI,03940-metadata.xml,/eml:eml/dataset/keywordSet/keyword
KUBI,03940-metadata.xml,/eml:eml/dataset/coverage/geographicCoverage/geographicDescription
KUBI,03940-metadata.xml,/eml:eml/dataset/coverage/geographicCoverage/boundingCoordinates/westBoundingCoordinate
KUBI,03940-metadata.xml,/eml:eml/dataset/coverage/geographicCoverage/boundingCoordinates/eastBoundingCoordinate
KUBI,03940-metadata.xml,/eml:eml/dataset/coverage/geographicCoverage/boundingCoordinates/northBoundingCoordinate
KUBI,03940-metadata.xml,/eml:eml/dataset/coverage/geographicCoverage/boundingCoordinates/southBoundingCoordinate
KUBI,03940-metadata.xml,/eml:eml/dataset/coverage/temporalCoverage/rangeOfDates/beginDate/calendarDate
KUBI,03940-metadata.xml,/eml:eml/dataset/coverage/temporalCoverage/rangeOfDates/endDate/calendarDate
KUBI,03940-metadata.xml,/eml:eml/dataset/contact/organizationName
KUBI,03940-metadata.xml,/eml:eml/dataset/contact/address/deliveryPoint
KUBI,03940-metadata.xml,/eml:eml/dataset/contact/address/city
KUBI,03940-metadata.xml,/eml:eml/dataset/contact/address/administrativeArea
KUBI,03940-metadata.xml,/eml:eml/dataset/contact/address/postalCode
KUBI,03940-metadata.xml,/eml:eml/dataset/contact/address/country
KUBI,03940-metadata.xml,/eml:eml/dataset/contact/electronicMailAddress
KUBI,03940-metadata.xml,/eml:eml/dataset/contact/onlineUrl
KUBI,03940-metadata.xml,/eml:eml/dataset/spatialRaster/entityName
KUBI,03940-metadata.xml,/eml:eml/dataset/spatialRaster/physical/objectName
KUBI,03940-metadata.xml,/eml:eml/dataset/spatialRaster/physical/dataFormat/externallyDefinedFormat/formatName
KUBI,03940-metadata.xml,/eml:eml/dataset/spatialRaster/physical/distribution/online/url
KUBI,03940-metadata.xml,/eml:eml/dataset/spatialRaster/physical/distribution/online/url/@function
KUBI,03940-metadata.xml,/eml:eml/dataset/spatialRaster/attributeList/attribute/attributeName
KUBI,03940-metadata.xml,/eml:eml/dataset/spatialRaster/attributeList/attribute/attributeDefinition
KUBI,03940-metadata.xml,/eml:eml/dataset/spatialRaster/attributeList/attribute/storageType
KUBI,03940-metadata.xml,/eml:eml/dataset/spatialRaster/attributeList/attribute/measurementScale/interval/unit/customUnit
KUBI,03940-metadata.xml,/eml:eml/dataset/spatialRaster/attributeList/attribute/measurementScale/interval/numericDomain/numberType
KUBI,03940-metadata.xml,/eml:eml/dataset/spatialRaster/attributeList/attribute/measurementScale/interval/numericDomain/bounds/minimum
KUBI,03940-metadata.xml,/eml:eml/dataset/spatialRaster/attributeList/attribute/measurementScale/interval/numericDomain/bounds/minimum/@exclusive
KUBI,03940-metadata.xml,/eml:eml/dataset/spatialRaster/attributeList/attribute/measurementScale/interval/numericDomain/bounds/maximum
KUBI,03940-metadata.xml,/eml:eml/dataset/spatialRaster/attributeList/attribute/measurementScale/interval/numericDomain/bounds/maximum/@exclusive
KUBI,03940-metadata.xml,/eml:eml/dataset/spatialRaster/spatialReference/horizCoordSysDef/@name
KUBI,03940-metadata.xml,/eml:eml/dataset/spatialRaster/spatialReference/horizCoordSysDef/geogCoordSys/datum/@name
KUBI,03940-metadata.xml,/eml:eml/dataset/spatialRaster/spatialReference/horizCoordSysDef/geogCoordSys/spheroid/@denomFlatRatio
KUBI,03940-metadata.xml,/eml:eml/dataset/spatialRaster/spatialReference/horizCoordSysDef/geogCoordSys/spheroid/@name
KUBI,03940-metadata.xml,/eml:eml/dataset/spatialRaster/spatialReference/horizCoordSysDef/geogCoordSys/spheroid/@semiAxisMajor
KUBI,03940-metadata.xml,/eml:eml/dataset/spatialRaster/spatialReference/horizCoordSysDef/geogCoordSys/primeMeridian/@longitude
KUBI,03940-metadata.xml,/eml:eml/dataset/spatialRaster/spatialReference/horizCoordSysDef/geogCoordSys/primeMeridian/@name
KUBI,03940-metadata.xml,/eml:eml/dataset/spatialRaster/spatialReference/horizCoordSysDef/geogCoordSys/unit/@name
KUBI,03940-metadata.xml,/eml:eml/dataset/spatialRaster/horizontalAccuracy/accuracyReport
KUBI,03940-metadata.xml,/eml:eml/dataset/spatialRaster/verticalAccuracy/accuracyReport
KUBI,03940-metadata.xml,/eml:eml/dataset/spatialRaster/cellSizeXDirection
KUBI,03940-metadata.xml,/eml:eml/dataset/spatialRaster/cellSizeYDirection
KUBI,03940-metadata.xml,/eml:eml/dataset/spatialRaster/numberOfBands
KUBI,03940-metadata.xml,/eml:eml/dataset/spatialRaster/rasterOrigin
KUBI,03940-metadata.xml,/eml:eml/dataset/spatialRaster/rows
KUBI,03940-metadata.xml,/eml:eml/dataset/spatialRaster/columns
KUBI,03940-metadata.xml,/eml:eml/dataset/spatialRaster/verticals
KUBI,03940-metadata.xml,/eml:eml/dataset/spatialRaster/cellGeometry
KUBI,03940-metadata.xml,/eml:eml/additionalMetadata/metadata/unitList/ns2:unit/@id
KUBI,03940-metadata.xml,/eml:eml/additionalMetadata/metadata/unitList/ns2:unit/@multiplierToSI
KUBI,03940-metadata.xml,/eml:eml/additionalMetadata/metadata/unitList/ns2:unit/@parentSI
KUBI,03940-metadata.xml,/eml:eml/additionalMetadata/metadata/unitList/ns2:unit/ns2:description
KUBI,03941-metadata.xml,/eml:eml/@packageId
KUBI,03941-metadata.xml,/eml:eml/@system
KUBI,03941-metadata.xml,/eml:eml/@xsi:schemaLocation
KUBI,03941-metadata.xml,/eml:eml/dataset/title
KUBI,03941-metadata.xml,/eml:eml/dataset/creator/organizationName
KUBI,03941-metadata.xml,/eml:eml/dataset/keywordSet/keyword
KUBI,03941-metadata.xml,/eml:eml/dataset/keywordSet/keyword
KUBI,03941-metadata.xml,/eml:eml/dataset/keywordSet/keyword
KUBI,03941-metadata.xml,/eml:eml/dataset/keywordSet/keyword
KUBI,03941-metadata.xml,/eml:eml/dataset/coverage/geographicCoverage/geographicDescription
KUBI,03941-metadata.xml,/eml:eml/dataset/coverage/geographicCoverage/boundingCoordinates/westBoundingCoordinate
KUBI,03941-metadata.xml,/eml:eml/dataset/coverage/geographicCoverage/boundingCoordinates/eastBoundingCoordinate
KUBI,03941-metadata.xml,/eml:eml/dataset/coverage/geographicCoverage/boundingCoordinates/northBoundingCoordinate
KUBI,03941-metadata.xml,/eml:eml/dataset/coverage/geographicCoverage/boundingCoordinates/southBoundingCoordinate
KUBI,03941-metadata.xml,/eml:eml/dataset/coverage/temporalCoverage/rangeOfDates/beginDate/calendarDate
KUBI,03941-metadata.xml,/eml:eml/dataset/coverage/temporalCoverage/rangeOfDates/endDate/calendarDate
KUBI,03941-metadata.xml,/eml:eml/dataset/contact/organizationName
KUBI,03941-metadata.xml,/eml:eml/dataset/contact/address/deliveryPoint
KUBI,03941-metadata.xml,/eml:eml/dataset/contact/address/city
KUBI,03941-metadata.xml,/eml:eml/dataset/contact/address/administrativeArea
KUBI,03941-metadata.xml,/eml:eml/dataset/contact/address/postalCode
KUBI,03941-metadata.xml,/eml:eml/dataset/contact/address/country
KUBI,03941-metadata.xml,/eml:eml/dataset/contact/electronicMailAddress
KUBI,03941-metadata.xml,/eml:eml/dataset/contact/onlineUrl
KUBI,03941-metadata.xml,/eml:eml/dataset/spatialRaster/entityName
KUBI,03941-metadata.xml,/eml:eml/dataset/spatialRaster/physical/objectName
KUBI,03941-metadata.xml,/eml:eml/dataset/spatialRaster/physical/dataFormat/externallyDefinedFormat/formatName
KUBI,03941-metadata.xml,/eml:eml/dataset/spatialRaster/physical/distribution/online/url
KUBI,03941-metadata.xml,/eml:eml/dataset/spatialRaster/physical/distribution/online/url/@function
KUBI,03941-metadata.xml,/eml:eml/dataset/spatialRaster/attributeList/attribute/attributeName
KUBI,03941-metadata.xml,/eml:eml/dataset/spatialRaster/attributeList/attribute/attributeDefinition
KUBI,03941-metadata.xml,/eml:eml/dataset/spatialRaster/attributeList/attribute/storageType
KUBI,03941-metadata.xml,/eml:eml/dataset/spatialRaster/attributeList/attribute/measurementScale/interval/unit/standardUnit
KUBI,03941-metadata.xml,/eml:eml/dataset/spatialRaster/attributeList/attribute/measurementScale/interval/numericDomain/numberType
KUBI,03941-metadata.xml,/eml:eml/dataset/spatialRaster/attributeList/attribute/measurementScale/interval/numericDomain/bounds/minimum
KUBI,03941-metadata.xml,/eml:eml/dataset/spatialRaster/attributeList/attribute/measurementScale/interval/numericDomain/bounds/minimum/@exclusive
KUBI,03941-metadata.xml,/eml:eml/dataset/spatialRaster/attributeList/attribute/measurementScale/interval/numericDomain/bounds/maximum
KUBI,03941-metadata.xml,/eml:eml/dataset/spatialRaster/attributeList/attribute/measurementScale/interval/numericDomain/bounds/maximum/@exclusive
KUBI,03941-metadata.xml,/eml:eml/dataset/spatialRaster/spatialReference/horizCoordSysDef/@name
KUBI,03941-metadata.xml,/eml:eml/dataset/spatialRaster/spatialReference/horizCoordSysDef/geogCoordSys/datum/@name
KUBI,03941-metadata.xml,/eml:eml/dataset/spatialRaster/spatialReference/horizCoordSysDef/geogCoordSys/spheroid/@denomFlatRatio
KUBI,03941-metadata.xml,/eml:eml/dataset/spatialRaster/spatialReference/horizCoordSysDef/geogCoordSys/spheroid/@name
KUBI,03941-metadata.xml,/eml:eml/dataset/spatialRaster/spatialReference/horizCoordSysDef/geogCoordSys/spheroid/@semiAxisMajor
KUBI,03941-metadata.xml,/eml:eml/dataset/spatialRaster/spatialReference/horizCoordSysDef/geogCoordSys/primeMeridian/@longitude
KUBI,03941-metadata.xml,/eml:eml/dataset/spatialRaster/spatialReference/horizCoordSysDef/geogCoordSys/primeMeridian/@name
KUBI,03941-metadata.xml,/eml:eml/dataset/spatialRaster/spatialReference/horizCoordSysDef/geogCoordSys/unit/@name
KUBI,03941-metadata.xml,/eml:eml/dataset/spatialRaster/horizontalAccuracy/accuracyReport
KUBI,03941-metadata.xml,/eml:eml/dataset/spatialRaster/verticalAccuracy/accuracyReport
KUBI,03941-metadata.xml,/eml:eml/dataset/spatialRaster/cellSizeXDirection
KUBI,03941-metadata.xml,/eml:eml/dataset/spatialRaster/cellSizeYDirection
KUBI,03941-metadata.xml,/eml:eml/dataset/spatialRaster/numberOfBands
KUBI,03941-metadata.xml,/eml:eml/dataset/spatialRaster/rasterOrigin
KUBI,03941-metadata.xml,/eml:eml/dataset/spatialRaster/rows
KUBI,03941-metadata.xml,/eml:eml/dataset/spatialRaster/columns
KUBI,03941-metadata.xml,/eml:eml/dataset/spatialRaster/verticals
KUBI,03941-metadata.xml,/eml:eml/dataset/spatialRaster/cellGeometry
KUBI,03942-metadata.xml,/eml:eml/@packageId
KUBI,03942-metadata.xml,/eml:eml/@system
KUBI,03942-metadata.xml,/eml:eml/@xsi:schemaLocation
KUBI,03942-metadata.xml,/eml:eml/dataset/title
KUBI,03942-metadata.xml,/eml:eml/dataset/creator/organizationName
KUBI,03942-metadata.xml,/eml:eml/dataset/keywordSet/keyword
KUBI,03942-metadata.xml,/eml:eml/dataset/keywordSet/keyword
KUBI,03942-metadata.xml,/eml:eml/dataset/keywordSet/keyword
KUBI,03942-metadata.xml,/eml:eml/dataset/keywordSet/keyword
KUBI,03942-metadata.xml,/eml:eml/dataset/keywordSet/keyword
KUBI,03942-metadata.xml,/eml:eml/dataset/coverage/geographicCoverage/geographicDescription
KUBI,03942-metadata.xml,/eml:eml/dataset/coverage/geographicCoverage/boundingCoordinates/westBoundingCoordinate
KUBI,03942-metadata.xml,/eml:eml/dataset/coverage/geographicCoverage/boundingCoordinates/eastBoundingCoordinate
KUBI,03942-metadata.xml,/eml:eml/dataset/coverage/geographicCoverage/boundingCoordinates/northBoundingCoordinate
KUBI,03942-metadata.xml,/eml:eml/dataset/coverage/geographicCoverage/boundingCoordinates/southBoundingCoordinate
KUBI,03942-metadata.xml,/eml:eml/dataset/coverage/temporalCoverage/rangeOfDates/beginDate/calendarDate
KUBI,03942-metadata.xml,/eml:eml/dataset/coverage/temporalCoverage/rangeOfDates/endDate/calendarDate
KUBI,03942-metadata.xml,/eml:eml/dataset/contact/organizationName
KUBI,03942-metadata.xml,/eml:eml/dataset/contact/address/deliveryPoint
KUBI,03942-metadata.xml,/eml:eml/dataset/contact/address/city
KUBI,03942-metadata.xml,/eml:eml/dataset/contact/address/administrativeArea
KUBI,03942-metadata.xml,/eml:eml/dataset/contact/address/postalCode
KUBI,03942-metadata.xml,/eml:eml/dataset/contact/address/country
KUBI,03942-metadata.xml,/eml:eml/dataset/contact/electronicMailAddress
KUBI,03942-metadata.xml,/eml:eml/dataset/contact/onlineUrl
KUBI,03942-metadata.xml,/eml:eml/dataset/spatialRaster/entityName
KUBI,03942-metadata.xml,/eml:eml/dataset/spatialRaster/physical/objectName
KUBI,03942-metadata.xml,/eml:eml/dataset/spatialRaster/physical/dataFormat/externallyDefinedFormat/formatName
KUBI,03942-metadata.xml,/eml:eml/dataset/spatialRaster/physical/distribution/online/url
KUBI,03942-metadata.xml,/eml:eml/dataset/spatialRaster/physical/distribution/online/url/@function
KUBI,03942-metadata.xml,/eml:eml/dataset/spatialRaster/attributeList/attribute/attributeName
KUBI,03942-metadata.xml,/eml:eml/dataset/spatialRaster/attributeList/attribute/attributeDefinition
KUBI,03942-metadata.xml,/eml:eml/dataset/spatialRaster/attributeList/attribute/storageType
KUBI,03942-metadata.xml,/eml:eml/dataset/spatialRaster/attributeList/attribute/measurementScale/interval/unit/customUnit
KUBI,03942-metadata.xml,/eml:eml/dataset/spatialRaster/attributeList/attribute/measurementScale/interval/numericDomain/numberType
KUBI,03942-metadata.xml,/eml:eml/dataset/spatialRaster/attributeList/attribute/measurementScale/interval/numericDomain/bounds/minimum
KUBI,03942-metadata.xml,/eml:eml/dataset/spatialRaster/attributeList/attribute/measurementScale/interval/numericDomain/bounds/minimum/@exclusive
KUBI,03942-metadata.xml,/eml:eml/dataset/spatialRaster/attributeList/attribute/measurementScale/interval/numericDomain/bounds/maximum
KUBI,03942-metadata.xml,/eml:eml/dataset/spatialRaster/attributeList/attribute/measurementScale/interval/numericDomain/bounds/maximum/@exclusive
KUBI,03942-metadata.xml,/eml:eml/dataset/spatialRaster/spatialReference/horizCoordSysDef/@name
KUBI,03942-metadata.xml,/eml:eml/dataset/spatialRaster/spatialReference/horizCoordSysDef/geogCoordSys/datum/@name
KUBI,03942-metadata.xml,/eml:eml/dataset/spatialRaster/spatialReference/horizCoordSysDef/geogCoordSys/spheroid/@denomFlatRatio
KUBI,03942-metadata.xml,/eml:eml/dataset/spatialRaster/spatialReference/horizCoordSysDef/geogCoordSys/spheroid/@name
KUBI,03942-metadata.xml,/eml:eml/dataset/spatialRaster/spatialReference/horizCoordSysDef/geogCoordSys/spheroid/@semiAxisMajor
KUBI,03942-metadata.xml,/eml:eml/dataset/spatialRaster/spatialReference/horizCoordSysDef/geogCoordSys/primeMeridian/@longitude
KUBI,03942-metadata.xml,/eml:eml/dataset/spatialRaster/spatialReference/horizCoordSysDef/geogCoordSys/primeMeridian/@name
KUBI,03942-metadata.xml,/eml:eml/dataset/spatialRaster/spatialReference/horizCoordSysDef/geogCoordSys/unit/@name
KUBI,03942-metadata.xml,/eml:eml/dataset/spatialRaster/horizontalAccuracy/accuracyReport
KUBI,03942-metadata.xml,/eml:eml/dataset/spatialRaster/verticalAccuracy/accuracyReport
KUBI,03942-metadata.xml,/eml:eml/dataset/spatialRaster/cellSizeXDirection
KUBI,03942-metadata.xml,/eml:eml/dataset/spatialRaster/cellSizeYDirection
KUBI,03942-metadata.xml,/eml:eml/dataset/spatialRaster/numberOfBands
KUBI,03942-metadata.xml,/eml:eml/dataset/spatialRaster/rasterOrigin
KUBI,03942-metadata.xml,/eml:eml/dataset/spatialRaster/rows
KUBI,03942-metadata.xml,/eml:eml/dataset/spatialRaster/columns
KUBI,03942-metadata.xml,/eml:eml/dataset/spatialRaster/verticals
KUBI,03942-metadata.xml,/eml:eml/dataset/spatialRaster/cellGeometry
KUBI,03942-metadata.xml,/eml:eml/additionalMetadata/metadata/unitList/ns2:unit/@id
KUBI,03942-metadata.xml,/eml:eml/additionalMetadata/metadata/unitList/ns2:unit/@multiplierToSI
KUBI,03942-metadata.xml,/eml:eml/additionalMetadata/metadata/unitList/ns2:unit/@parentSI
KUBI,03942-metadata.xml,/eml:eml/additionalMetadata/metadata/unitList/ns2:unit/ns2:description
KUBI,03943-metadata.xml,/eml:eml/@packageId
KUBI,03943-metadata.xml,/eml:eml/@system
KUBI,03943-metadata.xml,/eml:eml/@xsi:schemaLocation
KUBI,03943-metadata.xml,/eml:eml/dataset/title
KUBI,03943-metadata.xml,/eml:eml/dataset/creator/organizationName
KUBI,03943-metadata.xml,/eml:eml/dataset/keywordSet/keyword
KUBI,03943-metadata.xml,/eml:eml/dataset/keywordSet/keyword
KUBI,03943-metadata.xml,/eml:eml/dataset/keywordSet/keyword
KUBI,03943-metadata.xml,/eml:eml/dataset/keywordSet/keyword
KUBI,03943-metadata.xml,/eml:eml/dataset/keywordSet/keyword
KUBI,03943-metadata.xml,/eml:eml/dataset/coverage/geographicCoverage/geographicDescription
KUBI,03943-metadata.xml,/eml:eml/dataset/coverage/geographicCoverage/boundingCoordinates/westBoundingCoordinate
KUBI,03943-metadata.xml,/eml:eml/dataset/coverage/geographicCoverage/boundingCoordinates/eastBoundingCoordinate
KUBI,03943-metadata.xml,/eml:eml/dataset/coverage/geographicCoverage/boundingCoordinates/northBoundingCoordinate
KUBI,03943-metadata.xml,/eml:eml/dataset/coverage/geographicCoverage/boundingCoordinates/southBoundingCoordinate
KUBI,03943-metadata.xml,/eml:eml/dataset/coverage/temporalCoverage/rangeOfDates/beginDate/calendarDate
KUBI,03943-metadata.xml,/eml:eml/dataset/coverage/temporalCoverage/rangeOfDates/endDate/calendarDate
KUBI,03943-metadata.xml,/eml:eml/dataset/contact/organizationName
KUBI,03943-metadata.xml,/eml:eml/dataset/contact/address/deliveryPoint
KUBI,03943-metadata.xml,/eml:eml/dataset/contact/address/city
KUBI,03943-metadata.xml,/eml:eml/dataset/contact/address/administrativeArea
KUBI,03943-metadata.xml,/eml:eml/dataset/contact/address/postalCode
KUBI,03943-metadata.xml,/eml:eml/dataset/contact/address/country
KUBI,03943-metadata.xml,/eml:eml/dataset/contact/electronicMailAddress
KUBI,03943-metadata.xml,/eml:eml/dataset/contact/onlineUrl
KUBI,03943-metadata.xml,/eml:eml/dataset/spatialRaster/entityName
KUBI,03943-metadata.xml,/eml:eml/dataset/spatialRaster/physical/objectName
KUBI,03943-metadata.xml,/eml:eml/dataset/spatialRaster/physical/dataFormat/externallyDefinedFormat/formatName
KUBI,03943-metadata.xml,/eml:eml/dataset/spatialRaster/physical/distribution/online/url
KUBI,03943-metadata.xml,/eml:eml/dataset/spatialRaster/physical/distribution/online/url/@function
KUBI,03943-metadata.xml,/eml:eml/dataset/spatialRaster/attributeList/attribute/attributeName
KUBI,03943-metadata.xml,/eml:eml/dataset/spatialRaster/attributeList/attribute/attributeDefinition
KUBI,03943-metadata.xml,/eml:eml/dataset/spatialRaster/attributeList/attribute/storageType
KUBI,03943-metadata.xml,/eml:eml/dataset/spatialRaster/attributeList/attribute/measurementScale/interval/unit/customUnit
KUBI,03943-metadata.xml,/eml:eml/dataset/spatialRaster/attributeList/attribute/measurementScale/interval/numericDomain/numberType
KUBI,03943-metadata.xml,/eml:eml/dataset/spatialRaster/attributeList/attribute/measurementScale/interval/numericDomain/bounds/minimum
KUBI,03943-metadata.xml,/eml:eml/dataset/spatialRaster/attributeList/attribute/measurementScale/interval/numericDomain/bounds/minimum/@exclusive
KUBI,03943-metadata.xml,/eml:eml/dataset/spatialRaster/attributeList/attribute/measurementScale/interval/numericDomain/bounds/maximum
KUBI,03943-metadata.xml,/eml:eml/dataset/spatialRaster/attributeList/attribute/measurementScale/interval/numericDomain/bounds/maximum/@exclusive
KUBI,03943-metadata.xml,/eml:eml/dataset/spatialRaster/spatialReference/horizCoordSysDef/@name
KUBI,03943-metadata.xml,/eml:eml/dataset/spatialRaster/spatialReference/horizCoordSysDef/geogCoordSys/datum/@name
KUBI,03943-metadata.xml,/eml:eml/dataset/spatialRaster/spatialReference/horizCoordSysDef/geogCoordSys/spheroid/@denomFlatRatio
KUBI,03943-metadata.xml,/eml:eml/dataset/spatialRaster/spatialReference/horizCoordSysDef/geogCoordSys/spheroid/@name
KUBI,03943-metadata.xml,/eml:eml/dataset/spatialRaster/spatialReference/horizCoordSysDef/geogCoordSys/spheroid/@semiAxisMajor
KUBI,03943-metadata.xml,/eml:eml/dataset/spatialRaster/spatialReference/horizCoordSysDef/geogCoordSys/primeMeridian/@longitude
KUBI,03943-metadata.xml,/eml:eml/dataset/spatialRaster/spatialReference/horizCoordSysDef/geogCoordSys/primeMeridian/@name
KUBI,03943-metadata.xml,/eml:eml/dataset/spatialRaster/spatialReference/horizCoordSysDef/geogCoordSys/unit/@name
KUBI,03943-metadata.xml,/eml:eml/dataset/spatialRaster/horizontalAccuracy/accuracyReport
KUBI,03943-metadata.xml,/eml:eml/dataset/spatialRaster/verticalAccuracy/accuracyReport
KUBI,03943-metadata.xml,/eml:eml/dataset/spatialRaster/cellSizeXDirection
KUBI,03943-metadata.xml,/eml:eml/dataset/spatialRaster/cellSizeYDirection
KUBI,03943-metadata.xml,/eml:eml/dataset/spatialRaster/numberOfBands
KUBI,03943-metadata.xml,/eml:eml/dataset/spatialRaster/rasterOrigin
KUBI,03943-metadata.xml,/eml:eml/dataset/spatialRaster/rows
KUBI,03943-metadata.xml,/eml:eml/dataset/spatialRaster/columns
KUBI,03943-metadata.xml,/eml:eml/dataset/spatialRaster/verticals
KUBI,03943-metadata.xml,/eml:eml/dataset/spatialRaster/cellGeometry
KUBI,03943-metadata.xml,/eml:eml/additionalMetadata/metadata/unitList/ns2:unit/@id
KUBI,03943-metadata.xml,/eml:eml/additionalMetadata/metadata/unitList/ns2:unit/@multiplierToSI
KUBI,03943-metadata.xml,/eml:eml/additionalMetadata/metadata/unitList/ns2:unit/@parentSI
KUBI,03943-metadata.xml,/eml:eml/additionalMetadata/metadata/unitList/ns2:unit/ns2:description
KUBI,03944-metadata.xml,/eml:eml/@packageId
KUBI,03944-metadata.xml,/eml:eml/@system
KUBI,03944-metadata.xml,/eml:eml/@xsi:schemaLocation
KUBI,03944-metadata.xml,/eml:eml/dataset/title
KUBI,03944-metadata.xml,/eml:eml/dataset/creator/organizationName
KUBI,03944-metadata.xml,/eml:eml/dataset/keywordSet/keyword
KUBI,03944-metadata.xml,/eml:eml/dataset/keywordSet/keyword
KUBI,03944-metadata.xml,/eml:eml/dataset/keywordSet/keyword
KUBI,03944-metadata.xml,/eml:eml/dataset/keywordSet/keyword
KUBI,03944-metadata.xml,/eml:eml/dataset/keywordSet/keyword
KUBI,03944-metadata.xml,/eml:eml/dataset/coverage/geographicCoverage/geographicDescription
KUBI,03944-metadata.xml,/eml:eml/dataset/coverage/geographicCoverage/boundingCoordinates/westBoundingCoordinate
KUBI,03944-metadata.xml,/eml:eml/dataset/coverage/geographicCoverage/boundingCoordinates/eastBoundingCoordinate
KUBI,03944-metadata.xml,/eml:eml/dataset/coverage/geographicCoverage/boundingCoordinates/northBoundingCoordinate
KUBI,03944-metadata.xml,/eml:eml/dataset/coverage/geographicCoverage/boundingCoordinates/southBoundingCoordinate
KUBI,03944-metadata.xml,/eml:eml/dataset/coverage/temporalCoverage/rangeOfDates/beginDate/calendarDate
KUBI,03944-metadata.xml,/eml:eml/dataset/coverage/temporalCoverage/rangeOfDates/endDate/calendarDate
KUBI,03944-metadata.xml,/eml:eml/dataset/contact/organizationName
KUBI,03944-metadata.xml,/eml:eml/dataset/contact/address/deliveryPoint
KUBI,03944-metadata.xml,/eml:eml/dataset/contact/address/city
KUBI,03944-metadata.xml,/eml:eml/dataset/contact/address/administrativeArea
KUBI,03944-metadata.xml,/eml:eml/dataset/contact/address/postalCode
KUBI,03944-metadata.xml,/eml:eml/dataset/contact/address/country
KUBI,03944-metadata.xml,/eml:eml/dataset/contact/electronicMailAddress
KUBI,03944-metadata.xml,/eml:eml/dataset/contact/onlineUrl
KUBI,03944-metadata.xml,/eml:eml/dataset/spatialRaster/entityName
KUBI,03944-metadata.xml,/eml:eml/dataset/spatialRaster/physical/objectName
KUBI,03944-metadata.xml,/eml:eml/dataset/spatialRaster/physical/dataFormat/externallyDefinedFormat/formatName
KUBI,03944-metadata.xml,/eml:eml/dataset/spatialRaster/physical/distribution/online/url
KUBI,03944-metadata.xml,/eml:eml/dataset/spatialRaster/physical/distribution/online/url/@function
KUBI,03944-metadata.xml,/eml:eml/dataset/spatialRaster/attributeList/attribute/attributeName
KUBI,03944-metadata.xml,/eml:eml/dataset/spatialRaster/attributeList/attribute/attributeDefinition
KUBI,03944-metadata.xml,/eml:eml/dataset/spatialRaster/attributeList/attribute/storageType
KUBI,03944-metadata.xml,/eml:eml/dataset/spatialRaster/attributeList/attribute/measurementScale/interval/unit/customUnit
KUBI,03944-metadata.xml,/eml:eml/dataset/spatialRaster/attributeList/attribute/measurementScale/interval/numericDomain/numberType
KUBI,03944-metadata.xml,/eml:eml/dataset/spatialRaster/attributeList/attribute/measurementScale/interval/numericDomain/bounds/minimum
KUBI,03944-metadata.xml,/eml:eml/dataset/spatialRaster/attributeList/attribute/measurementScale/interval/numericDomain/bounds/minimum/@exclusive
KUBI,03944-metadata.xml,/eml:eml/dataset/spatialRaster/attributeList/attribute/measurementScale/interval/numericDomain/bounds/maximum
KUBI,03944-metadata.xml,/eml:eml/dataset/spatialRaster/attributeList/attribute/measurementScale/interval/numericDomain/bounds/maximum/@exclusive
KUBI,03944-metadata.xml,/eml:eml/dataset/spatialRaster/spatialReference/horizCoordSysDef/@name
KUBI,03944-metadata.xml,/eml:eml/dataset/spatialRaster/spatialReference/horizCoordSysDef/geogCoordSys/datum/@name
KUBI,03944-metadata.xml,/eml:eml/dataset/spatialRaster/spatialReference/horizCoordSysDef/geogCoordSys/spheroid/@denomFlatRatio
KUBI,03944-metadata.xml,/eml:eml/dataset/spatialRaster/spatialReference/horizCoordSysDef/geogCoordSys/spheroid/@name
KUBI,03944-metadata.xml,/eml:eml/dataset/spatialRaster/spatialReference/horizCoordSysDef/geogCoordSys/spheroid/@semiAxisMajor
KUBI,03944-metadata.xml,/eml:eml/dataset/spatialRaster/spatialReference/horizCoordSysDef/geogCoordSys/primeMeridian/@longitude
KUBI,03944-metadata.xml,/eml:eml/dataset/spatialRaster/spatialReference/horizCoordSysDef/geogCoordSys/primeMeridian/@name
KUBI,03944-metadata.xml,/eml:eml/dataset/spatialRaster/spatialReference/horizCoordSysDef/geogCoordSys/unit/@name
KUBI,03944-metadata.xml,/eml:eml/dataset/spatialRaster/horizontalAccuracy/accuracyReport
KUBI,03944-metadata.xml,/eml:eml/dataset/spatialRaster/verticalAccuracy/accuracyReport
KUBI,03944-metadata.xml,/eml:eml/dataset/spatialRaster/cellSizeXDirection
KUBI,03944-metadata.xml,/eml:eml/dataset/spatialRaster/cellSizeYDirection
KUBI,03944-metadata.xml,/eml:eml/dataset/spatialRaster/numberOfBands
KUBI,03944-metadata.xml,/eml:eml/dataset/spatialRaster/rasterOrigin
KUBI,03944-metadata.xml,/eml:eml/dataset/spatialRaster/rows
KUBI,03944-metadata.xml,/eml:eml/dataset/spatialRaster/columns
KUBI,03944-metadata.xml,/eml:eml/dataset/spatialRaster/verticals
KUBI,03944-metadata.xml,/eml:eml/dataset/spatialRaster/cellGeometry
KUBI,03944-metadata.xml,/eml:eml/additionalMetadata/metadata/unitList/ns2:unit/@id
KUBI,03944-metadata.xml,/eml:eml/additionalMetadata/metadata/unitList/ns2:unit/@multiplierToSI
KUBI,03944-metadata.xml,/eml:eml/additionalMetadata/metadata/unitList/ns2:unit/@parentSI
KUBI,03944-metadata.xml,/eml:eml/additionalMetadata/metadata/unitList/ns2:unit/ns2:description
KUBI,03945-metadata.xml,/eml:eml/@packageId
KUBI,03945-metadata.xml,/eml:eml/@system
KUBI,03945-metadata.xml,/eml:eml/@xsi:schemaLocation
KUBI,03945-metadata.xml,/eml:eml/dataset/title
KUBI,03945-metadata.xml,/eml:eml/dataset/creator/organizationName
KUBI,03945-metadata.xml,/eml:eml/dataset/keywordSet/keyword
KUBI,03945-metadata.xml,/eml:eml/dataset/keywordSet/keyword
KUBI,03945-metadata.xml,/eml:eml/dataset/keywordSet/keyword
KUBI,03945-metadata.xml,/eml:eml/dataset/keywordSet/keyword
KUBI,03945-metadata.xml,/eml:eml/dataset/coverage/geographicCoverage/geographicDescription
KUBI,03945-metadata.xml,/eml:eml/dataset/coverage/geographicCoverage/boundingCoordinates/westBoundingCoordinate
KUBI,03945-metadata.xml,/eml:eml/dataset/coverage/geographicCoverage/boundingCoordinates/eastBoundingCoordinate
KUBI,03945-metadata.xml,/eml:eml/dataset/coverage/geographicCoverage/boundingCoordinates/northBoundingCoordinate
KUBI,03945-metadata.xml,/eml:eml/dataset/coverage/geographicCoverage/boundingCoordinates/southBoundingCoordinate
KUBI,03945-metadata.xml,/eml:eml/dataset/coverage/temporalCoverage/rangeOfDates/beginDate/calendarDate
KUBI,03945-metadata.xml,/eml:eml/dataset/coverage/temporalCoverage/rangeOfDates/endDate/calendarDate
KUBI,03945-metadata.xml,/eml:eml/dataset/contact/organizationName
KUBI,03945-metadata.xml,/eml:eml/dataset/contact/address/deliveryPoint
KUBI,03945-metadata.xml,/eml:eml/dataset/contact/address/city
KUBI,03945-metadata.xml,/eml:eml/dataset/contact/address/administrativeArea
KUBI,03945-metadata.xml,/eml:eml/dataset/contact/address/postalCode
KUBI,03945-metadata.xml,/eml:eml/dataset/contact/address/country
KUBI,03945-metadata.xml,/eml:eml/dataset/contact/electronicMailAddress
KUBI,03945-metadata.xml,/eml:eml/dataset/contact/onlineUrl
KUBI,03945-metadata.xml,/eml:eml/dataset/spatialRaster/entityName
KUBI,03945-metadata.xml,/eml:eml/dataset/spatialRaster/physical/objectName
KUBI,03945-metadata.xml,/eml:eml/dataset/spatialRaster/physical/dataFormat/externallyDefinedFormat/formatName
KUBI,03945-metadata.xml,/eml:eml/dataset/spatialRaster/physical/distribution/online/url
KUBI,03945-metadata.xml,/eml:eml/dataset/spatialRaster/physical/distribution/online/url/@function
KUBI,03945-metadata.xml,/eml:eml/dataset/spatialRaster/attributeList/attribute/attributeName
KUBI,03945-metadata.xml,/eml:eml/dataset/spatialRaster/attributeList/attribute/attributeDefinition
KUBI,03945-metadata.xml,/eml:eml/dataset/spatialRaster/attributeList/attribute/storageType
KUBI,03945-metadata.xml,/eml:eml/dataset/spatialRaster/attributeList/attribute/measurementScale/interval/unit/standardUnit
KUBI,03945-metadata.xml,/eml:eml/dataset/spatialRaster/attributeList/attribute/measurementScale/interval/numericDomain/numberType
KUBI,03945-metadata.xml,/eml:eml/dataset/spatialRaster/attributeList/attribute/measurementScale/interval/numericDomain/bounds/minimum
KUBI,03945-metadata.xml,/eml:eml/dataset/spatialRaster/attributeList/attribute/measurementScale/interval/numericDomain/bounds/minimum/@exclusive
KUBI,03945-metadata.xml,/eml:eml/dataset/spatialRaster/attributeList/attribute/measurementScale/interval/numericDomain/bounds/maximum
KUBI,03945-metadata.xml,/eml:eml/dataset/spatialRaster/attributeList/attribute/measurementScale/interval/numericDomain/bounds/maximum/@exclusive
KUBI,03945-metadata.xml,/eml:eml/dataset/spatialRaster/spatialReference/horizCoordSysDef/@name
KUBI,03945-metadata.xml,/eml:eml/dataset/spatialRaster/spatialReference/horizCoordSysDef/geogCoordSys/datum/@name
KUBI,03945-metadata.xml,/eml:eml/dataset/spatialRaster/spatialReference/horizCoordSysDef/geogCoordSys/spheroid/@denomFlatRatio
KUBI,03945-metadata.xml,/eml:eml/dataset/spatialRaster/spatialReference/horizCoordSysDef/geogCoordSys/spheroid/@name
KUBI,03945-metadata.xml,/eml:eml/dataset/spatialRaster/spatialReference/horizCoordSysDef/geogCoordSys/spheroid/@semiAxisMajor
KUBI,03945-metadata.xml,/eml:eml/dataset/spatialRaster/spatialReference/horizCoordSysDef/geogCoordSys/primeMeridian/@longitude
KUBI,03945-metadata.xml,/eml:eml/dataset/spatialRaster/spatialReference/horizCoordSysDef/geogCoordSys/primeMeridian/@name
KUBI,03945-metadata.xml,/eml:eml/dataset/spatialRaster/spatialReference/horizCoordSysDef/geogCoordSys/unit/@name
KUBI,03945-metadata.xml,/eml:eml/dataset/spatialRaster/horizontalAccuracy/accuracyReport
KUBI,03945-metadata.xml,/eml:eml/dataset/spatialRaster/verticalAccuracy/accuracyReport
KUBI,03945-metadata.xml,/eml:eml/dataset/spatialRaster/cellSizeXDirection
KUBI,03945-metadata.xml,/eml:eml/dataset/spatialRaster/cellSizeYDirection
KUBI,03945-metadata.xml,/eml:eml/dataset/spatialRaster/numberOfBands
KUBI,03945-metadata.xml,/eml:eml/dataset/spatialRaster/rasterOrigin
KUBI,03945-metadata.xml,/eml:eml/dataset/spatialRaster/rows
KUBI,03945-metadata.xml,/eml:eml/dataset/spatialRaster/columns
KUBI,03945-metadata.xml,/eml:eml/dataset/spatialRaster/verticals
KUBI,03945-metadata.xml,/eml:eml/dataset/spatialRaster/cellGeometry
KUBI,03946-metadata.xml,/eml:eml/@packageId
KUBI,03946-metadata.xml,/eml:eml/@system
KUBI,03946-metadata.xml,/eml:eml/@xsi:schemaLocation
KUBI,03946-metadata.xml,/eml:eml/dataset/title
KUBI,03946-metadata.xml,/eml:eml/dataset/creator/organizationName
KUBI,03946-metadata.xml,/eml:eml/dataset/keywordSet/keyword
KUBI,03946-metadata.xml,/eml:eml/dataset/keywordSet/keyword
KUBI,03946-metadata.xml,/eml:eml/dataset/keywordSet/keyword
KUBI,03946-metadata.xml,/eml:eml/dataset/keywordSet/keyword
KUBI,03946-metadata.xml,/eml:eml/dataset/coverage/geographicCoverage/geographicDescription
KUBI,03946-metadata.xml,/eml:eml/dataset/coverage/geographicCoverage/boundingCoordinates/westBoundingCoordinate
KUBI,03946-metadata.xml,/eml:eml/dataset/coverage/geographicCoverage/boundingCoordinates/eastBoundingCoordinate
KUBI,03946-metadata.xml,/eml:eml/dataset/coverage/geographicCoverage/boundingCoordinates/northBoundingCoordinate
KUBI,03946-metadata.xml,/eml:eml/dataset/coverage/geographicCoverage/boundingCoordinates/southBoundingCoordinate
KUBI,03946-metadata.xml,/eml:eml/dataset/coverage/temporalCoverage/rangeOfDates/beginDate/calendarDate
KUBI,03946-metadata.xml,/eml:eml/dataset/coverage/temporalCoverage/rangeOfDates/endDate/calendarDate
KUBI,03946-metadata.xml,/eml:eml/dataset/contact/organizationName
KUBI,03946-metadata.xml,/eml:eml/dataset/contact/address/deliveryPoint
KUBI,03946-metadata.xml,/eml:eml/dataset/contact/address/city
KUBI,03946-metadata.xml,/eml:eml/dataset/contact/address/administrativeArea
KUBI,03946-metadata.xml,/eml:eml/dataset/contact/address/postalCode
KUBI,03946-metadata.xml,/eml:eml/dataset/contact/address/country
KUBI,03946-metadata.xml,/eml:eml/dataset/contact/electronicMailAddress
KUBI,03946-metadata.xml,/eml:eml/dataset/contact/onlineUrl
KUBI,03946-metadata.xml,/eml:eml/dataset/spatialRaster/entityName
KUBI,03946-metadata.xml,/eml:eml/dataset/spatialRaster/physical/objectName
KUBI,03946-metadata.xml,/eml:eml/dataset/spatialRaster/physical/dataFormat/externallyDefinedFormat/formatName
KUBI,03946-metadata.xml,/eml:eml/dataset/spatialRaster/physical/distribution/online/url
KUBI,03946-metadata.xml,/eml:eml/dataset/spatialRaster/physical/distribution/online/url/@function
KUBI,03946-metadata.xml,/eml:eml/dataset/spatialRaster/attributeList/attribute/attributeName
KUBI,03946-metadata.xml,/eml:eml/dataset/spatialRaster/attributeList/attribute/attributeDefinition
KUBI,03946-metadata.xml,/eml:eml/dataset/spatialRaster/attributeList/attribute/storageType
KUBI,03946-metadata.xml,/eml:eml/dataset/spatialRaster/attributeList/attribute/measurementScale/interval/unit/standardUnit
KUBI,03946-metadata.xml,/eml:eml/dataset/spatialRaster/attributeList/attribute/measurementScale/interval/numericDomain/numberType
KUBI,03946-metadata.xml,/eml:eml/dataset/spatialRaster/attributeList/attribute/measurementScale/interval/numericDomain/bounds/minimum
KUBI,03946-metadata.xml,/eml:eml/dataset/spatialRaster/attributeList/attribute/measurementScale/interval/numericDomain/bounds/minimum/@exclusive
KUBI,03946-metadata.xml,/eml:eml/dataset/spatialRaster/attributeList/attribute/measurementScale/interval/numericDomain/bounds/maximum
KUBI,03946-metadata.xml,/eml:eml/dataset/spatialRaster/attributeList/attribute/measurementScale/interval/numericDomain/bounds/maximum/@exclusive
KUBI,03946-metadata.xml,/eml:eml/dataset/spatialRaster/spatialReference/horizCoordSysDef/@name
KUBI,03946-metadata.xml,/eml:eml/dataset/spatialRaster/spatialReference/horizCoordSysDef/geogCoordSys/datum/@name
KUBI,03946-metadata.xml,/eml:eml/dataset/spatialRaster/spatialReference/horizCoordSysDef/geogCoordSys/spheroid/@denomFlatRatio
KUBI,03946-metadata.xml,/eml:eml/dataset/spatialRaster/spatialReference/horizCoordSysDef/geogCoordSys/spheroid/@name
KUBI,03946-metadata.xml,/eml:eml/dataset/spatialRaster/spatialReference/horizCoordSysDef/geogCoordSys/spheroid/@semiAxisMajor
KUBI,03946-metadata.xml,/eml:eml/dataset/spatialRaster/spatialReference/horizCoordSysDef/geogCoordSys/primeMeridian/@longitude
KUBI,03946-metadata.xml,/eml:eml/dataset/spatialRaster/spatialReference/horizCoordSysDef/geogCoordSys/primeMeridian/@name
KUBI,03946-metadata.xml,/eml:eml/dataset/spatialRaster/spatialReference/horizCoordSysDef/geogCoordSys/unit/@name
KUBI,03946-metadata.xml,/eml:eml/dataset/spatialRaster/horizontalAccuracy/accuracyReport
KUBI,03946-metadata.xml,/eml:eml/dataset/spatialRaster/verticalAccuracy/accuracyReport
KUBI,03946-metadata.xml,/eml:eml/dataset/spatialRaster/cellSizeXDirection
KUBI,03946-metadata.xml,/eml:eml/dataset/spatialRaster/cellSizeYDirection
KUBI,03946-metadata.xml,/eml:eml/dataset/spatialRaster/numberOfBands
KUBI,03946-metadata.xml,/eml:eml/dataset/spatialRaster/rasterOrigin
KUBI,03946-metadata.xml,/eml:eml/dataset/spatialRaster/rows
KUBI,03946-metadata.xml,/eml:eml/dataset/spatialRaster/columns
KUBI,03946-metadata.xml,/eml:eml/dataset/spatialRaster/verticals
KUBI,03946-metadata.xml,/eml:eml/dataset/spatialRaster/cellGeometry
KUBI,03947-metadata.xml,/eml:eml/@packageId
KUBI,03947-metadata.xml,/eml:eml/@system
KUBI,03947-metadata.xml,/eml:eml/@xsi:schemaLocation
KUBI,03947-metadata.xml,/eml:eml/dataset/title
KUBI,03947-metadata.xml,/eml:eml/dataset/creator/organizationName
KUBI,03947-metadata.xml,/eml:eml/dataset/keywordSet/keyword
KUBI,03947-metadata.xml,/eml:eml/dataset/keywordSet/keyword
KUBI,03947-metadata.xml,/eml:eml/dataset/keywordSet/keyword
KUBI,03947-metadata.xml,/eml:eml/dataset/keywordSet/keyword
KUBI,03947-metadata.xml,/eml:eml/dataset/coverage/geographicCoverage/geographicDescription
KUBI,03947-metadata.xml,/eml:eml/dataset/coverage/geographicCoverage/boundingCoordinates/westBoundingCoordinate
KUBI,03947-metadata.xml,/eml:eml/dataset/coverage/geographicCoverage/boundingCoordinates/eastBoundingCoordinate
KUBI,03947-metadata.xml,/eml:eml/dataset/coverage/geographicCoverage/boundingCoordinates/northBoundingCoordinate
KUBI,03947-metadata.xml,/eml:eml/dataset/coverage/geographicCoverage/boundingCoordinates/southBoundingCoordinate
KUBI,03947-metadata.xml,/eml:eml/dataset/coverage/temporalCoverage/rangeOfDates/beginDate/calendarDate
KUBI,03947-metadata.xml,/eml:eml/dataset/coverage/temporalCoverage/rangeOfDates/endDate/calendarDate
KUBI,03947-metadata.xml,/eml:eml/dataset/contact/organizationName
KUBI,03947-metadata.xml,/eml:eml/dataset/contact/address/deliveryPoint
KUBI,03947-metadata.xml,/eml:eml/dataset/contact/address/city
KUBI,03947-metadata.xml,/eml:eml/dataset/contact/address/administrativeArea
KUBI,03947-metadata.xml,/eml:eml/dataset/contact/address/postalCode
KUBI,03947-metadata.xml,/eml:eml/dataset/contact/address/country
KUBI,03947-metadata.xml,/eml:eml/dataset/contact/electronicMailAddress
KUBI,03947-metadata.xml,/eml:eml/dataset/contact/onlineUrl
KUBI,03947-metadata.xml,/eml:eml/dataset/spatialRaster/entityName
KUBI,03947-metadata.xml,/eml:eml/dataset/spatialRaster/physical/objectName
KUBI,03947-metadata.xml,/eml:eml/dataset/spatialRaster/physical/dataFormat/externallyDefinedFormat/formatName
KUBI,03947-metadata.xml,/eml:eml/dataset/spatialRaster/physical/distribution/online/url
KUBI,03947-metadata.xml,/eml:eml/dataset/spatialRaster/physical/distribution/online/url/@function
KUBI,03947-metadata.xml,/eml:eml/dataset/spatialRaster/attributeList/attribute/attributeName
KUBI,03947-metadata.xml,/eml:eml/dataset/spatialRaster/attributeList/attribute/attributeDefinition
KUBI,03947-metadata.xml,/eml:eml/dataset/spatialRaster/attributeList/attribute/storageType
KUBI,03947-metadata.xml,/eml:eml/dataset/spatialRaster/attributeList/attribute/measurementScale/interval/unit/standardUnit
KUBI,03947-metadata.xml,/eml:eml/dataset/spatialRaster/attributeList/attribute/measurementScale/interval/numericDomain/numberType
KUBI,03947-metadata.xml,/eml:eml/dataset/spatialRaster/attributeList/attribute/measurementScale/interval/numericDomain/bounds/minimum
KUBI,03947-metadata.xml,/eml:eml/dataset/spatialRaster/attributeList/attribute/measurementScale/interval/numericDomain/bounds/minimum/@exclusive
KUBI,03947-metadata.xml,/eml:eml/dataset/spatialRaster/attributeList/attribute/measurementScale/interval/numericDomain/bounds/maximum
KUBI,03947-metadata.xml,/eml:eml/dataset/spatialRaster/attributeList/attribute/measurementScale/interval/numericDomain/bounds/maximum/@exclusive
KUBI,03947-metadata.xml,/eml:eml/dataset/spatialRaster/spatialReference/horizCoordSysDef/@name
KUBI,03947-metadata.xml,/eml:eml/dataset/spatialRaster/spatialReference/horizCoordSysDef/geogCoordSys/datum/@name
KUBI,03947-metadata.xml,/eml:eml/dataset/spatialRaster/spatialReference/horizCoordSysDef/geogCoordSys/spheroid/@denomFlatRatio
KUBI,03947-metadata.xml,/eml:eml/dataset/spatialRaster/spatialReference/horizCoordSysDef/geogCoordSys/spheroid/@name
KUBI,03947-metadata.xml,/eml:eml/dataset/spatialRaster/spatialReference/horizCoordSysDef/geogCoordSys/spheroid/@semiAxisMajor
KUBI,03947-metadata.xml,/eml:eml/dataset/spatialRaster/spatialReference/horizCoordSysDef/geogCoordSys/primeMeridian/@longitude
KUBI,03947-metadata.xml,/eml:eml/dataset/spatialRaster/spatialReference/horizCoordSysDef/geogCoordSys/primeMeridian/@name
KUBI,03947-metadata.xml,/eml:eml/dataset/spatialRaster/spatialReference/horizCoordSysDef/geogCoordSys/unit/@name
KUBI,03947-metadata.xml,/eml:eml/dataset/spatialRaster/horizontalAccuracy/accuracyReport
KUBI,03947-metadata.xml,/eml:eml/dataset/spatialRaster/verticalAccuracy/accuracyReport
KUBI,03947-metadata.xml,/eml:eml/dataset/spatialRaster/cellSizeXDirection
KUBI,03947-metadata.xml,/eml:eml/dataset/spatialRaster/cellSizeYDirection
KUBI,03947-metadata.xml,/eml:eml/dataset/spatialRaster/numberOfBands
KUBI,03947-metadata.xml,/eml:eml/dataset/spatialRaster/rasterOrigin
KUBI,03947-metadata.xml,/eml:eml/dataset/spatialRaster/rows
KUBI,03947-metadata.xml,/eml:eml/dataset/spatialRaster/columns
KUBI,03947-metadata.xml,/eml:eml/dataset/spatialRaster/verticals
KUBI,03947-metadata.xml,/eml:eml/dataset/spatialRaster/cellGeometry
KUBI,03948-metadata.xml,/eml:eml/@packageId
KUBI,03948-metadata.xml,/eml:eml/@system
KUBI,03948-metadata.xml,/eml:eml/@xsi:schemaLocation
KUBI,03948-metadata.xml,/eml:eml/dataset/title
KUBI,03948-metadata.xml,/eml:eml/dataset/creator/organizationName
KUBI,03948-metadata.xml,/eml:eml/dataset/keywordSet/keyword
KUBI,03948-metadata.xml,/eml:eml/dataset/keywordSet/keyword
KUBI,03948-metadata.xml,/eml:eml/dataset/keywordSet/keyword
KUBI,03948-metadata.xml,/eml:eml/dataset/keywordSet/keyword
KUBI,03948-metadata.xml,/eml:eml/dataset/coverage/geographicCoverage/geographicDescription
KUBI,03948-metadata.xml,/eml:eml/dataset/coverage/geographicCoverage/boundingCoordinates/westBoundingCoordinate
KUBI,03948-metadata.xml,/eml:eml/dataset/coverage/geographicCoverage/boundingCoordinates/eastBoundingCoordinate
KUBI,03948-metadata.xml,/eml:eml/dataset/coverage/geographicCoverage/boundingCoordinates/northBoundingCoordinate
KUBI,03948-metadata.xml,/eml:eml/dataset/coverage/geographicCoverage/boundingCoordinates/southBoundingCoordinate
KUBI,03948-metadata.xml,/eml:eml/dataset/coverage/temporalCoverage/rangeOfDates/beginDate/calendarDate
KUBI,03948-metadata.xml,/eml:eml/dataset/coverage/temporalCoverage/rangeOfDates/endDate/calendarDate
KUBI,03948-metadata.xml,/eml:eml/dataset/contact/organizationName
KUBI,03948-metadata.xml,/eml:eml/dataset/contact/address/deliveryPoint
KUBI,03948-metadata.xml,/eml:eml/dataset/contact/address/city
KUBI,03948-metadata.xml,/eml:eml/dataset/contact/address/administrativeArea
KUBI,03948-metadata.xml,/eml:eml/dataset/contact/address/postalCode
KUBI,03948-metadata.xml,/eml:eml/dataset/contact/address/country
KUBI,03948-metadata.xml,/eml:eml/dataset/contact/electronicMailAddress
KUBI,03948-metadata.xml,/eml:eml/dataset/contact/onlineUrl
KUBI,03948-metadata.xml,/eml:eml/dataset/spatialRaster/entityName
KUBI,03948-metadata.xml,/eml:eml/dataset/spatialRaster/physical/objectName
KUBI,03948-metadata.xml,/eml:eml/dataset/spatialRaster/physical/dataFormat/externallyDefinedFormat/formatName
KUBI,03948-metadata.xml,/eml:eml/dataset/spatialRaster/physical/distribution/online/url
KUBI,03948-metadata.xml,/eml:eml/dataset/spatialRaster/physical/distribution/online/url/@function
KUBI,03948-metadata.xml,/eml:eml/dataset/spatialRaster/attributeList/attribute/attributeName
KUBI,03948-metadata.xml,/eml:eml/dataset/spatialRaster/attributeList/attribute/attributeDefinition
KUBI,03948-metadata.xml,/eml:eml/dataset/spatialRaster/attributeList/attribute/storageType
KUBI,03948-metadata.xml,/eml:eml/dataset/spatialRaster/attributeList/attribute/measurementScale/interval/unit/customUnit
KUBI,03948-metadata.xml,/eml:eml/dataset/spatialRaster/attributeList/attribute/measurementScale/interval/numericDomain/numberType
KUBI,03948-metadata.xml,/eml:eml/dataset/spatialRaster/attributeList/attribute/measurementScale/interval/numericDomain/bounds/minimum
KUBI,03948-metadata.xml,/eml:eml/dataset/spatialRaster/attributeList/attribute/measurementScale/interval/numericDomain/bounds/minimum/@exclusive
KUBI,03948-metadata.xml,/eml:eml/dataset/spatialRaster/attributeList/attribute/measurementScale/interval/numericDomain/bounds/maximum
KUBI,03948-metadata.xml,/eml:eml/dataset/spatialRaster/attributeList/attribute/measurementScale/interval/numericDomain/bounds/maximum/@exclusive
KUBI,03948-metadata.xml,/eml:eml/dataset/spatialRaster/spatialReference/horizCoordSysDef/@name
KUBI,03948-metadata.xml,/eml:eml/dataset/spatialRaster/spatialReference/horizCoordSysDef/geogCoordSys/datum/@name
KUBI,03948-metadata.xml,/eml:eml/dataset/spatialRaster/spatialReference/horizCoordSysDef/geogCoordSys/spheroid/@denomFlatRatio
KUBI,03948-metadata.xml,/eml:eml/dataset/spatialRaster/spatialReference/horizCoordSysDef/geogCoordSys/spheroid/@name
KUBI,03948-metadata.xml,/eml:eml/dataset/spatialRaster/spatialReference/horizCoordSysDef/geogCoordSys/spheroid/@semiAxisMajor
KUBI,03948-metadata.xml,/eml:eml/dataset/spatialRaster/spatialReference/horizCoordSysDef/geogCoordSys/primeMeridian/@longitude
KUBI,03948-metadata.xml,/eml:eml/dataset/spatialRaster/spatialReference/horizCoordSysDef/geogCoordSys/primeMeridian/@name
KUBI,03948-metadata.xml,/eml:eml/dataset/spatialRaster/spatialReference/horizCoordSysDef/geogCoordSys/unit/@name
KUBI,03948-metadata.xml,/eml:eml/dataset/spatialRaster/horizontalAccuracy/accuracyReport
KUBI,03948-metadata.xml,/eml:eml/dataset/spatialRaster/verticalAccuracy/accuracyReport
KUBI,03948-metadata.xml,/eml:eml/dataset/spatialRaster/cellSizeXDirection
KUBI,03948-metadata.xml,/eml:eml/dataset/spatialRaster/cellSizeYDirection
KUBI,03948-metadata.xml,/eml:eml/dataset/spatialRaster/numberOfBands
KUBI,03948-metadata.xml,/eml:eml/dataset/spatialRaster/rasterOrigin
KUBI,03948-metadata.xml,/eml:eml/dataset/spatialRaster/rows
KUBI,03948-metadata.xml,/eml:eml/dataset/spatialRaster/columns
KUBI,03948-metadata.xml,/eml:eml/dataset/spatialRaster/verticals
KUBI,03948-metadata.xml,/eml:eml/dataset/spatialRaster/cellGeometry
KUBI,03948-metadata.xml,/eml:eml/additionalMetadata/metadata/unitList/ns2:unit/@id
KUBI,03948-metadata.xml,/eml:eml/additionalMetadata/metadata/unitList/ns2:unit/@multiplierToSI
KUBI,03948-metadata.xml,/eml:eml/additionalMetadata/metadata/unitList/ns2:unit/@parentSI
KUBI,03948-metadata.xml,/eml:eml/additionalMetadata/metadata/unitList/ns2:unit/ns2:description
KUBI,03949-metadata.xml,/eml:eml/@packageId
KUBI,03949-metadata.xml,/eml:eml/@system
KUBI,03949-metadata.xml,/eml:eml/@xsi:schemaLocation
KUBI,03949-metadata.xml,/eml:eml/dataset/title
KUBI,03949-metadata.xml,/eml:eml/dataset/creator/organizationName
KUBI,03949-metadata.xml,/eml:eml/dataset/keywordSet/keyword
KUBI,03949-metadata.xml,/eml:eml/dataset/keywordSet/keyword
KUBI,03949-metadata.xml,/eml:eml/dataset/keywordSet/keyword
KUBI,03949-metadata.xml,/eml:eml/dataset/keywordSet/keyword
KUBI,03949-metadata.xml,/eml:eml/dataset/coverage/geographicCoverage/geographicDescription
KUBI,03949-metadata.xml,/eml:eml/dataset/coverage/geographicCoverage/boundingCoordinates/westBoundingCoordinate
KUBI,03949-metadata.xml,/eml:eml/dataset/coverage/geographicCoverage/boundingCoordinates/eastBoundingCoordinate
KUBI,03949-metadata.xml,/eml:eml/dataset/coverage/geographicCoverage/boundingCoordinates/northBoundingCoordinate
KUBI,03949-metadata.xml,/eml:eml/dataset/coverage/geographicCoverage/boundingCoordinates/southBoundingCoordinate
KUBI,03949-metadata.xml,/eml:eml/dataset/coverage/temporalCoverage/rangeOfDates/beginDate/calendarDate
KUBI,03949-metadata.xml,/eml:eml/dataset/coverage/temporalCoverage/rangeOfDates/endDate/calendarDate
KUBI,03949-metadata.xml,/eml:eml/dataset/contact/organizationName
KUBI,03949-metadata.xml,/eml:eml/dataset/contact/address/deliveryPoint
KUBI,03949-metadata.xml,/eml:eml/dataset/contact/address/city
KUBI,03949-metadata.xml,/eml:eml/dataset/contact/address/administrativeArea
KUBI,03949-metadata.xml,/eml:eml/dataset/contact/address/postalCode
KUBI,03949-metadata.xml,/eml:eml/dataset/contact/address/country
KUBI,03949-metadata.xml,/eml:eml/dataset/contact/electronicMailAddress
KUBI,03949-metadata.xml,/eml:eml/dataset/contact/onlineUrl
KUBI,03949-metadata.xml,/eml:eml/dataset/spatialRaster/entityName
KUBI,03949-metadata.xml,/eml:eml/dataset/spatialRaster/physical/objectName
KUBI,03949-metadata.xml,/eml:eml/dataset/spatialRaster/physical/dataFormat/externallyDefinedFormat/formatName
KUBI,03949-metadata.xml,/eml:eml/dataset/spatialRaster/physical/distribution/online/url
KUBI,03949-metadata.xml,/eml:eml/dataset/spatialRaster/physical/distribution/online/url/@function
KUBI,03949-metadata.xml,/eml:eml/dataset/spatialRaster/attributeList/attribute/attributeName
KUBI,03949-metadata.xml,/eml:eml/dataset/spatialRaster/attributeList/attribute/attributeDefinition
KUBI,03949-metadata.xml,/eml:eml/dataset/spatialRaster/attributeList/attribute/storageType
KUBI,03949-metadata.xml,/eml:eml/dataset/spatialRaster/attributeList/attribute/measurementScale/interval/unit/customUnit
KUBI,03949-metadata.xml,/eml:eml/dataset/spatialRaster/attributeList/attribute/measurementScale/interval/numericDomain/numberType
KUBI,03949-metadata.xml,/eml:eml/dataset/spatialRaster/attributeList/attribute/measurementScale/interval/numericDomain/bounds/minimum
KUBI,03949-metadata.xml,/eml:eml/dataset/spatialRaster/attributeList/attribute/measurementScale/interval/numericDomain/bounds/minimum/@exclusive
KUBI,03949-metadata.xml,/eml:eml/dataset/spatialRaster/attributeList/attribute/measurementScale/interval/numericDomain/bounds/maximum
KUBI,03949-metadata.xml,/eml:eml/dataset/spatialRaster/attributeList/attribute/measurementScale/interval/numericDomain/bounds/maximum/@exclusive
KUBI,03949-metadata.xml,/eml:eml/dataset/spatialRaster/spatialReference/horizCoordSysDef/@name
KUBI,03949-metadata.xml,/eml:eml/dataset/spatialRaster/spatialReference/horizCoordSysDef/geogCoordSys/datum/@name
KUBI,03949-metadata.xml,/eml:eml/dataset/spatialRaster/spatialReference/horizCoordSysDef/geogCoordSys/spheroid/@denomFlatRatio
KUBI,03949-metadata.xml,/eml:eml/dataset/spatialRaster/spatialReference/horizCoordSysDef/geogCoordSys/spheroid/@name
KUBI,03949-metadata.xml,/eml:eml/dataset/spatialRaster/spatialReference/horizCoordSysDef/geogCoordSys/spheroid/@semiAxisMajor
KUBI,03949-metadata.xml,/eml:eml/dataset/spatialRaster/spatialReference/horizCoordSysDef/geogCoordSys/primeMeridian/@longitude
KUBI,03949-metadata.xml,/eml:eml/dataset/spatialRaster/spatialReference/horizCoordSysDef/geogCoordSys/primeMeridian/@name
KUBI,03949-metadata.xml,/eml:eml/dataset/spatialRaster/spatialReference/horizCoordSysDef/geogCoordSys/unit/@name
KUBI,03949-metadata.xml,/eml:eml/dataset/spatialRaster/horizontalAccuracy/accuracyReport
KUBI,03949-metadata.xml,/eml:eml/dataset/spatialRaster/verticalAccuracy/accuracyReport
KUBI,03949-metadata.xml,/eml:eml/dataset/spatialRaster/cellSizeXDirection
KUBI,03949-metadata.xml,/eml:eml/dataset/spatialRaster/cellSizeYDirection
KUBI,03949-metadata.xml,/eml:eml/dataset/spatialRaster/numberOfBands
KUBI,03949-metadata.xml,/eml:eml/dataset/spatialRaster/rasterOrigin
KUBI,03949-metadata.xml,/eml:eml/dataset/spatialRaster/rows
KUBI,03949-metadata.xml,/eml:eml/dataset/spatialRaster/columns
KUBI,03949-metadata.xml,/eml:eml/dataset/spatialRaster/verticals
KUBI,03949-metadata.xml,/eml:eml/dataset/spatialRaster/cellGeometry
KUBI,03949-metadata.xml,/eml:eml/additionalMetadata/metadata/unitList/ns2:unit/@id
KUBI,03949-metadata.xml,/eml:eml/additionalMetadata/metadata/unitList/ns2:unit/ns2:description
KUBI,03950-metadata.xml,/eml:eml/@packageId
KUBI,03950-metadata.xml,/eml:eml/@system
KUBI,03950-metadata.xml,/eml:eml/@xsi:schemaLocation
KUBI,03950-metadata.xml,/eml:eml/dataset/title
KUBI,03950-metadata.xml,/eml:eml/dataset/creator/organizationName
KUBI,03950-metadata.xml,/eml:eml/dataset/keywordSet/keyword
KUBI,03950-metadata.xml,/eml:eml/dataset/keywordSet/keyword
KUBI,03950-metadata.xml,/eml:eml/dataset/keywordSet/keyword
KUBI,03950-metadata.xml,/eml:eml/dataset/keywordSet/keyword
KUBI,03950-metadata.xml,/eml:eml/dataset/keywordSet/keyword
KUBI,03950-metadata.xml,/eml:eml/dataset/coverage/geographicCoverage/geographicDescription
KUBI,03950-metadata.xml,/eml:eml/dataset/coverage/geographicCoverage/boundingCoordinates/westBoundingCoordinate
KUBI,03950-metadata.xml,/eml:eml/dataset/coverage/geographicCoverage/boundingCoordinates/eastBoundingCoordinate
KUBI,03950-metadata.xml,/eml:eml/dataset/coverage/geographicCoverage/boundingCoordinates/northBoundingCoordinate
KUBI,03950-metadata.xml,/eml:eml/dataset/coverage/geographicCoverage/boundingCoordinates/southBoundingCoordinate
KUBI,03950-metadata.xml,/eml:eml/dataset/coverage/temporalCoverage/rangeOfDates/beginDate/calendarDate
KUBI,03950-metadata.xml,/eml:eml/dataset/coverage/temporalCoverage/rangeOfDates/endDate/calendarDate
KUBI,03950-metadata.xml,/eml:eml/dataset/contact/organizationName
KUBI,03950-metadata.xml,/eml:eml/dataset/contact/address/deliveryPoint
KUBI,03950-metadata.xml,/eml:eml/dataset/contact/address/city
KUBI,03950-metadata.xml,/eml:eml/dataset/contact/address/administrativeArea
KUBI,03950-metadata.xml,/eml:eml/dataset/contact/address/postalCode
KUBI,03950-metadata.xml,/eml:eml/dataset/contact/address/country
KUBI,03950-metadata.xml,/eml:eml/dataset/contact/electronicMailAddress
KUBI,03950-metadata.xml,/eml:eml/dataset/contact/onlineUrl
KUBI,03950-metadata.xml,/eml:eml/dataset/spatialRaster/entityName
KUBI,03950-metadata.xml,/eml:eml/dataset/spatialRaster/physical/objectName
KUBI,03950-metadata.xml,/eml:eml/dataset/spatialRaster/physical/dataFormat/externallyDefinedFormat/formatName
KUBI,03950-metadata.xml,/eml:eml/dataset/spatialRaster/physical/distribution/online/url
KUBI,03950-metadata.xml,/eml:eml/dataset/spatialRaster/physical/distribution/online/url/@function
KUBI,03950-metadata.xml,/eml:eml/dataset/spatialRaster/attributeList/attribute/attributeName
KUBI,03950-metadata.xml,/eml:eml/dataset/spatialRaster/attributeList/attribute/attributeDefinition
KUBI,03950-metadata.xml,/eml:eml/dataset/spatialRaster/attributeList/attribute/storageType
KUBI,03950-metadata.xml,/eml:eml/dataset/spatialRaster/attributeList/attribute/measurementScale/interval/unit/customUnit
KUBI,03950-metadata.xml,/eml:eml/dataset/spatialRaster/attributeList/attribute/measurementScale/interval/numericDomain/numberType
KUBI,03950-metadata.xml,/eml:eml/dataset/spatialRaster/attributeList/attribute/measurementScale/interval/numericDomain/bounds/minimum
KUBI,03950-metadata.xml,/eml:eml/dataset/spatialRaster/attributeList/attribute/measurementScale/interval/numericDomain/bounds/minimum/@exclusive
KUBI,03950-metadata.xml,/eml:eml/dataset/spatialRaster/attributeList/attribute/measurementScale/interval/numericDomain/bounds/maximum
KUBI,03950-metadata.xml,/eml:eml/dataset/spatialRaster/attributeList/attribute/measurementScale/interval/numericDomain/bounds/maximum/@exclusive
KUBI,03950-metadata.xml,/eml:eml/dataset/spatialRaster/spatialReference/horizCoordSysDef/@name
KUBI,03950-metadata.xml,/eml:eml/dataset/spatialRaster/spatialReference/horizCoordSysDef/geogCoordSys/datum/@name
KUBI,03950-metadata.xml,/eml:eml/dataset/spatialRaster/spatialReference/horizCoordSysDef/geogCoordSys/spheroid/@denomFlatRatio
KUBI,03950-metadata.xml,/eml:eml/dataset/spatialRaster/spatialReference/horizCoordSysDef/geogCoordSys/spheroid/@name
KUBI,03950-metadata.xml,/eml:eml/dataset/spatialRaster/spatialReference/horizCoordSysDef/geogCoordSys/spheroid/@semiAxisMajor
KUBI,03950-metadata.xml,/eml:eml/dataset/spatialRaster/spatialReference/horizCoordSysDef/geogCoordSys/primeMeridian/@longitude
KUBI,03950-metadata.xml,/eml:eml/dataset/spatialRaster/spatialReference/horizCoordSysDef/geogCoordSys/primeMeridian/@name
KUBI,03950-metadata.xml,/eml:eml/dataset/spatialRaster/spatialReference/horizCoordSysDef/geogCoordSys/unit/@name
KUBI,03950-metadata.xml,/eml:eml/dataset/spatialRaster/horizontalAccuracy/accuracyReport
KUBI,03950-metadata.xml,/eml:eml/dataset/spatialRaster/verticalAccuracy/accuracyReport
KUBI,03950-metadata.xml,/eml:eml/dataset/spatialRaster/cellSizeXDirection
KUBI,03950-metadata.xml,/eml:eml/dataset/spatialRaster/cellSizeYDirection
KUBI,03950-metadata.xml,/eml:eml/dataset/spatialRaster/numberOfBands
KUBI,03950-metadata.xml,/eml:eml/dataset/spatialRaster/rasterOrigin
KUBI,03950-metadata.xml,/eml:eml/dataset/spatialRaster/rows
KUBI,03950-metadata.xml,/eml:eml/dataset/spatialRaster/columns
KUBI,03950-metadata.xml,/eml:eml/dataset/spatialRaster/verticals
KUBI,03950-metadata.xml,/eml:eml/dataset/spatialRaster/cellGeometry
KUBI,03950-metadata.xml,/eml:eml/additionalMetadata/metadata/unitList/ns2:unit/@id
KUBI,03950-metadata.xml,/eml:eml/additionalMetadata/metadata/unitList/ns2:unit/@multiplierToSI
KUBI,03950-metadata.xml,/eml:eml/additionalMetadata/metadata/unitList/ns2:unit/@parentSI
KUBI,03950-metadata.xml,/eml:eml/additionalMetadata/metadata/unitList/ns2:unit/ns2:description
KUBI,03951-metadata.xml,/eml:eml/@packageId
KUBI,03951-metadata.xml,/eml:eml/@system
KUBI,03951-metadata.xml,/eml:eml/@xsi:schemaLocation
KUBI,03951-metadata.xml,/eml:eml/dataset/title
KUBI,03951-metadata.xml,/eml:eml/dataset/creator/organizationName
KUBI,03951-metadata.xml,/eml:eml/dataset/keywordSet/keyword
KUBI,03951-metadata.xml,/eml:eml/dataset/keywordSet/keyword
KUBI,03951-metadata.xml,/eml:eml/dataset/keywordSet/keyword
KUBI,03951-metadata.xml,/eml:eml/dataset/keywordSet/keyword
KUBI,03951-metadata.xml,/eml:eml/dataset/coverage/geographicCoverage/geographicDescription
KUBI,03951-metadata.xml,/eml:eml/dataset/coverage/geographicCoverage/boundingCoordinates/westBoundingCoordinate
KUBI,03951-metadata.xml,/eml:eml/dataset/coverage/geographicCoverage/boundingCoordinates/eastBoundingCoordinate
KUBI,03951-metadata.xml,/eml:eml/dataset/coverage/geographicCoverage/boundingCoordinates/northBoundingCoordinate
KUBI,03951-metadata.xml,/eml:eml/dataset/coverage/geographicCoverage/boundingCoordinates/southBoundingCoordinate
KUBI,03951-metadata.xml,/eml:eml/dataset/coverage/temporalCoverage/rangeOfDates/beginDate/calendarDate
KUBI,03951-metadata.xml,/eml:eml/dataset/coverage/temporalCoverage/rangeOfDates/endDate/calendarDate
KUBI,03951-metadata.xml,/eml:eml/dataset/contact/organizationName
KUBI,03951-metadata.xml,/eml:eml/dataset/contact/address/deliveryPoint
KUBI,03951-metadata.xml,/eml:eml/dataset/contact/address/city
KUBI,03951-metadata.xml,/eml:eml/dataset/contact/address/administrativeArea
KUBI,03951-metadata.xml,/eml:eml/dataset/contact/address/postalCode
KUBI,03951-metadata.xml,/eml:eml/dataset/contact/address/country
KUBI,03951-metadata.xml,/eml:eml/dataset/contact/electronicMailAddress
KUBI,03951-metadata.xml,/eml:eml/dataset/contact/onlineUrl
KUBI,03951-metadata.xml,/eml:eml/dataset/spatialRaster/entityName
KUBI,03951-metadata.xml,/eml:eml/dataset/spatialRaster/physical/objectName
KUBI,03951-metadata.xml,/eml:eml/dataset/spatialRaster/physical/dataFormat/externallyDefinedFormat/formatName
KUBI,03951-metadata.xml,/eml:eml/dataset/spatialRaster/physical/distribution/online/url
KUBI,03951-metadata.xml,/eml:eml/dataset/spatialRaster/physical/distribution/online/url/@function
KUBI,03951-metadata.xml,/eml:eml/dataset/spatialRaster/attributeList/attribute/attributeName
KUBI,03951-metadata.xml,/eml:eml/dataset/spatialRaster/attributeList/attribute/attributeDefinition
KUBI,03951-metadata.xml,/eml:eml/dataset/spatialRaster/attributeList/attribute/storageType
KUBI,03951-metadata.xml,/eml:eml/dataset/spatialRaster/attributeList/attribute/measurementScale/interval/unit/customUnit
KUBI,03951-metadata.xml,/eml:eml/dataset/spatialRaster/attributeList/attribute/measurementScale/interval/numericDomain/numberType
KUBI,03951-metadata.xml,/eml:eml/dataset/spatialRaster/attributeList/attribute/measurementScale/interval/numericDomain/bounds/minimum
KUBI,03951-metadata.xml,/eml:eml/dataset/spatialRaster/attributeList/attribute/measurementScale/interval/numericDomain/bounds/minimum/@exclusive
KUBI,03951-metadata.xml,/eml:eml/dataset/spatialRaster/attributeList/attribute/measurementScale/interval/numericDomain/bounds/maximum
KUBI,03951-metadata.xml,/eml:eml/dataset/spatialRaster/attributeList/attribute/measurementScale/interval/numericDomain/bounds/maximum/@exclusive
KUBI,03951-metadata.xml,/eml:eml/dataset/spatialRaster/spatialReference/horizCoordSysDef/@name
KUBI,03951-metadata.xml,/eml:eml/dataset/spatialRaster/spatialReference/horizCoordSysDef/geogCoordSys/datum/@name
KUBI,03951-metadata.xml,/eml:eml/dataset/spatialRaster/spatialReference/horizCoordSysDef/geogCoordSys/spheroid/@denomFlatRatio
KUBI,03951-metadata.xml,/eml:eml/dataset/spatialRaster/spatialReference/horizCoordSysDef/geogCoordSys/spheroid/@name
KUBI,03951-metadata.xml,/eml:eml/dataset/spatialRaster/spatialReference/horizCoordSysDef/geogCoordSys/spheroid/@semiAxisMajor
KUBI,03951-metadata.xml,/eml:eml/dataset/spatialRaster/spatialReference/horizCoordSysDef/geogCoordSys/primeMeridian/@longitude
KUBI,03951-metadata.xml,/eml:eml/dataset/spatialRaster/spatialReference/horizCoordSysDef/geogCoordSys/primeMeridian/@name
KUBI,03951-metadata.xml,/eml:eml/dataset/spatialRaster/spatialReference/horizCoordSysDef/geogCoordSys/unit/@name
KUBI,03951-metadata.xml,/eml:eml/dataset/spatialRaster/horizontalAccuracy/accuracyReport
KUBI,03951-metadata.xml,/eml:eml/dataset/spatialRaster/verticalAccuracy/accuracyReport
KUBI,03951-metadata.xml,/eml:eml/dataset/spatialRaster/cellSizeXDirection
KUBI,03951-metadata.xml,/eml:eml/dataset/spatialRaster/cellSizeYDirection
KUBI,03951-metadata.xml,/eml:eml/dataset/spatialRaster/numberOfBands
KUBI,03951-metadata.xml,/eml:eml/dataset/spatialRaster/rasterOrigin
KUBI,03951-metadata.xml,/eml:eml/dataset/spatialRaster/rows
KUBI,03951-metadata.xml,/eml:eml/dataset/spatialRaster/columns
KUBI,03951-metadata.xml,/eml:eml/dataset/spatialRaster/verticals
KUBI,03951-metadata.xml,/eml:eml/dataset/spatialRaster/cellGeometry
KUBI,03951-metadata.xml,/eml:eml/additionalMetadata/metadata/unitList/ns2:unit/@id
KUBI,03951-metadata.xml,/eml:eml/additionalMetadata/metadata/unitList/ns2:unit/@multiplierToSI
KUBI,03951-metadata.xml,/eml:eml/additionalMetadata/metadata/unitList/ns2:unit/@parentSI
KUBI,03951-metadata.xml,/eml:eml/additionalMetadata/metadata/unitList/ns2:unit/ns2:description
KUBI,03952-metadata.xml,/eml:eml/@packageId
KUBI,03952-metadata.xml,/eml:eml/@system
KUBI,03952-metadata.xml,/eml:eml/@xsi:schemaLocation
KUBI,03952-metadata.xml,/eml:eml/dataset/title
KUBI,03952-metadata.xml,/eml:eml/dataset/creator/organizationName
KUBI,03952-metadata.xml,/eml:eml/dataset/keywordSet/keyword
KUBI,03952-metadata.xml,/eml:eml/dataset/keywordSet/keyword
KUBI,03952-metadata.xml,/eml:eml/dataset/keywordSet/keyword
KUBI,03952-metadata.xml,/eml:eml/dataset/coverage/geographicCoverage/geographicDescription
KUBI,03952-metadata.xml,/eml:eml/dataset/coverage/geographicCoverage/boundingCoordinates/westBoundingCoordinate
KUBI,03952-metadata.xml,/eml:eml/dataset/coverage/geographicCoverage/boundingCoordinates/eastBoundingCoordinate
KUBI,03952-metadata.xml,/eml:eml/dataset/coverage/geographicCoverage/boundingCoordinates/northBoundingCoordinate
KUBI,03952-metadata.xml,/eml:eml/dataset/coverage/geographicCoverage/boundingCoordinates/southBoundingCoordinate
KUBI,03952-metadata.xml,/eml:eml/dataset/coverage/temporalCoverage/rangeOfDates/beginDate/calendarDate
KUBI,03952-metadata.xml,/eml:eml/dataset/coverage/temporalCoverage/rangeOfDates/endDate/calendarDate
KUBI,03952-metadata.xml,/eml:eml/dataset/contact/organizationName
KUBI,03952-metadata.xml,/eml:eml/dataset/contact/address/deliveryPoint
KUBI,03952-metadata.xml,/eml:eml/dataset/contact/address/city
KUBI,03952-metadata.xml,/eml:eml/dataset/contact/address/administrativeArea
KUBI,03952-metadata.xml,/eml:eml/dataset/contact/address/postalCode
KUBI,03952-metadata.xml,/eml:eml/dataset/contact/address/country
KUBI,03952-metadata.xml,/eml:eml/dataset/contact/electronicMailAddress
KUBI,03952-metadata.xml,/eml:eml/dataset/contact/onlineUrl
KUBI,03952-metadata.xml,/eml:eml/dataset/spatialRaster/entityName
KUBI,03952-metadata.xml,/eml:eml/dataset/spatialRaster/physical/objectName
KUBI,03952-metadata.xml,/eml:eml/dataset/spatialRaster/physical/dataFormat/externallyDefinedFormat/formatName
KUBI,03952-metadata.xml,/eml:eml/dataset/spatialRaster/physical/distribution/online/url
KUBI,03952-metadata.xml,/eml:eml/dataset/spatialRaster/physical/distribution/online/url/@function
KUBI,03952-metadata.xml,/eml:eml/dataset/spatialRaster/attributeList/attribute/attributeName
KUBI,03952-metadata.xml,/eml:eml/dataset/spatialRaster/attributeList/attribute/attributeDefinition
KUBI,03952-metadata.xml,/eml:eml/dataset/spatialRaster/attributeList/attribute/storageType
KUBI,03952-metadata.xml,/eml:eml/dataset/spatialRaster/attributeList/attribute/measurementScale/interval/unit/standardUnit
KUBI,03952-metadata.xml,/eml:eml/dataset/spatialRaster/attributeList/attribute/measurementScale/interval/numericDomain/numberType
KUBI,03952-metadata.xml,/eml:eml/dataset/spatialRaster/attributeList/attribute/measurementScale/interval/numericDomain/bounds/minimum
KUBI,03952-metadata.xml,/eml:eml/dataset/spatialRaster/attributeList/attribute/measurementScale/interval/numericDomain/bounds/minimum/@exclusive
KUBI,03952-metadata.xml,/eml:eml/dataset/spatialRaster/attributeList/attribute/measurementScale/interval/numericDomain/bounds/maximum
KUBI,03952-metadata.xml,/eml:eml/dataset/spatialRaster/attributeList/attribute/measurementScale/interval/numericDomain/bounds/maximum/@exclusive
KUBI,03952-metadata.xml,/eml:eml/dataset/spatialRaster/spatialReference/horizCoordSysDef/@name
KUBI,03952-metadata.xml,/eml:eml/dataset/spatialRaster/spatialReference/horizCoordSysDef/geogCoordSys/datum/@name
KUBI,03952-metadata.xml,/eml:eml/dataset/spatialRaster/spatialReference/horizCoordSysDef/geogCoordSys/spheroid/@denomFlatRatio
KUBI,03952-metadata.xml,/eml:eml/dataset/spatialRaster/spatialReference/horizCoordSysDef/geogCoordSys/spheroid/@name
KUBI,03952-metadata.xml,/eml:eml/dataset/spatialRaster/spatialReference/horizCoordSysDef/geogCoordSys/spheroid/@semiAxisMajor
KUBI,03952-metadata.xml,/eml:eml/dataset/spatialRaster/spatialReference/horizCoordSysDef/geogCoordSys/primeMeridian/@longitude
KUBI,03952-metadata.xml,/eml:eml/dataset/spatialRaster/spatialReference/horizCoordSysDef/geogCoordSys/primeMeridian/@name
KUBI,03952-metadata.xml,/eml:eml/dataset/spatialRaster/spatialReference/horizCoordSysDef/geogCoordSys/unit/@name
KUBI,03952-metadata.xml,/eml:eml/dataset/spatialRaster/horizontalAccuracy/accuracyReport
KUBI,03952-metadata.xml,/eml:eml/dataset/spatialRaster/verticalAccuracy/accuracyReport
KUBI,03952-metadata.xml,/eml:eml/dataset/spatialRaster/cellSizeXDirection
KUBI,03952-metadata.xml,/eml:eml/dataset/spatialRaster/cellSizeYDirection
KUBI,03952-metadata.xml,/eml:eml/dataset/spatialRaster/numberOfBands
KUBI,03952-metadata.xml,/eml:eml/dataset/spatialRaster/rasterOrigin
KUBI,03952-metadata.xml,/eml:eml/dataset/spatialRaster/rows
KUBI,03952-metadata.xml,/eml:eml/dataset/spatialRaster/columns
KUBI,03952-metadata.xml,/eml:eml/dataset/spatialRaster/verticals
KUBI,03952-metadata.xml,/eml:eml/dataset/spatialRaster/cellGeometry
KUBI,03953-metadata.xml,/eml:eml/@packageId
KUBI,03953-metadata.xml,/eml:eml/@system
KUBI,03953-metadata.xml,/eml:eml/@xsi:schemaLocation
KUBI,03953-metadata.xml,/eml:eml/dataset/title
KUBI,03953-metadata.xml,/eml:eml/dataset/creator/organizationName
KUBI,03953-metadata.xml,/eml:eml/dataset/keywordSet/keyword
KUBI,03953-metadata.xml,/eml:eml/dataset/keywordSet/keyword
KUBI,03953-metadata.xml,/eml:eml/dataset/keywordSet/keyword
KUBI,03953-metadata.xml,/eml:eml/dataset/keywordSet/keyword
KUBI,03953-metadata.xml,/eml:eml/dataset/coverage/geographicCoverage/geographicDescription
KUBI,03953-metadata.xml,/eml:eml/dataset/coverage/geographicCoverage/boundingCoordinates/westBoundingCoordinate
KUBI,03953-metadata.xml,/eml:eml/dataset/coverage/geographicCoverage/boundingCoordinates/eastBoundingCoordinate
KUBI,03953-metadata.xml,/eml:eml/dataset/coverage/geographicCoverage/boundingCoordinates/northBoundingCoordinate
KUBI,03953-metadata.xml,/eml:eml/dataset/coverage/geographicCoverage/boundingCoordinates/southBoundingCoordinate
KUBI,03953-metadata.xml,/eml:eml/dataset/coverage/temporalCoverage/rangeOfDates/beginDate/calendarDate
KUBI,03953-metadata.xml,/eml:eml/dataset/coverage/temporalCoverage/rangeOfDates/endDate/calendarDate
KUBI,03953-metadata.xml,/eml:eml/dataset/contact/organizationName
KUBI,03953-metadata.xml,/eml:eml/dataset/contact/address/deliveryPoint
KUBI,03953-metadata.xml,/eml:eml/dataset/contact/address/city
KUBI,03953-metadata.xml,/eml:eml/dataset/contact/address/administrativeArea
KUBI,03953-metadata.xml,/eml:eml/dataset/contact/address/postalCode
KUBI,03953-metadata.xml,/eml:eml/dataset/contact/address/country
KUBI,03953-metadata.xml,/eml:eml/dataset/contact/electronicMailAddress
KUBI,03953-metadata.xml,/eml:eml/dataset/contact/onlineUrl
KUBI,03953-metadata.xml,/eml:eml/dataset/spatialRaster/entityName
KUBI,03953-metadata.xml,/eml:eml/dataset/spatialRaster/physical/objectName
KUBI,03953-metadata.xml,/eml:eml/dataset/spatialRaster/physical/dataFormat/externallyDefinedFormat/formatName
KUBI,03953-metadata.xml,/eml:eml/dataset/spatialRaster/physical/distribution/online/url
KUBI,03953-metadata.xml,/eml:eml/dataset/spatialRaster/physical/distribution/online/url/@function
KUBI,03953-metadata.xml,/eml:eml/dataset/spatialRaster/attributeList/attribute/attributeName
KUBI,03953-metadata.xml,/eml:eml/dataset/spatialRaster/attributeList/attribute/attributeDefinition
KUBI,03953-metadata.xml,/eml:eml/dataset/spatialRaster/attributeList/attribute/storageType
KUBI,03953-metadata.xml,/eml:eml/dataset/spatialRaster/attributeList/attribute/measurementScale/interval/unit/customUnit
KUBI,03953-metadata.xml,/eml:eml/dataset/spatialRaster/attributeList/attribute/measurementScale/interval/numericDomain/numberType
KUBI,03953-metadata.xml,/eml:eml/dataset/spatialRaster/attributeList/attribute/measurementScale/interval/numericDomain/bounds/minimum
KUBI,03953-metadata.xml,/eml:eml/dataset/spatialRaster/attributeList/attribute/measurementScale/interval/numericDomain/bounds/minimum/@exclusive
KUBI,03953-metadata.xml,/eml:eml/dataset/spatialRaster/attributeList/attribute/measurementScale/interval/numericDomain/bounds/maximum
KUBI,03953-metadata.xml,/eml:eml/dataset/spatialRaster/attributeList/attribute/measurementScale/interval/numericDomain/bounds/maximum/@exclusive
KUBI,03953-metadata.xml,/eml:eml/dataset/spatialRaster/spatialReference/horizCoordSysDef/@name
KUBI,03953-metadata.xml,/eml:eml/dataset/spatialRaster/spatialReference/horizCoordSysDef/geogCoordSys/datum/@name
KUBI,03953-metadata.xml,/eml:eml/dataset/spatialRaster/spatialReference/horizCoordSysDef/geogCoordSys/spheroid/@denomFlatRatio
KUBI,03953-metadata.xml,/eml:eml/dataset/spatialRaster/spatialReference/horizCoordSysDef/geogCoordSys/spheroid/@name
KUBI,03953-metadata.xml,/eml:eml/dataset/spatialRaster/spatialReference/horizCoordSysDef/geogCoordSys/spheroid/@semiAxisMajor
KUBI,03953-metadata.xml,/eml:eml/dataset/spatialRaster/spatialReference/horizCoordSysDef/geogCoordSys/primeMeridian/@longitude
KUBI,03953-metadata.xml,/eml:eml/dataset/spatialRaster/spatialReference/horizCoordSysDef/geogCoordSys/primeMeridian/@name
KUBI,03953-metadata.xml,/eml:eml/dataset/spatialRaster/spatialReference/horizCoordSysDef/geogCoordSys/unit/@name
KUBI,03953-metadata.xml,/eml:eml/dataset/spatialRaster/horizontalAccuracy/accuracyReport
KUBI,03953-metadata.xml,/eml:eml/dataset/spatialRaster/verticalAccuracy/accuracyReport
KUBI,03953-metadata.xml,/eml:eml/dataset/spatialRaster/cellSizeXDirection
KUBI,03953-metadata.xml,/eml:eml/dataset/spatialRaster/cellSizeYDirection
KUBI,03953-metadata.xml,/eml:eml/dataset/spatialRaster/numberOfBands
KUBI,03953-metadata.xml,/eml:eml/dataset/spatialRaster/rasterOrigin
KUBI,03953-metadata.xml,/eml:eml/dataset/spatialRaster/rows
KUBI,03953-metadata.xml,/eml:eml/dataset/spatialRaster/columns
KUBI,03953-metadata.xml,/eml:eml/dataset/spatialRaster/verticals
KUBI,03953-metadata.xml,/eml:eml/dataset/spatialRaster/cellGeometry
KUBI,03953-metadata.xml,/eml:eml/additionalMetadata/metadata/unitList/ns2:unit/@id
KUBI,03953-metadata.xml,/eml:eml/additionalMetadata/metadata/unitList/ns2:unit/@multiplierToSI
KUBI,03953-metadata.xml,/eml:eml/additionalMetadata/metadata/unitList/ns2:unit/@parentSI
KUBI,03953-metadata.xml,/eml:eml/additionalMetadata/metadata/unitList/ns2:unit/ns2:description
KUBI,03954-metadata.xml,/eml:eml/@packageId
KUBI,03954-metadata.xml,/eml:eml/@system
KUBI,03954-metadata.xml,/eml:eml/@xsi:schemaLocation
KUBI,03954-metadata.xml,/eml:eml/dataset/title
KUBI,03954-metadata.xml,/eml:eml/dataset/creator/organizationName
KUBI,03954-metadata.xml,/eml:eml/dataset/keywordSet/keyword
KUBI,03954-metadata.xml,/eml:eml/dataset/keywordSet/keyword
KUBI,03954-metadata.xml,/eml:eml/dataset/keywordSet/keyword
KUBI,03954-metadata.xml,/eml:eml/dataset/keywordSet/keyword
KUBI,03954-metadata.xml,/eml:eml/dataset/keywordSet/keyword
KUBI,03954-metadata.xml,/eml:eml/dataset/coverage/geographicCoverage/geographicDescription
KUBI,03954-metadata.xml,/eml:eml/dataset/coverage/geographicCoverage/boundingCoordinates/westBoundingCoordinate
KUBI,03954-metadata.xml,/eml:eml/dataset/coverage/geographicCoverage/boundingCoordinates/eastBoundingCoordinate
KUBI,03954-metadata.xml,/eml:eml/dataset/coverage/geographicCoverage/boundingCoordinates/northBoundingCoordinate
KUBI,03954-metadata.xml,/eml:eml/dataset/coverage/geographicCoverage/boundingCoordinates/southBoundingCoordinate
KUBI,03954-metadata.xml,/eml:eml/dataset/coverage/temporalCoverage/rangeOfDates/beginDate/calendarDate
KUBI,03954-metadata.xml,/eml:eml/dataset/coverage/temporalCoverage/rangeOfDates/endDate/calendarDate
KUBI,03954-metadata.xml,/eml:eml/dataset/contact/organizationName
KUBI,03954-metadata.xml,/eml:eml/dataset/contact/address/deliveryPoint
KUBI,03954-metadata.xml,/eml:eml/dataset/contact/address/city
KUBI,03954-metadata.xml,/eml:eml/dataset/contact/address/administrativeArea
KUBI,03954-metadata.xml,/eml:eml/dataset/contact/address/postalCode
KUBI,03954-metadata.xml,/eml:eml/dataset/contact/address/country
KUBI,03954-metadata.xml,/eml:eml/dataset/contact/electronicMailAddress
KUBI,03954-metadata.xml,/eml:eml/dataset/contact/onlineUrl
KUBI,03954-metadata.xml,/eml:eml/dataset/spatialRaster/entityName
KUBI,03954-metadata.xml,/eml:eml/dataset/spatialRaster/physical/objectName
KUBI,03954-metadata.xml,/eml:eml/dataset/spatialRaster/physical/dataFormat/externallyDefinedFormat/formatName
KUBI,03954-metadata.xml,/eml:eml/dataset/spatialRaster/physical/distribution/online/url
KUBI,03954-metadata.xml,/eml:eml/dataset/spatialRaster/physical/distribution/online/url/@function
KUBI,03954-metadata.xml,/eml:eml/dataset/spatialRaster/attributeList/attribute/attributeName
KUBI,03954-metadata.xml,/eml:eml/dataset/spatialRaster/attributeList/attribute/attributeDefinition
KUBI,03954-metadata.xml,/eml:eml/dataset/spatialRaster/attributeList/attribute/storageType
KUBI,03954-metadata.xml,/eml:eml/dataset/spatialRaster/attributeList/attribute/measurementScale/interval/unit/customUnit
KUBI,03954-metadata.xml,/eml:eml/dataset/spatialRaster/attributeList/attribute/measurementScale/interval/numericDomain/numberType
KUBI,03954-metadata.xml,/eml:eml/dataset/spatialRaster/attributeList/attribute/measurementScale/interval/numericDomain/bounds/minimum
KUBI,03954-metadata.xml,/eml:eml/dataset/spatialRaster/attributeList/attribute/measurementScale/interval/numericDomain/bounds/minimum/@exclusive
KUBI,03954-metadata.xml,/eml:eml/dataset/spatialRaster/attributeList/attribute/measurementScale/interval/numericDomain/bounds/maximum
KUBI,03954-metadata.xml,/eml:eml/dataset/spatialRaster/attributeList/attribute/measurementScale/interval/numericDomain/bounds/maximum/@exclusive
KUBI,03954-metadata.xml,/eml:eml/dataset/spatialRaster/spatialReference/horizCoordSysDef/@name
KUBI,03954-metadata.xml,/eml:eml/dataset/spatialRaster/spatialReference/horizCoordSysDef/geogCoordSys/datum/@name
KUBI,03954-metadata.xml,/eml:eml/dataset/spatialRaster/spatialReference/horizCoordSysDef/geogCoordSys/spheroid/@denomFlatRatio
KUBI,03954-metadata.xml,/eml:eml/dataset/spatialRaster/spatialReference/horizCoordSysDef/geogCoordSys/spheroid/@name
KUBI,03954-metadata.xml,/eml:eml/dataset/spatialRaster/spatialReference/horizCoordSysDef/geogCoordSys/spheroid/@semiAxisMajor
KUBI,03954-metadata.xml,/eml:eml/dataset/spatialRaster/spatialReference/horizCoordSysDef/geogCoordSys/primeMeridian/@longitude
KUBI,03954-metadata.xml,/eml:eml/dataset/spatialRaster/spatialReference/horizCoordSysDef/geogCoordSys/primeMeridian/@name
KUBI,03954-metadata.xml,/eml:eml/dataset/spatialRaster/spatialReference/horizCoordSysDef/geogCoordSys/unit/@name
KUBI,03954-metadata.xml,/eml:eml/dataset/spatialRaster/horizontalAccuracy/accuracyReport
KUBI,03954-metadata.xml,/eml:eml/dataset/spatialRaster/verticalAccuracy/accuracyReport
KUBI,03954-metadata.xml,/eml:eml/dataset/spatialRaster/cellSizeXDirection
KUBI,03954-metadata.xml,/eml:eml/dataset/spatialRaster/cellSizeYDirection
KUBI,03954-metadata.xml,/eml:eml/dataset/spatialRaster/numberOfBands
KUBI,03954-metadata.xml,/eml:eml/dataset/spatialRaster/rasterOrigin
KUBI,03954-metadata.xml,/eml:eml/dataset/spatialRaster/rows
KUBI,03954-metadata.xml,/eml:eml/dataset/spatialRaster/columns
KUBI,03954-metadata.xml,/eml:eml/dataset/spatialRaster/verticals
KUBI,03954-metadata.xml,/eml:eml/dataset/spatialRaster/cellGeometry
KUBI,03954-metadata.xml,/eml:eml/additionalMetadata/metadata/unitList/ns2:unit/@id
KUBI,03954-metadata.xml,/eml:eml/additionalMetadata/metadata/unitList/ns2:unit/@multiplierToSI
KUBI,03954-metadata.xml,/eml:eml/additionalMetadata/metadata/unitList/ns2:unit/@parentSI
KUBI,03954-metadata.xml,/eml:eml/additionalMetadata/metadata/unitList/ns2:unit/ns2:description
KUBI,03955-metadata.xml,/eml:eml/@packageId
KUBI,03955-metadata.xml,/eml:eml/@system
KUBI,03955-metadata.xml,/eml:eml/@xsi:schemaLocation
KUBI,03955-metadata.xml,/eml:eml/dataset/title
KUBI,03955-metadata.xml,/eml:eml/dataset/creator/organizationName
KUBI,03955-metadata.xml,/eml:eml/dataset/keywordSet/keyword
KUBI,03955-metadata.xml,/eml:eml/dataset/keywordSet/keyword
KUBI,03955-metadata.xml,/eml:eml/dataset/keywordSet/keyword
KUBI,03955-metadata.xml,/eml:eml/dataset/coverage/geographicCoverage/geographicDescription
KUBI,03955-metadata.xml,/eml:eml/dataset/coverage/geographicCoverage/boundingCoordinates/westBoundingCoordinate
KUBI,03955-metadata.xml,/eml:eml/dataset/coverage/geographicCoverage/boundingCoordinates/eastBoundingCoordinate
KUBI,03955-metadata.xml,/eml:eml/dataset/coverage/geographicCoverage/boundingCoordinates/northBoundingCoordinate
KUBI,03955-metadata.xml,/eml:eml/dataset/coverage/geographicCoverage/boundingCoordinates/southBoundingCoordinate
KUBI,03955-metadata.xml,/eml:eml/dataset/coverage/temporalCoverage/rangeOfDates/beginDate/calendarDate
KUBI,03955-metadata.xml,/eml:eml/dataset/coverage/temporalCoverage/rangeOfDates/endDate/calendarDate
KUBI,03955-metadata.xml,/eml:eml/dataset/contact/organizationName
KUBI,03955-metadata.xml,/eml:eml/dataset/contact/address/deliveryPoint
KUBI,03955-metadata.xml,/eml:eml/dataset/contact/address/city
KUBI,03955-metadata.xml,/eml:eml/dataset/contact/address/administrativeArea
KUBI,03955-metadata.xml,/eml:eml/dataset/contact/address/postalCode
KUBI,03955-metadata.xml,/eml:eml/dataset/contact/address/country
KUBI,03955-metadata.xml,/eml:eml/dataset/contact/electronicMailAddress
KUBI,03955-metadata.xml,/eml:eml/dataset/contact/onlineUrl
KUBI,03955-metadata.xml,/eml:eml/dataset/spatialRaster/entityName
KUBI,03955-metadata.xml,/eml:eml/dataset/spatialRaster/physical/objectName
KUBI,03955-metadata.xml,/eml:eml/dataset/spatialRaster/physical/dataFormat/externallyDefinedFormat/formatName
KUBI,03955-metadata.xml,/eml:eml/dataset/spatialRaster/physical/distribution/online/url
KUBI,03955-metadata.xml,/eml:eml/dataset/spatialRaster/physical/distribution/online/url/@function
KUBI,03955-metadata.xml,/eml:eml/dataset/spatialRaster/attributeList/attribute/attributeName
KUBI,03955-metadata.xml,/eml:eml/dataset/spatialRaster/attributeList/attribute/attributeDefinition
KUBI,03955-metadata.xml,/eml:eml/dataset/spatialRaster/attributeList/attribute/storageType
KUBI,03955-metadata.xml,/eml:eml/dataset/spatialRaster/attributeList/attribute/measurementScale/interval/unit/standardUnit
KUBI,03955-metadata.xml,/eml:eml/dataset/spatialRaster/attributeList/attribute/measurementScale/interval/numericDomain/numberType
KUBI,03955-metadata.xml,/eml:eml/dataset/spatialRaster/attributeList/attribute/measurementScale/interval/numericDomain/bounds/minimum
KUBI,03955-metadata.xml,/eml:eml/dataset/spatialRaster/attributeList/attribute/measurementScale/interval/numericDomain/bounds/minimum/@exclusive
KUBI,03955-metadata.xml,/eml:eml/dataset/spatialRaster/attributeList/attribute/measurementScale/interval/numericDomain/bounds/maximum
KUBI,03955-metadata.xml,/eml:eml/dataset/spatialRaster/attributeList/attribute/measurementScale/interval/numericDomain/bounds/maximum/@exclusive
KUBI,03955-metadata.xml,/eml:eml/dataset/spatialRaster/spatialReference/horizCoordSysDef/@name
KUBI,03955-metadata.xml,/eml:eml/dataset/spatialRaster/spatialReference/horizCoordSysDef/geogCoordSys/datum/@name
KUBI,03955-metadata.xml,/eml:eml/dataset/spatialRaster/spatialReference/horizCoordSysDef/geogCoordSys/spheroid/@denomFlatRatio
KUBI,03955-metadata.xml,/eml:eml/dataset/spatialRaster/spatialReference/horizCoordSysDef/geogCoordSys/spheroid/@name
KUBI,03955-metadata.xml,/eml:eml/dataset/spatialRaster/spatialReference/horizCoordSysDef/geogCoordSys/spheroid/@semiAxisMajor
KUBI,03955-metadata.xml,/eml:eml/dataset/spatialRaster/spatialReference/horizCoordSysDef/geogCoordSys/primeMeridian/@longitude
KUBI,03955-metadata.xml,/eml:eml/dataset/spatialRaster/spatialReference/horizCoordSysDef/geogCoordSys/primeMeridian/@name
KUBI,03955-metadata.xml,/eml:eml/dataset/spatialRaster/spatialReference/horizCoordSysDef/geogCoordSys/unit/@name
KUBI,03955-metadata.xml,/eml:eml/dataset/spatialRaster/horizontalAccuracy/accuracyReport
KUBI,03955-metadata.xml,/eml:eml/dataset/spatialRaster/verticalAccuracy/accuracyReport
KUBI,03955-metadata.xml,/eml:eml/dataset/spatialRaster/cellSizeXDirection
KUBI,03955-metadata.xml,/eml:eml/dataset/spatialRaster/cellSizeYDirection
KUBI,03955-metadata.xml,/eml:eml/dataset/spatialRaster/numberOfBands
KUBI,03955-metadata.xml,/eml:eml/dataset/spatialRaster/rasterOrigin
KUBI,03955-metadata.xml,/eml:eml/dataset/spatialRaster/rows
KUBI,03955-metadata.xml,/eml:eml/dataset/spatialRaster/columns
KUBI,03955-metadata.xml,/eml:eml/dataset/spatialRaster/verticals
KUBI,03955-metadata.xml,/eml:eml/dataset/spatialRaster/cellGeometry
KUBI,03956-metadata.xml,/eml:eml/@packageId
KUBI,03956-metadata.xml,/eml:eml/@system
KUBI,03956-metadata.xml,/eml:eml/@xsi:schemaLocation
KUBI,03956-metadata.xml,/eml:eml/dataset/title
KUBI,03956-metadata.xml,/eml:eml/dataset/creator/organizationName
KUBI,03956-metadata.xml,/eml:eml/dataset/keywordSet/keyword
KUBI,03956-metadata.xml,/eml:eml/dataset/keywordSet/keyword
KUBI,03956-metadata.xml,/eml:eml/dataset/keywordSet/keyword
KUBI,03956-metadata.xml,/eml:eml/dataset/keywordSet/keyword
KUBI,03956-metadata.xml,/eml:eml/dataset/coverage/geographicCoverage/geographicDescription
KUBI,03956-metadata.xml,/eml:eml/dataset/coverage/geographicCoverage/boundingCoordinates/westBoundingCoordinate
KUBI,03956-metadata.xml,/eml:eml/dataset/coverage/geographicCoverage/boundingCoordinates/eastBoundingCoordinate
KUBI,03956-metadata.xml,/eml:eml/dataset/coverage/geographicCoverage/boundingCoordinates/northBoundingCoordinate
KUBI,03956-metadata.xml,/eml:eml/dataset/coverage/geographicCoverage/boundingCoordinates/southBoundingCoordinate
KUBI,03956-metadata.xml,/eml:eml/dataset/coverage/temporalCoverage/rangeOfDates/beginDate/calendarDate
KUBI,03956-metadata.xml,/eml:eml/dataset/coverage/temporalCoverage/rangeOfDates/endDate/calendarDate
KUBI,03956-metadata.xml,/eml:eml/dataset/contact/organizationName
KUBI,03956-metadata.xml,/eml:eml/dataset/contact/address/deliveryPoint
KUBI,03956-metadata.xml,/eml:eml/dataset/contact/address/city
KUBI,03956-metadata.xml,/eml:eml/dataset/contact/address/administrativeArea
KUBI,03956-metadata.xml,/eml:eml/dataset/contact/address/postalCode
KUBI,03956-metadata.xml,/eml:eml/dataset/contact/address/country
KUBI,03956-metadata.xml,/eml:eml/dataset/contact/electronicMailAddress
KUBI,03956-metadata.xml,/eml:eml/dataset/contact/onlineUrl
KUBI,03956-metadata.xml,/eml:eml/dataset/spatialRaster/entityName
KUBI,03956-metadata.xml,/eml:eml/dataset/spatialRaster/physical/objectName
KUBI,03956-metadata.xml,/eml:eml/dataset/spatialRaster/physical/dataFormat/externallyDefinedFormat/formatName
KUBI,03956-metadata.xml,/eml:eml/dataset/spatialRaster/physical/distribution/online/url
KUBI,03956-metadata.xml,/eml:eml/dataset/spatialRaster/physical/distribution/online/url/@function
KUBI,03956-metadata.xml,/eml:eml/dataset/spatialRaster/attributeList/attribute/attributeName
KUBI,03956-metadata.xml,/eml:eml/dataset/spatialRaster/attributeList/attribute/attributeDefinition
KUBI,03956-metadata.xml,/eml:eml/dataset/spatialRaster/attributeList/attribute/storageType
KUBI,03956-metadata.xml,/eml:eml/dataset/spatialRaster/attributeList/attribute/measurementScale/interval/unit/standardUnit
KUBI,03956-metadata.xml,/eml:eml/dataset/spatialRaster/attributeList/attribute/measurementScale/interval/numericDomain/numberType
KUBI,03956-metadata.xml,/eml:eml/dataset/spatialRaster/attributeList/attribute/measurementScale/interval/numericDomain/bounds/minimum
KUBI,03956-metadata.xml,/eml:eml/dataset/spatialRaster/attributeList/attribute/measurementScale/interval/numericDomain/bounds/minimum/@exclusive
KUBI,03956-metadata.xml,/eml:eml/dataset/spatialRaster/attributeList/attribute/measurementScale/interval/numericDomain/bounds/maximum
KUBI,03956-metadata.xml,/eml:eml/dataset/spatialRaster/attributeList/attribute/measurementScale/interval/numericDomain/bounds/maximum/@exclusive
KUBI,03956-metadata.xml,/eml:eml/dataset/spatialRaster/spatialReference/horizCoordSysDef/@name
KUBI,03956-metadata.xml,/eml:eml/dataset/spatialRaster/spatialReference/horizCoordSysDef/geogCoordSys/datum/@name
KUBI,03956-metadata.xml,/eml:eml/dataset/spatialRaster/spatialReference/horizCoordSysDef/geogCoordSys/spheroid/@denomFlatRatio
KUBI,03956-metadata.xml,/eml:eml/dataset/spatialRaster/spatialReference/horizCoordSysDef/geogCoordSys/spheroid/@name
KUBI,03956-metadata.xml,/eml:eml/dataset/spatialRaster/spatialReference/horizCoordSysDef/geogCoordSys/spheroid/@semiAxisMajor
KUBI,03956-metadata.xml,/eml:eml/dataset/spatialRaster/spatialReference/horizCoordSysDef/geogCoordSys/primeMeridian/@longitude
KUBI,03956-metadata.xml,/eml:eml/dataset/spatialRaster/spatialReference/horizCoordSysDef/geogCoordSys/primeMeridian/@name
KUBI,03956-metadata.xml,/eml:eml/dataset/spatialRaster/spatialReference/horizCoordSysDef/geogCoordSys/unit/@name
KUBI,03956-metadata.xml,/eml:eml/dataset/spatialRaster/horizontalAccuracy/accuracyReport
KUBI,03956-metadata.xml,/eml:eml/dataset/spatialRaster/verticalAccuracy/accuracyReport
KUBI,03956-metadata.xml,/eml:eml/dataset/spatialRaster/cellSizeXDirection
KUBI,03956-metadata.xml,/eml:eml/dataset/spatialRaster/cellSizeYDirection
KUBI,03956-metadata.xml,/eml:eml/dataset/spatialRaster/numberOfBands
KUBI,03956-metadata.xml,/eml:eml/dataset/spatialRaster/rasterOrigin
KUBI,03956-metadata.xml,/eml:eml/dataset/spatialRaster/rows
KUBI,03956-metadata.xml,/eml:eml/dataset/spatialRaster/columns
KUBI,03956-metadata.xml,/eml:eml/dataset/spatialRaster/verticals
KUBI,03956-metadata.xml,/eml:eml/dataset/spatialRaster/cellGeometry
KUBI,03957-metadata.xml,/eml:eml/@packageId
KUBI,03957-metadata.xml,/eml:eml/@system
KUBI,03957-metadata.xml,/eml:eml/@xsi:schemaLocation
KUBI,03957-metadata.xml,/eml:eml/dataset/title
KUBI,03957-metadata.xml,/eml:eml/dataset/creator/organizationName
KUBI,03957-metadata.xml,/eml:eml/dataset/keywordSet/keyword
KUBI,03957-metadata.xml,/eml:eml/dataset/keywordSet/keyword
KUBI,03957-metadata.xml,/eml:eml/dataset/keywordSet/keyword
KUBI,03957-metadata.xml,/eml:eml/dataset/keywordSet/keyword
KUBI,03957-metadata.xml,/eml:eml/dataset/coverage/geographicCoverage/geographicDescription
KUBI,03957-metadata.xml,/eml:eml/dataset/coverage/geographicCoverage/boundingCoordinates/westBoundingCoordinate
KUBI,03957-metadata.xml,/eml:eml/dataset/coverage/geographicCoverage/boundingCoordinates/eastBoundingCoordinate
KUBI,03957-metadata.xml,/eml:eml/dataset/coverage/geographicCoverage/boundingCoordinates/northBoundingCoordinate
KUBI,03957-metadata.xml,/eml:eml/dataset/coverage/geographicCoverage/boundingCoordinates/southBoundingCoordinate
KUBI,03957-metadata.xml,/eml:eml/dataset/coverage/temporalCoverage/rangeOfDates/beginDate/calendarDate
KUBI,03957-metadata.xml,/eml:eml/dataset/coverage/temporalCoverage/rangeOfDates/endDate/calendarDate
KUBI,03957-metadata.xml,/eml:eml/dataset/contact/organizationName
KUBI,03957-metadata.xml,/eml:eml/dataset/contact/address/deliveryPoint
KUBI,03957-metadata.xml,/eml:eml/dataset/contact/address/city
KUBI,03957-metadata.xml,/eml:eml/dataset/contact/address/administrativeArea
KUBI,03957-metadata.xml,/eml:eml/dataset/contact/address/postalCode
KUBI,03957-metadata.xml,/eml:eml/dataset/contact/address/country
KUBI,03957-metadata.xml,/eml:eml/dataset/contact/electronicMailAddress
KUBI,03957-metadata.xml,/eml:eml/dataset/contact/onlineUrl
KUBI,03957-metadata.xml,/eml:eml/dataset/spatialRaster/entityName
KUBI,03957-metadata.xml,/eml:eml/dataset/spatialRaster/physical/objectName
KUBI,03957-metadata.xml,/eml:eml/dataset/spatialRaster/physical/dataFormat/externallyDefinedFormat/formatName
KUBI,03957-metadata.xml,/eml:eml/dataset/spatialRaster/physical/distribution/online/url
KUBI,03957-metadata.xml,/eml:eml/dataset/spatialRaster/physical/distribution/online/url/@function
KUBI,03957-metadata.xml,/eml:eml/dataset/spatialRaster/attributeList/attribute/attributeName
KUBI,03957-metadata.xml,/eml:eml/dataset/spatialRaster/attributeList/attribute/attributeDefinition
KUBI,03957-metadata.xml,/eml:eml/dataset/spatialRaster/attributeList/attribute/storageType
KUBI,03957-metadata.xml,/eml:eml/dataset/spatialRaster/attributeList/attribute/measurementScale/interval/unit/standardUnit
KUBI,03957-metadata.xml,/eml:eml/dataset/spatialRaster/attributeList/attribute/measurementScale/interval/numericDomain/numberType
KUBI,03957-metadata.xml,/eml:eml/dataset/spatialRaster/attributeList/attribute/measurementScale/interval/numericDomain/bounds/minimum
KUBI,03957-metadata.xml,/eml:eml/dataset/spatialRaster/attributeList/attribute/measurementScale/interval/numericDomain/bounds/minimum/@exclusive
KUBI,03957-metadata.xml,/eml:eml/dataset/spatialRaster/attributeList/attribute/measurementScale/interval/numericDomain/bounds/maximum
KUBI,03957-metadata.xml,/eml:eml/dataset/spatialRaster/attributeList/attribute/measurementScale/interval/numericDomain/bounds/maximum/@exclusive
KUBI,03957-metadata.xml,/eml:eml/dataset/spatialRaster/spatialReference/horizCoordSysDef/@name
KUBI,03957-metadata.xml,/eml:eml/dataset/spatialRaster/spatialReference/horizCoordSysDef/geogCoordSys/datum/@name
KUBI,03957-metadata.xml,/eml:eml/dataset/spatialRaster/spatialReference/horizCoordSysDef/geogCoordSys/spheroid/@denomFlatRatio
KUBI,03957-metadata.xml,/eml:eml/dataset/spatialRaster/spatialReference/horizCoordSysDef/geogCoordSys/spheroid/@name
KUBI,03957-metadata.xml,/eml:eml/dataset/spatialRaster/spatialReference/horizCoordSysDef/geogCoordSys/spheroid/@semiAxisMajor
KUBI,03957-metadata.xml,/eml:eml/dataset/spatialRaster/spatialReference/horizCoordSysDef/geogCoordSys/primeMeridian/@longitude
KUBI,03957-metadata.xml,/eml:eml/dataset/spatialRaster/spatialReference/horizCoordSysDef/geogCoordSys/primeMeridian/@name
KUBI,03957-metadata.xml,/eml:eml/dataset/spatialRaster/spatialReference/horizCoordSysDef/geogCoordSys/unit/@name
KUBI,03957-metadata.xml,/eml:eml/dataset/spatialRaster/horizontalAccuracy/accuracyReport
KUBI,03957-metadata.xml,/eml:eml/dataset/spatialRaster/verticalAccuracy/accuracyReport
KUBI,03957-metadata.xml,/eml:eml/dataset/spatialRaster/cellSizeXDirection
KUBI,03957-metadata.xml,/eml:eml/dataset/spatialRaster/cellSizeYDirection
KUBI,03957-metadata.xml,/eml:eml/dataset/spatialRaster/numberOfBands
KUBI,03957-metadata.xml,/eml:eml/dataset/spatialRaster/rasterOrigin
KUBI,03957-metadata.xml,/eml:eml/dataset/spatialRaster/rows
KUBI,03957-metadata.xml,/eml:eml/dataset/spatialRaster/columns
KUBI,03957-metadata.xml,/eml:eml/dataset/spatialRaster/verticals
KUBI,03957-metadata.xml,/eml:eml/dataset/spatialRaster/cellGeometry
KUBI,03958-metadata.xml,/eml:eml/@packageId
KUBI,03958-metadata.xml,/eml:eml/@system
KUBI,03958-metadata.xml,/eml:eml/@xsi:schemaLocation
KUBI,03958-metadata.xml,/eml:eml/dataset/title
KUBI,03958-metadata.xml,/eml:eml/dataset/creator/organizationName
KUBI,03958-metadata.xml,/eml:eml/dataset/keywordSet/keyword
KUBI,03958-metadata.xml,/eml:eml/dataset/keywordSet/keyword
KUBI,03958-metadata.xml,/eml:eml/dataset/keywordSet/keyword
KUBI,03958-metadata.xml,/eml:eml/dataset/coverage/geographicCoverage/geographicDescription
KUBI,03958-metadata.xml,/eml:eml/dataset/coverage/geographicCoverage/boundingCoordinates/westBoundingCoordinate
KUBI,03958-metadata.xml,/eml:eml/dataset/coverage/geographicCoverage/boundingCoordinates/eastBoundingCoordinate
KUBI,03958-metadata.xml,/eml:eml/dataset/coverage/geographicCoverage/boundingCoordinates/northBoundingCoordinate
KUBI,03958-metadata.xml,/eml:eml/dataset/coverage/geographicCoverage/boundingCoordinates/southBoundingCoordinate
KUBI,03958-metadata.xml,/eml:eml/dataset/coverage/temporalCoverage/rangeOfDates/beginDate/calendarDate
KUBI,03958-metadata.xml,/eml:eml/dataset/coverage/temporalCoverage/rangeOfDates/endDate/calendarDate
KUBI,03958-metadata.xml,/eml:eml/dataset/contact/organizationName
KUBI,03958-metadata.xml,/eml:eml/dataset/contact/address/deliveryPoint
KUBI,03958-metadata.xml,/eml:eml/dataset/contact/address/city
KUBI,03958-metadata.xml,/eml:eml/dataset/contact/address/administrativeArea
KUBI,03958-metadata.xml,/eml:eml/dataset/contact/address/postalCode
KUBI,03958-metadata.xml,/eml:eml/dataset/contact/address/country
KUBI,03958-metadata.xml,/eml:eml/dataset/contact/electronicMailAddress
KUBI,03958-metadata.xml,/eml:eml/dataset/contact/onlineUrl
KUBI,03958-metadata.xml,/eml:eml/dataset/spatialRaster/entityName
KUBI,03958-metadata.xml,/eml:eml/dataset/spatialRaster/physical/objectName
KUBI,03958-metadata.xml,/eml:eml/dataset/spatialRaster/physical/dataFormat/externallyDefinedFormat/formatName
KUBI,03958-metadata.xml,/eml:eml/dataset/spatialRaster/physical/distribution/online/url
KUBI,03958-metadata.xml,/eml:eml/dataset/spatialRaster/physical/distribution/online/url/@function
KUBI,03958-metadata.xml,/eml:eml/dataset/spatialRaster/attributeList/attribute/attributeName
KUBI,03958-metadata.xml,/eml:eml/dataset/spatialRaster/attributeList/attribute/attributeDefinition
KUBI,03958-metadata.xml,/eml:eml/dataset/spatialRaster/attributeList/attribute/storageType
KUBI,03958-metadata.xml,/eml:eml/dataset/spatialRaster/attributeList/attribute/measurementScale/interval/unit/standardUnit
KUBI,03958-metadata.xml,/eml:eml/dataset/spatialRaster/attributeList/attribute/measurementScale/interval/numericDomain/numberType
KUBI,03958-metadata.xml,/eml:eml/dataset/spatialRaster/attributeList/attribute/measurementScale/interval/numericDomain/bounds/minimum
KUBI,03958-metadata.xml,/eml:eml/dataset/spatialRaster/attributeList/attribute/measurementScale/interval/numericDomain/bounds/minimum/@exclusive
KUBI,03958-metadata.xml,/eml:eml/dataset/spatialRaster/attributeList/attribute/measurementScale/interval/numericDomain/bounds/maximum
KUBI,03958-metadata.xml,/eml:eml/dataset/spatialRaster/attributeList/attribute/measurementScale/interval/numericDomain/bounds/maximum/@exclusive
KUBI,03958-metadata.xml,/eml:eml/dataset/spatialRaster/spatialReference/horizCoordSysDef/@name
KUBI,03958-metadata.xml,/eml:eml/dataset/spatialRaster/spatialReference/horizCoordSysDef/geogCoordSys/datum/@name
KUBI,03958-metadata.xml,/eml:eml/dataset/spatialRaster/spatialReference/horizCoordSysDef/geogCoordSys/spheroid/@denomFlatRatio
KUBI,03958-metadata.xml,/eml:eml/dataset/spatialRaster/spatialReference/horizCoordSysDef/geogCoordSys/spheroid/@name
KUBI,03958-metadata.xml,/eml:eml/dataset/spatialRaster/spatialReference/horizCoordSysDef/geogCoordSys/spheroid/@semiAxisMajor
KUBI,03958-metadata.xml,/eml:eml/dataset/spatialRaster/spatialReference/horizCoordSysDef/geogCoordSys/primeMeridian/@longitude
KUBI,03958-metadata.xml,/eml:eml/dataset/spatialRaster/spatialReference/horizCoordSysDef/geogCoordSys/primeMeridian/@name
KUBI,03958-metadata.xml,/eml:eml/dataset/spatialRaster/spatialReference/horizCoordSysDef/geogCoordSys/unit/@name
KUBI,03958-metadata.xml,/eml:eml/dataset/spatialRaster/horizontalAccuracy/accuracyReport
KUBI,03958-metadata.xml,/eml:eml/dataset/spatialRaster/verticalAccuracy/accuracyReport
KUBI,03958-metadata.xml,/eml:eml/dataset/spatialRaster/cellSizeXDirection
KUBI,03958-metadata.xml,/eml:eml/dataset/spatialRaster/cellSizeYDirection
KUBI,03958-metadata.xml,/eml:eml/dataset/spatialRaster/numberOfBands
KUBI,03958-metadata.xml,/eml:eml/dataset/spatialRaster/rasterOrigin
KUBI,03958-metadata.xml,/eml:eml/dataset/spatialRaster/rows
KUBI,03958-metadata.xml,/eml:eml/dataset/spatialRaster/columns
KUBI,03958-metadata.xml,/eml:eml/dataset/spatialRaster/verticals
KUBI,03958-metadata.xml,/eml:eml/dataset/spatialRaster/cellGeometry
KUBI,03959-metadata.xml,/eml:eml/@packageId
KUBI,03959-metadata.xml,/eml:eml/@system
KUBI,03959-metadata.xml,/eml:eml/@xsi:schemaLocation
KUBI,03959-metadata.xml,/eml:eml/dataset/title
KUBI,03959-metadata.xml,/eml:eml/dataset/creator/organizationName
KUBI,03959-metadata.xml,/eml:eml/dataset/keywordSet/keyword
KUBI,03959-metadata.xml,/eml:eml/dataset/keywordSet/keyword
KUBI,03959-metadata.xml,/eml:eml/dataset/keywordSet/keyword
KUBI,03959-metadata.xml,/eml:eml/dataset/keywordSet/keyword
KUBI,03959-metadata.xml,/eml:eml/dataset/coverage/geographicCoverage/geographicDescription
KUBI,03959-metadata.xml,/eml:eml/dataset/coverage/geographicCoverage/boundingCoordinates/westBoundingCoordinate
KUBI,03959-metadata.xml,/eml:eml/dataset/coverage/geographicCoverage/boundingCoordinates/eastBoundingCoordinate
KUBI,03959-metadata.xml,/eml:eml/dataset/coverage/geographicCoverage/boundingCoordinates/northBoundingCoordinate
KUBI,03959-metadata.xml,/eml:eml/dataset/coverage/geographicCoverage/boundingCoordinates/southBoundingCoordinate
KUBI,03959-metadata.xml,/eml:eml/dataset/coverage/temporalCoverage/rangeOfDates/beginDate/calendarDate
KUBI,03959-metadata.xml,/eml:eml/dataset/coverage/temporalCoverage/rangeOfDates/endDate/calendarDate
KUBI,03959-metadata.xml,/eml:eml/dataset/contact/organizationName
KUBI,03959-metadata.xml,/eml:eml/dataset/contact/address/deliveryPoint
KUBI,03959-metadata.xml,/eml:eml/dataset/contact/address/city
KUBI,03959-metadata.xml,/eml:eml/dataset/contact/address/administrativeArea
KUBI,03959-metadata.xml,/eml:eml/dataset/contact/address/postalCode
KUBI,03959-metadata.xml,/eml:eml/dataset/contact/address/country
KUBI,03959-metadata.xml,/eml:eml/dataset/contact/electronicMailAddress
KUBI,03959-metadata.xml,/eml:eml/dataset/contact/onlineUrl
KUBI,03959-metadata.xml,/eml:eml/dataset/spatialRaster/entityName
KUBI,03959-metadata.xml,/eml:eml/dataset/spatialRaster/physical/objectName
KUBI,03959-metadata.xml,/eml:eml/dataset/spatialRaster/physical/dataFormat/externallyDefinedFormat/formatName
KUBI,03959-metadata.xml,/eml:eml/dataset/spatialRaster/physical/distribution/online/url
KUBI,03959-metadata.xml,/eml:eml/dataset/spatialRaster/physical/distribution/online/url/@function
KUBI,03959-metadata.xml,/eml:eml/dataset/spatialRaster/attributeList/attribute/attributeName
KUBI,03959-metadata.xml,/eml:eml/dataset/spatialRaster/attributeList/attribute/attributeDefinition
KUBI,03959-metadata.xml,/eml:eml/dataset/spatialRaster/attributeList/attribute/storageType
KUBI,03959-metadata.xml,/eml:eml/dataset/spatialRaster/attributeList/attribute/measurementScale/interval/unit/customUnit
KUBI,03959-metadata.xml,/eml:eml/dataset/spatialRaster/attributeList/attribute/measurementScale/interval/numericDomain/numberType
KUBI,03959-metadata.xml,/eml:eml/dataset/spatialRaster/attributeList/attribute/measurementScale/interval/numericDomain/bounds/minimum
KUBI,03959-metadata.xml,/eml:eml/dataset/spatialRaster/attributeList/attribute/measurementScale/interval/numericDomain/bounds/minimum/@exclusive
KUBI,03959-metadata.xml,/eml:eml/dataset/spatialRaster/attributeList/attribute/measurementScale/interval/numericDomain/bounds/maximum
KUBI,03959-metadata.xml,/eml:eml/dataset/spatialRaster/attributeList/attribute/measurementScale/interval/numericDomain/bounds/maximum/@exclusive
KUBI,03959-metadata.xml,/eml:eml/dataset/spatialRaster/spatialReference/horizCoordSysDef/@name
KUBI,03959-metadata.xml,/eml:eml/dataset/spatialRaster/spatialReference/horizCoordSysDef/geogCoordSys/datum/@name
KUBI,03959-metadata.xml,/eml:eml/dataset/spatialRaster/spatialReference/horizCoordSysDef/geogCoordSys/spheroid/@denomFlatRatio
KUBI,03959-metadata.xml,/eml:eml/dataset/spatialRaster/spatialReference/horizCoordSysDef/geogCoordSys/spheroid/@name
KUBI,03959-metadata.xml,/eml:eml/dataset/spatialRaster/spatialReference/horizCoordSysDef/geogCoordSys/spheroid/@semiAxisMajor
KUBI,03959-metadata.xml,/eml:eml/dataset/spatialRaster/spatialReference/horizCoordSysDef/geogCoordSys/primeMeridian/@longitude
KUBI,03959-metadata.xml,/eml:eml/dataset/spatialRaster/spatialReference/horizCoordSysDef/geogCoordSys/primeMeridian/@name
KUBI,03959-metadata.xml,/eml:eml/dataset/spatialRaster/spatialReference/horizCoordSysDef/geogCoordSys/unit/@name
KUBI,03959-metadata.xml,/eml:eml/dataset/spatialRaster/horizontalAccuracy/accuracyReport
KUBI,03959-metadata.xml,/eml:eml/dataset/spatialRaster/verticalAccuracy/accuracyReport
KUBI,03959-metadata.xml,/eml:eml/dataset/spatialRaster/cellSizeXDirection
KUBI,03959-metadata.xml,/eml:eml/dataset/spatialRaster/cellSizeYDirection
KUBI,03959-metadata.xml,/eml:eml/dataset/spatialRaster/numberOfBands
KUBI,03959-metadata.xml,/eml:eml/dataset/spatialRaster/rasterOrigin
KUBI,03959-metadata.xml,/eml:eml/dataset/spatialRaster/rows
KUBI,03959-metadata.xml,/eml:eml/dataset/spatialRaster/columns
KUBI,03959-metadata.xml,/eml:eml/dataset/spatialRaster/verticals
KUBI,03959-metadata.xml,/eml:eml/dataset/spatialRaster/cellGeometry
KUBI,03959-metadata.xml,/eml:eml/additionalMetadata/metadata/unitList/ns2:unit/@id
KUBI,03959-metadata.xml,/eml:eml/additionalMetadata/metadata/unitList/ns2:unit/ns2:description
KUBI,03960-metadata.xml,/eml:eml/@packageId
KUBI,03960-metadata.xml,/eml:eml/@system
KUBI,03960-metadata.xml,/eml:eml/@xsi:schemaLocation
KUBI,03960-metadata.xml,/eml:eml/dataset/title
KUBI,03960-metadata.xml,/eml:eml/dataset/creator/organizationName
KUBI,03960-metadata.xml,/eml:eml/dataset/keywordSet/keyword
KUBI,03960-metadata.xml,/eml:eml/dataset/keywordSet/keyword
KUBI,03960-metadata.xml,/eml:eml/dataset/keywordSet/keyword
KUBI,03960-metadata.xml,/eml:eml/dataset/keywordSet/keyword
KUBI,03960-metadata.xml,/eml:eml/dataset/coverage/geographicCoverage/geographicDescription
KUBI,03960-metadata.xml,/eml:eml/dataset/coverage/geographicCoverage/boundingCoordinates/westBoundingCoordinate
KUBI,03960-metadata.xml,/eml:eml/dataset/coverage/geographicCoverage/boundingCoordinates/eastBoundingCoordinate
KUBI,03960-metadata.xml,/eml:eml/dataset/coverage/geographicCoverage/boundingCoordinates/northBoundingCoordinate
KUBI,03960-metadata.xml,/eml:eml/dataset/coverage/geographicCoverage/boundingCoordinates/southBoundingCoordinate
KUBI,03960-metadata.xml,/eml:eml/dataset/coverage/temporalCoverage/rangeOfDates/beginDate/calendarDate
KUBI,03960-metadata.xml,/eml:eml/dataset/coverage/temporalCoverage/rangeOfDates/endDate/calendarDate
KUBI,03960-metadata.xml,/eml:eml/dataset/contact/organizationName
KUBI,03960-metadata.xml,/eml:eml/dataset/contact/address/deliveryPoint
KUBI,03960-metadata.xml,/eml:eml/dataset/contact/address/city
KUBI,03960-metadata.xml,/eml:eml/dataset/contact/address/administrativeArea
KUBI,03960-metadata.xml,/eml:eml/dataset/contact/address/postalCode
KUBI,03960-metadata.xml,/eml:eml/dataset/contact/address/country
KUBI,03960-metadata.xml,/eml:eml/dataset/contact/electronicMailAddress
KUBI,03960-metadata.xml,/eml:eml/dataset/contact/onlineUrl
KUBI,03960-metadata.xml,/eml:eml/dataset/spatialRaster/entityName
KUBI,03960-metadata.xml,/eml:eml/dataset/spatialRaster/physical/objectName
KUBI,03960-metadata.xml,/eml:eml/dataset/spatialRaster/physical/dataFormat/externallyDefinedFormat/formatName
KUBI,03960-metadata.xml,/eml:eml/dataset/spatialRaster/physical/distribution/online/url
KUBI,03960-metadata.xml,/eml:eml/dataset/spatialRaster/physical/distribution/online/url/@function
KUBI,03960-metadata.xml,/eml:eml/dataset/spatialRaster/attributeList/attribute/attributeName
KUBI,03960-metadata.xml,/eml:eml/dataset/spatialRaster/attributeList/attribute/attributeDefinition
KUBI,03960-metadata.xml,/eml:eml/dataset/spatialRaster/attributeList/attribute/storageType
KUBI,03960-metadata.xml,/eml:eml/dataset/spatialRaster/attributeList/attribute/measurementScale/interval/unit/customUnit
KUBI,03960-metadata.xml,/eml:eml/dataset/spatialRaster/attributeList/attribute/measurementScale/interval/numericDomain/numberType
KUBI,03960-metadata.xml,/eml:eml/dataset/spatialRaster/attributeList/attribute/measurementScale/interval/numericDomain/bounds/minimum
KUBI,03960-metadata.xml,/eml:eml/dataset/spatialRaster/attributeList/attribute/measurementScale/interval/numericDomain/bounds/minimum/@exclusive
KUBI,03960-metadata.xml,/eml:eml/dataset/spatialRaster/attributeList/attribute/measurementScale/interval/numericDomain/bounds/maximum
KUBI,03960-metadata.xml,/eml:eml/dataset/spatialRaster/attributeList/attribute/measurementScale/interval/numericDomain/bounds/maximum/@exclusive
KUBI,03960-metadata.xml,/eml:eml/dataset/spatialRaster/spatialReference/horizCoordSysDef/@name
KUBI,03960-metadata.xml,/eml:eml/dataset/spatialRaster/spatialReference/horizCoordSysDef/geogCoordSys/datum/@name
KUBI,03960-metadata.xml,/eml:eml/dataset/spatialRaster/spatialReference/horizCoordSysDef/geogCoordSys/spheroid/@denomFlatRatio
KUBI,03960-metadata.xml,/eml:eml/dataset/spatialRaster/spatialReference/horizCoordSysDef/geogCoordSys/spheroid/@name
KUBI,03960-metadata.xml,/eml:eml/dataset/spatialRaster/spatialReference/horizCoordSysDef/geogCoordSys/spheroid/@semiAxisMajor
KUBI,03960-metadata.xml,/eml:eml/dataset/spatialRaster/spatialReference/horizCoordSysDef/geogCoordSys/primeMeridian/@longitude
KUBI,03960-metadata.xml,/eml:eml/dataset/spatialRaster/spatialReference/horizCoordSysDef/geogCoordSys/primeMeridian/@name
KUBI,03960-metadata.xml,/eml:eml/dataset/spatialRaster/spatialReference/horizCoordSysDef/geogCoordSys/unit/@name
KUBI,03960-metadata.xml,/eml:eml/dataset/spatialRaster/horizontalAccuracy/accuracyReport
KUBI,03960-metadata.xml,/eml:eml/dataset/spatialRaster/verticalAccuracy/accuracyReport
KUBI,03960-metadata.xml,/eml:eml/dataset/spatialRaster/cellSizeXDirection
KUBI,03960-metadata.xml,/eml:eml/dataset/spatialRaster/cellSizeYDirection
KUBI,03960-metadata.xml,/eml:eml/dataset/spatialRaster/numberOfBands
KUBI,03960-metadata.xml,/eml:eml/dataset/spatialRaster/rasterOrigin
KUBI,03960-metadata.xml,/eml:eml/dataset/spatialRaster/rows
KUBI,03960-metadata.xml,/eml:eml/dataset/spatialRaster/columns
KUBI,03960-metadata.xml,/eml:eml/dataset/spatialRaster/verticals
KUBI,03960-metadata.xml,/eml:eml/dataset/spatialRaster/cellGeometry
KUBI,03960-metadata.xml,/eml:eml/additionalMetadata/metadata/unitList/ns2:unit/@id
KUBI,03960-metadata.xml,/eml:eml/additionalMetadata/metadata/unitList/ns2:unit/ns2:description
KUBI,03961-metadata.xml,/eml:eml/@packageId
KUBI,03961-metadata.xml,/eml:eml/@system
KUBI,03961-metadata.xml,/eml:eml/@xsi:schemaLocation
KUBI,03961-metadata.xml,/eml:eml/dataset/title
KUBI,03961-metadata.xml,/eml:eml/dataset/creator/organizationName
KUBI,03961-metadata.xml,/eml:eml/dataset/keywordSet/keyword
KUBI,03961-metadata.xml,/eml:eml/dataset/keywordSet/keyword
KUBI,03961-metadata.xml,/eml:eml/dataset/keywordSet/keyword
KUBI,03961-metadata.xml,/eml:eml/dataset/keywordSet/keyword
KUBI,03961-metadata.xml,/eml:eml/dataset/keywordSet/keyword
KUBI,03961-metadata.xml,/eml:eml/dataset/coverage/geographicCoverage/geographicDescription
KUBI,03961-metadata.xml,/eml:eml/dataset/coverage/geographicCoverage/boundingCoordinates/westBoundingCoordinate
KUBI,03961-metadata.xml,/eml:eml/dataset/coverage/geographicCoverage/boundingCoordinates/eastBoundingCoordinate
KUBI,03961-metadata.xml,/eml:eml/dataset/coverage/geographicCoverage/boundingCoordinates/northBoundingCoordinate
KUBI,03961-metadata.xml,/eml:eml/dataset/coverage/geographicCoverage/boundingCoordinates/southBoundingCoordinate
KUBI,03961-metadata.xml,/eml:eml/dataset/coverage/temporalCoverage/rangeOfDates/beginDate/calendarDate
KUBI,03961-metadata.xml,/eml:eml/dataset/coverage/temporalCoverage/rangeOfDates/endDate/calendarDate
KUBI,03961-metadata.xml,/eml:eml/dataset/contact/organizationName
KUBI,03961-metadata.xml,/eml:eml/dataset/contact/address/deliveryPoint
KUBI,03961-metadata.xml,/eml:eml/dataset/contact/address/city
KUBI,03961-metadata.xml,/eml:eml/dataset/contact/address/administrativeArea
KUBI,03961-metadata.xml,/eml:eml/dataset/contact/address/postalCode
KUBI,03961-metadata.xml,/eml:eml/dataset/contact/address/country
KUBI,03961-metadata.xml,/eml:eml/dataset/contact/electronicMailAddress
KUBI,03961-metadata.xml,/eml:eml/dataset/contact/onlineUrl
KUBI,03961-metadata.xml,/eml:eml/dataset/spatialRaster/entityName
KUBI,03961-metadata.xml,/eml:eml/dataset/spatialRaster/physical/objectName
KUBI,03961-metadata.xml,/eml:eml/dataset/spatialRaster/physical/dataFormat/externallyDefinedFormat/formatName
KUBI,03961-metadata.xml,/eml:eml/dataset/spatialRaster/physical/distribution/online/url
KUBI,03961-metadata.xml,/eml:eml/dataset/spatialRaster/physical/distribution/online/url/@function
KUBI,03961-metadata.xml,/eml:eml/dataset/spatialRaster/attributeList/attribute/attributeName
KUBI,03961-metadata.xml,/eml:eml/dataset/spatialRaster/attributeList/attribute/attributeDefinition
KUBI,03961-metadata.xml,/eml:eml/dataset/spatialRaster/attributeList/attribute/storageType
KUBI,03961-metadata.xml,/eml:eml/dataset/spatialRaster/attributeList/attribute/measurementScale/interval/unit/customUnit
KUBI,03961-metadata.xml,/eml:eml/dataset/spatialRaster/attributeList/attribute/measurementScale/interval/numericDomain/numberType
KUBI,03961-metadata.xml,/eml:eml/dataset/spatialRaster/attributeList/attribute/measurementScale/interval/numericDomain/bounds/minimum
KUBI,03961-metadata.xml,/eml:eml/dataset/spatialRaster/attributeList/attribute/measurementScale/interval/numericDomain/bounds/minimum/@exclusive
KUBI,03961-metadata.xml,/eml:eml/dataset/spatialRaster/attributeList/attribute/measurementScale/interval/numericDomain/bounds/maximum
KUBI,03961-metadata.xml,/eml:eml/dataset/spatialRaster/attributeList/attribute/measurementScale/interval/numericDomain/bounds/maximum/@exclusive
KUBI,03961-metadata.xml,/eml:eml/dataset/spatialRaster/spatialReference/horizCoordSysDef/@name
KUBI,03961-metadata.xml,/eml:eml/dataset/spatialRaster/spatialReference/horizCoordSysDef/geogCoordSys/datum/@name
KUBI,03961-metadata.xml,/eml:eml/dataset/spatialRaster/spatialReference/horizCoordSysDef/geogCoordSys/spheroid/@denomFlatRatio
KUBI,03961-metadata.xml,/eml:eml/dataset/spatialRaster/spatialReference/horizCoordSysDef/geogCoordSys/spheroid/@name
KUBI,03961-metadata.xml,/eml:eml/dataset/spatialRaster/spatialReference/horizCoordSysDef/geogCoordSys/spheroid/@semiAxisMajor
KUBI,03961-metadata.xml,/eml:eml/dataset/spatialRaster/spatialReference/horizCoordSysDef/geogCoordSys/primeMeridian/@longitude
KUBI,03961-metadata.xml,/eml:eml/dataset/spatialRaster/spatialReference/horizCoordSysDef/geogCoordSys/primeMeridian/@name
KUBI,03961-metadata.xml,/eml:eml/dataset/spatialRaster/spatialReference/horizCoordSysDef/geogCoordSys/unit/@name
KUBI,03961-metadata.xml,/eml:eml/dataset/spatialRaster/horizontalAccuracy/accuracyReport
KUBI,03961-metadata.xml,/eml:eml/dataset/spatialRaster/verticalAccuracy/accuracyReport
KUBI,03961-metadata.xml,/eml:eml/dataset/spatialRaster/cellSizeXDirection
KUBI,03961-metadata.xml,/eml:eml/dataset/spatialRaster/cellSizeYDirection
KUBI,03961-metadata.xml,/eml:eml/dataset/spatialRaster/numberOfBands
KUBI,03961-metadata.xml,/eml:eml/dataset/spatialRaster/rasterOrigin
KUBI,03961-metadata.xml,/eml:eml/dataset/spatialRaster/rows
KUBI,03961-metadata.xml,/eml:eml/dataset/spatialRaster/columns
KUBI,03961-metadata.xml,/eml:eml/dataset/spatialRaster/verticals
KUBI,03961-metadata.xml,/eml:eml/dataset/spatialRaster/cellGeometry
KUBI,03961-metadata.xml,/eml:eml/additionalMetadata/metadata/unitList/ns2:unit/@id
KUBI,03961-metadata.xml,/eml:eml/additionalMetadata/metadata/unitList/ns2:unit/@multiplierToSI
KUBI,03961-metadata.xml,/eml:eml/additionalMetadata/metadata/unitList/ns2:unit/@parentSI
KUBI,03961-metadata.xml,/eml:eml/additionalMetadata/metadata/unitList/ns2:unit/ns2:description
KUBI,03962-metadata.xml,/eml:eml/@packageId
KUBI,03962-metadata.xml,/eml:eml/@system
KUBI,03962-metadata.xml,/eml:eml/@xsi:schemaLocation
KUBI,03962-metadata.xml,/eml:eml/dataset/title
KUBI,03962-metadata.xml,/eml:eml/dataset/creator/organizationName
KUBI,03962-metadata.xml,/eml:eml/dataset/keywordSet/keyword
KUBI,03962-metadata.xml,/eml:eml/dataset/keywordSet/keyword
KUBI,03962-metadata.xml,/eml:eml/dataset/keywordSet/keyword
KUBI,03962-metadata.xml,/eml:eml/dataset/keywordSet/keyword
KUBI,03962-metadata.xml,/eml:eml/dataset/keywordSet/keyword
KUBI,03962-metadata.xml,/eml:eml/dataset/coverage/geographicCoverage/geographicDescription
KUBI,03962-metadata.xml,/eml:eml/dataset/coverage/geographicCoverage/boundingCoordinates/westBoundingCoordinate
KUBI,03962-metadata.xml,/eml:eml/dataset/coverage/geographicCoverage/boundingCoordinates/eastBoundingCoordinate
KUBI,03962-metadata.xml,/eml:eml/dataset/coverage/geographicCoverage/boundingCoordinates/northBoundingCoordinate
KUBI,03962-metadata.xml,/eml:eml/dataset/coverage/geographicCoverage/boundingCoordinates/southBoundingCoordinate
KUBI,03962-metadata.xml,/eml:eml/dataset/coverage/temporalCoverage/rangeOfDates/beginDate/calendarDate
KUBI,03962-metadata.xml,/eml:eml/dataset/coverage/temporalCoverage/rangeOfDates/endDate/calendarDate
KUBI,03962-metadata.xml,/eml:eml/dataset/contact/organizationName
KUBI,03962-metadata.xml,/eml:eml/dataset/contact/address/deliveryPoint
KUBI,03962-metadata.xml,/eml:eml/dataset/contact/address/city
KUBI,03962-metadata.xml,/eml:eml/dataset/contact/address/administrativeArea
KUBI,03962-metadata.xml,/eml:eml/dataset/contact/address/postalCode
KUBI,03962-metadata.xml,/eml:eml/dataset/contact/address/country
KUBI,03962-metadata.xml,/eml:eml/dataset/contact/electronicMailAddress
KUBI,03962-metadata.xml,/eml:eml/dataset/contact/onlineUrl
KUBI,03962-metadata.xml,/eml:eml/dataset/spatialRaster/entityName
KUBI,03962-metadata.xml,/eml:eml/dataset/spatialRaster/physical/objectName
KUBI,03962-metadata.xml,/eml:eml/dataset/spatialRaster/physical/dataFormat/externallyDefinedFormat/formatName
KUBI,03962-metadata.xml,/eml:eml/dataset/spatialRaster/physical/distribution/online/url
KUBI,03962-metadata.xml,/eml:eml/dataset/spatialRaster/physical/distribution/online/url/@function
KUBI,03962-metadata.xml,/eml:eml/dataset/spatialRaster/attributeList/attribute/attributeName
KUBI,03962-metadata.xml,/eml:eml/dataset/spatialRaster/attributeList/attribute/attributeDefinition
KUBI,03962-metadata.xml,/eml:eml/dataset/spatialRaster/attributeList/attribute/storageType
KUBI,03962-metadata.xml,/eml:eml/dataset/spatialRaster/attributeList/attribute/measurementScale/interval/unit/customUnit
KUBI,03962-metadata.xml,/eml:eml/dataset/spatialRaster/attributeList/attribute/measurementScale/interval/numericDomain/numberType
KUBI,03962-metadata.xml,/eml:eml/dataset/spatialRaster/attributeList/attribute/measurementScale/interval/numericDomain/bounds/minimum
KUBI,03962-metadata.xml,/eml:eml/dataset/spatialRaster/attributeList/attribute/measurementScale/interval/numericDomain/bounds/minimum/@exclusive
KUBI,03962-metadata.xml,/eml:eml/dataset/spatialRaster/attributeList/attribute/measurementScale/interval/numericDomain/bounds/maximum
KUBI,03962-metadata.xml,/eml:eml/dataset/spatialRaster/attributeList/attribute/measurementScale/interval/numericDomain/bounds/maximum/@exclusive
KUBI,03962-metadata.xml,/eml:eml/dataset/spatialRaster/spatialReference/horizCoordSysDef/@name
KUBI,03962-metadata.xml,/eml:eml/dataset/spatialRaster/spatialReference/horizCoordSysDef/geogCoordSys/datum/@name
KUBI,03962-metadata.xml,/eml:eml/dataset/spatialRaster/spatialReference/horizCoordSysDef/geogCoordSys/spheroid/@denomFlatRatio
KUBI,03962-metadata.xml,/eml:eml/dataset/spatialRaster/spatialReference/horizCoordSysDef/geogCoordSys/spheroid/@name
KUBI,03962-metadata.xml,/eml:eml/dataset/spatialRaster/spatialReference/horizCoordSysDef/geogCoordSys/spheroid/@semiAxisMajor
KUBI,03962-metadata.xml,/eml:eml/dataset/spatialRaster/spatialReference/horizCoordSysDef/geogCoordSys/primeMeridian/@longitude
KUBI,03962-metadata.xml,/eml:eml/dataset/spatialRaster/spatialReference/horizCoordSysDef/geogCoordSys/primeMeridian/@name
KUBI,03962-metadata.xml,/eml:eml/dataset/spatialRaster/spatialReference/horizCoordSysDef/geogCoordSys/unit/@name
KUBI,03962-metadata.xml,/eml:eml/dataset/spatialRaster/horizontalAccuracy/accuracyReport
KUBI,03962-metadata.xml,/eml:eml/dataset/spatialRaster/verticalAccuracy/accuracyReport
KUBI,03962-metadata.xml,/eml:eml/dataset/spatialRaster/cellSizeXDirection
KUBI,03962-metadata.xml,/eml:eml/dataset/spatialRaster/cellSizeYDirection
KUBI,03962-metadata.xml,/eml:eml/dataset/spatialRaster/numberOfBands
KUBI,03962-metadata.xml,/eml:eml/dataset/spatialRaster/rasterOrigin
KUBI,03962-metadata.xml,/eml:eml/dataset/spatialRaster/rows
KUBI,03962-metadata.xml,/eml:eml/dataset/spatialRaster/columns
KUBI,03962-metadata.xml,/eml:eml/dataset/spatialRaster/verticals
KUBI,03962-metadata.xml,/eml:eml/dataset/spatialRaster/cellGeometry
KUBI,03962-metadata.xml,/eml:eml/additionalMetadata/metadata/unitList/ns2:unit/@id
KUBI,03962-metadata.xml,/eml:eml/additionalMetadata/metadata/unitList/ns2:unit/@multiplierToSI
KUBI,03962-metadata.xml,/eml:eml/additionalMetadata/metadata/unitList/ns2:unit/@parentSI
KUBI,03962-metadata.xml,/eml:eml/additionalMetadata/metadata/unitList/ns2:unit/ns2:description
KUBI,03963-metadata.xml,/eml:eml/@packageId
KUBI,03963-metadata.xml,/eml:eml/@system
KUBI,03963-metadata.xml,/eml:eml/@xsi:schemaLocation
KUBI,03963-metadata.xml,/eml:eml/dataset/title
KUBI,03963-metadata.xml,/eml:eml/dataset/creator/organizationName
KUBI,03963-metadata.xml,/eml:eml/dataset/keywordSet/keyword
KUBI,03963-metadata.xml,/eml:eml/dataset/keywordSet/keyword
KUBI,03963-metadata.xml,/eml:eml/dataset/keywordSet/keyword
KUBI,03963-metadata.xml,/eml:eml/dataset/keywordSet/keyword
KUBI,03963-metadata.xml,/eml:eml/dataset/coverage/geographicCoverage/geographicDescription
KUBI,03963-metadata.xml,/eml:eml/dataset/coverage/geographicCoverage/boundingCoordinates/westBoundingCoordinate
KUBI,03963-metadata.xml,/eml:eml/dataset/coverage/geographicCoverage/boundingCoordinates/eastBoundingCoordinate
KUBI,03963-metadata.xml,/eml:eml/dataset/coverage/geographicCoverage/boundingCoordinates/northBoundingCoordinate
KUBI,03963-metadata.xml,/eml:eml/dataset/coverage/geographicCoverage/boundingCoordinates/southBoundingCoordinate
KUBI,03963-metadata.xml,/eml:eml/dataset/coverage/temporalCoverage/rangeOfDates/beginDate/calendarDate
KUBI,03963-metadata.xml,/eml:eml/dataset/coverage/temporalCoverage/rangeOfDates/endDate/calendarDate
KUBI,03963-metadata.xml,/eml:eml/dataset/contact/organizationName
KUBI,03963-metadata.xml,/eml:eml/dataset/contact/address/deliveryPoint
KUBI,03963-metadata.xml,/eml:eml/dataset/contact/address/city
KUBI,03963-metadata.xml,/eml:eml/dataset/contact/address/administrativeArea
KUBI,03963-metadata.xml,/eml:eml/dataset/contact/address/postalCode
KUBI,03963-metadata.xml,/eml:eml/dataset/contact/address/country
KUBI,03963-metadata.xml,/eml:eml/dataset/contact/electronicMailAddress
KUBI,03963-metadata.xml,/eml:eml/dataset/contact/onlineUrl
KUBI,03963-metadata.xml,/eml:eml/dataset/spatialRaster/entityName
KUBI,03963-metadata.xml,/eml:eml/dataset/spatialRaster/physical/objectName
KUBI,03963-metadata.xml,/eml:eml/dataset/spatialRaster/physical/dataFormat/externallyDefinedFormat/formatName
KUBI,03963-metadata.xml,/eml:eml/dataset/spatialRaster/physical/distribution/online/url
KUBI,03963-metadata.xml,/eml:eml/dataset/spatialRaster/physical/distribution/online/url/@function
KUBI,03963-metadata.xml,/eml:eml/dataset/spatialRaster/attributeList/attribute/attributeName
KUBI,03963-metadata.xml,/eml:eml/dataset/spatialRaster/attributeList/attribute/attributeDefinition
KUBI,03963-metadata.xml,/eml:eml/dataset/spatialRaster/attributeList/attribute/storageType
KUBI,03963-metadata.xml,/eml:eml/dataset/spatialRaster/attributeList/attribute/measurementScale/interval/unit/customUnit
KUBI,03963-metadata.xml,/eml:eml/dataset/spatialRaster/attributeList/attribute/measurementScale/interval/numericDomain/numberType
KUBI,03963-metadata.xml,/eml:eml/dataset/spatialRaster/attributeList/attribute/measurementScale/interval/numericDomain/bounds/minimum
KUBI,03963-metadata.xml,/eml:eml/dataset/spatialRaster/attributeList/attribute/measurementScale/interval/numericDomain/bounds/minimum/@exclusive
KUBI,03963-metadata.xml,/eml:eml/dataset/spatialRaster/attributeList/attribute/measurementScale/interval/numericDomain/bounds/maximum
KUBI,03963-metadata.xml,/eml:eml/dataset/spatialRaster/attributeList/attribute/measurementScale/interval/numericDomain/bounds/maximum/@exclusive
KUBI,03963-metadata.xml,/eml:eml/dataset/spatialRaster/spatialReference/horizCoordSysDef/@name
KUBI,03963-metadata.xml,/eml:eml/dataset/spatialRaster/spatialReference/horizCoordSysDef/geogCoordSys/datum/@name
KUBI,03963-metadata.xml,/eml:eml/dataset/spatialRaster/spatialReference/horizCoordSysDef/geogCoordSys/spheroid/@denomFlatRatio
KUBI,03963-metadata.xml,/eml:eml/dataset/spatialRaster/spatialReference/horizCoordSysDef/geogCoordSys/spheroid/@name
KUBI,03963-metadata.xml,/eml:eml/dataset/spatialRaster/spatialReference/horizCoordSysDef/geogCoordSys/spheroid/@semiAxisMajor
KUBI,03963-metadata.xml,/eml:eml/dataset/spatialRaster/spatialReference/horizCoordSysDef/geogCoordSys/primeMeridian/@longitude
KUBI,03963-metadata.xml,/eml:eml/dataset/spatialRaster/spatialReference/horizCoordSysDef/geogCoordSys/primeMeridian/@name
KUBI,03963-metadata.xml,/eml:eml/dataset/spatialRaster/spatialReference/horizCoordSysDef/geogCoordSys/unit/@name
KUBI,03963-metadata.xml,/eml:eml/dataset/spatialRaster/horizontalAccuracy/accuracyReport
KUBI,03963-metadata.xml,/eml:eml/dataset/spatialRaster/verticalAccuracy/accuracyReport
KUBI,03963-metadata.xml,/eml:eml/dataset/spatialRaster/cellSizeXDirection
KUBI,03963-metadata.xml,/eml:eml/dataset/spatialRaster/cellSizeYDirection
KUBI,03963-metadata.xml,/eml:eml/dataset/spatialRaster/numberOfBands
KUBI,03963-metadata.xml,/eml:eml/dataset/spatialRaster/rasterOrigin
KUBI,03963-metadata.xml,/eml:eml/dataset/spatialRaster/rows
KUBI,03963-metadata.xml,/eml:eml/dataset/spatialRaster/columns
KUBI,03963-metadata.xml,/eml:eml/dataset/spatialRaster/verticals
KUBI,03963-metadata.xml,/eml:eml/dataset/spatialRaster/cellGeometry
KUBI,03963-metadata.xml,/eml:eml/additionalMetadata/metadata/unitList/ns2:unit/@id
KUBI,03963-metadata.xml,/eml:eml/additionalMetadata/metadata/unitList/ns2:unit/@multiplierToSI
KUBI,03963-metadata.xml,/eml:eml/additionalMetadata/metadata/unitList/ns2:unit/@parentSI
KUBI,03963-metadata.xml,/eml:eml/additionalMetadata/metadata/unitList/ns2:unit/ns2:description
KUBI,03964-metadata.xml,/eml:eml/@packageId
KUBI,03964-metadata.xml,/eml:eml/@system
KUBI,03964-metadata.xml,/eml:eml/@xsi:schemaLocation
KUBI,03964-metadata.xml,/eml:eml/dataset/title
KUBI,03964-metadata.xml,/eml:eml/dataset/creator/organizationName
KUBI,03964-metadata.xml,/eml:eml/dataset/keywordSet/keyword
KUBI,03964-metadata.xml,/eml:eml/dataset/keywordSet/keyword
KUBI,03964-metadata.xml,/eml:eml/dataset/keywordSet/keyword
KUBI,03964-metadata.xml,/eml:eml/dataset/keywordSet/keyword
KUBI,03964-metadata.xml,/eml:eml/dataset/coverage/geographicCoverage/geographicDescription
KUBI,03964-metadata.xml,/eml:eml/dataset/coverage/geographicCoverage/boundingCoordinates/westBoundingCoordinate
KUBI,03964-metadata.xml,/eml:eml/dataset/coverage/geographicCoverage/boundingCoordinates/eastBoundingCoordinate
KUBI,03964-metadata.xml,/eml:eml/dataset/coverage/geographicCoverage/boundingCoordinates/northBoundingCoordinate
KUBI,03964-metadata.xml,/eml:eml/dataset/coverage/geographicCoverage/boundingCoordinates/southBoundingCoordinate
KUBI,03964-metadata.xml,/eml:eml/dataset/coverage/temporalCoverage/rangeOfDates/beginDate/calendarDate
KUBI,03964-metadata.xml,/eml:eml/dataset/coverage/temporalCoverage/rangeOfDates/endDate/calendarDate
KUBI,03964-metadata.xml,/eml:eml/dataset/contact/organizationName
KUBI,03964-metadata.xml,/eml:eml/dataset/contact/address/deliveryPoint
KUBI,03964-metadata.xml,/eml:eml/dataset/contact/address/city
KUBI,03964-metadata.xml,/eml:eml/dataset/contact/address/administrativeArea
KUBI,03964-metadata.xml,/eml:eml/dataset/contact/address/postalCode
KUBI,03964-metadata.xml,/eml:eml/dataset/contact/address/country
KUBI,03964-metadata.xml,/eml:eml/dataset/contact/electronicMailAddress
KUBI,03964-metadata.xml,/eml:eml/dataset/contact/onlineUrl
KUBI,03964-metadata.xml,/eml:eml/dataset/spatialRaster/entityName
KUBI,03964-metadata.xml,/eml:eml/dataset/spatialRaster/physical/objectName
KUBI,03964-metadata.xml,/eml:eml/dataset/spatialRaster/physical/dataFormat/externallyDefinedFormat/formatName
KUBI,03964-metadata.xml,/eml:eml/dataset/spatialRaster/physical/distribution/online/url
KUBI,03964-metadata.xml,/eml:eml/dataset/spatialRaster/physical/distribution/online/url/@function
KUBI,03964-metadata.xml,/eml:eml/dataset/spatialRaster/attributeList/attribute/attributeName
KUBI,03964-metadata.xml,/eml:eml/dataset/spatialRaster/attributeList/attribute/attributeDefinition
KUBI,03964-metadata.xml,/eml:eml/dataset/spatialRaster/attributeList/attribute/storageType
KUBI,03964-metadata.xml,/eml:eml/dataset/spatialRaster/attributeList/attribute/measurementScale/interval/unit/standardUnit
KUBI,03964-metadata.xml,/eml:eml/dataset/spatialRaster/attributeList/attribute/measurementScale/interval/numericDomain/numberType
KUBI,03964-metadata.xml,/eml:eml/dataset/spatialRaster/attributeList/attribute/measurementScale/interval/numericDomain/bounds/minimum
KUBI,03964-metadata.xml,/eml:eml/dataset/spatialRaster/attributeList/attribute/measurementScale/interval/numericDomain/bounds/minimum/@exclusive
KUBI,03964-metadata.xml,/eml:eml/dataset/spatialRaster/attributeList/attribute/measurementScale/interval/numericDomain/bounds/maximum
KUBI,03964-metadata.xml,/eml:eml/dataset/spatialRaster/attributeList/attribute/measurementScale/interval/numericDomain/bounds/maximum/@exclusive
KUBI,03964-metadata.xml,/eml:eml/dataset/spatialRaster/spatialReference/horizCoordSysDef/@name
KUBI,03964-metadata.xml,/eml:eml/dataset/spatialRaster/spatialReference/horizCoordSysDef/geogCoordSys/datum/@name
KUBI,03964-metadata.xml,/eml:eml/dataset/spatialRaster/spatialReference/horizCoordSysDef/geogCoordSys/spheroid/@denomFlatRatio
KUBI,03964-metadata.xml,/eml:eml/dataset/spatialRaster/spatialReference/horizCoordSysDef/geogCoordSys/spheroid/@name
KUBI,03964-metadata.xml,/eml:eml/dataset/spatialRaster/spatialReference/horizCoordSysDef/geogCoordSys/spheroid/@semiAxisMajor
KUBI,03964-metadata.xml,/eml:eml/dataset/spatialRaster/spatialReference/horizCoordSysDef/geogCoordSys/primeMeridian/@longitude
KUBI,03964-metadata.xml,/eml:eml/dataset/spatialRaster/spatialReference/horizCoordSysDef/geogCoordSys/primeMeridian/@name
KUBI,03964-metadata.xml,/eml:eml/dataset/spatialRaster/spatialReference/horizCoordSysDef/geogCoordSys/unit/@name
KUBI,03964-metadata.xml,/eml:eml/dataset/spatialRaster/horizontalAccuracy/accuracyReport
KUBI,03964-metadata.xml,/eml:eml/dataset/spatialRaster/verticalAccuracy/accuracyReport
KUBI,03964-metadata.xml,/eml:eml/dataset/spatialRaster/cellSizeXDirection
KUBI,03964-metadata.xml,/eml:eml/dataset/spatialRaster/cellSizeYDirection
KUBI,03964-metadata.xml,/eml:eml/dataset/spatialRaster/numberOfBands
KUBI,03964-metadata.xml,/eml:eml/dataset/spatialRaster/rasterOrigin
KUBI,03964-metadata.xml,/eml:eml/dataset/spatialRaster/rows
KUBI,03964-metadata.xml,/eml:eml/dataset/spatialRaster/columns
KUBI,03964-metadata.xml,/eml:eml/dataset/spatialRaster/verticals
KUBI,03964-metadata.xml,/eml:eml/dataset/spatialRaster/cellGeometry
KUBI,03965-metadata.xml,/eml:eml/@packageId
KUBI,03965-metadata.xml,/eml:eml/@system
KUBI,03965-metadata.xml,/eml:eml/@xsi:schemaLocation
KUBI,03965-metadata.xml,/eml:eml/dataset/title
KUBI,03965-metadata.xml,/eml:eml/dataset/creator/organizationName
KUBI,03965-metadata.xml,/eml:eml/dataset/keywordSet/keyword
KUBI,03965-metadata.xml,/eml:eml/dataset/keywordSet/keyword
KUBI,03965-metadata.xml,/eml:eml/dataset/keywordSet/keyword
KUBI,03965-metadata.xml,/eml:eml/dataset/keywordSet/keyword
KUBI,03965-metadata.xml,/eml:eml/dataset/coverage/geographicCoverage/geographicDescription
KUBI,03965-metadata.xml,/eml:eml/dataset/coverage/geographicCoverage/boundingCoordinates/westBoundingCoordinate
KUBI,03965-metadata.xml,/eml:eml/dataset/coverage/geographicCoverage/boundingCoordinates/eastBoundingCoordinate
KUBI,03965-metadata.xml,/eml:eml/dataset/coverage/geographicCoverage/boundingCoordinates/northBoundingCoordinate
KUBI,03965-metadata.xml,/eml:eml/dataset/coverage/geographicCoverage/boundingCoordinates/southBoundingCoordinate
KUBI,03965-metadata.xml,/eml:eml/dataset/coverage/temporalCoverage/rangeOfDates/beginDate/calendarDate
KUBI,03965-metadata.xml,/eml:eml/dataset/coverage/temporalCoverage/rangeOfDates/endDate/calendarDate
KUBI,03965-metadata.xml,/eml:eml/dataset/contact/organizationName
KUBI,03965-metadata.xml,/eml:eml/dataset/contact/address/deliveryPoint
KUBI,03965-metadata.xml,/eml:eml/dataset/contact/address/city
KUBI,03965-metadata.xml,/eml:eml/dataset/contact/address/administrativeArea
KUBI,03965-metadata.xml,/eml:eml/dataset/contact/address/postalCode
KUBI,03965-metadata.xml,/eml:eml/dataset/contact/address/country
KUBI,03965-metadata.xml,/eml:eml/dataset/contact/electronicMailAddress
KUBI,03965-metadata.xml,/eml:eml/dataset/contact/onlineUrl
KUBI,03965-metadata.xml,/eml:eml/dataset/spatialRaster/entityName
KUBI,03965-metadata.xml,/eml:eml/dataset/spatialRaster/physical/objectName
KUBI,03965-metadata.xml,/eml:eml/dataset/spatialRaster/physical/dataFormat/externallyDefinedFormat/formatName
KUBI,03965-metadata.xml,/eml:eml/dataset/spatialRaster/physical/distribution/online/url
KUBI,03965-metadata.xml,/eml:eml/dataset/spatialRaster/physical/distribution/online/url/@function
KUBI,03965-metadata.xml,/eml:eml/dataset/spatialRaster/attributeList/attribute/attributeName
KUBI,03965-metadata.xml,/eml:eml/dataset/spatialRaster/attributeList/attribute/attributeDefinition
KUBI,03965-metadata.xml,/eml:eml/dataset/spatialRaster/attributeList/attribute/storageType
KUBI,03965-metadata.xml,/eml:eml/dataset/spatialRaster/attributeList/attribute/measurementScale/interval/unit/customUnit
KUBI,03965-metadata.xml,/eml:eml/dataset/spatialRaster/attributeList/attribute/measurementScale/interval/numericDomain/numberType
KUBI,03965-metadata.xml,/eml:eml/dataset/spatialRaster/attributeList/attribute/measurementScale/interval/numericDomain/bounds/minimum
KUBI,03965-metadata.xml,/eml:eml/dataset/spatialRaster/attributeList/attribute/measurementScale/interval/numericDomain/bounds/minimum/@exclusive
KUBI,03965-metadata.xml,/eml:eml/dataset/spatialRaster/attributeList/attribute/measurementScale/interval/numericDomain/bounds/maximum
KUBI,03965-metadata.xml,/eml:eml/dataset/spatialRaster/attributeList/attribute/measurementScale/interval/numericDomain/bounds/maximum/@exclusive
KUBI,03965-metadata.xml,/eml:eml/dataset/spatialRaster/spatialReference/horizCoordSysDef/@name
KUBI,03965-metadata.xml,/eml:eml/dataset/spatialRaster/spatialReference/horizCoordSysDef/geogCoordSys/datum/@name
KUBI,03965-metadata.xml,/eml:eml/dataset/spatialRaster/spatialReference/horizCoordSysDef/geogCoordSys/spheroid/@denomFlatRatio
KUBI,03965-metadata.xml,/eml:eml/dataset/spatialRaster/spatialReference/horizCoordSysDef/geogCoordSys/spheroid/@name
KUBI,03965-metadata.xml,/eml:eml/dataset/spatialRaster/spatialReference/horizCoordSysDef/geogCoordSys/spheroid/@semiAxisMajor
KUBI,03965-metadata.xml,/eml:eml/dataset/spatialRaster/spatialReference/horizCoordSysDef/geogCoordSys/primeMeridian/@longitude
KUBI,03965-metadata.xml,/eml:eml/dataset/spatialRaster/spatialReference/horizCoordSysDef/geogCoordSys/primeMeridian/@name
KUBI,03965-metadata.xml,/eml:eml/dataset/spatialRaster/spatialReference/horizCoordSysDef/geogCoordSys/unit/@name
KUBI,03965-metadata.xml,/eml:eml/dataset/spatialRaster/horizontalAccuracy/accuracyReport
KUBI,03965-metadata.xml,/eml:eml/dataset/spatialRaster/verticalAccuracy/accuracyReport
KUBI,03965-metadata.xml,/eml:eml/dataset/spatialRaster/cellSizeXDirection
KUBI,03965-metadata.xml,/eml:eml/dataset/spatialRaster/cellSizeYDirection
KUBI,03965-metadata.xml,/eml:eml/dataset/spatialRaster/numberOfBands
KUBI,03965-metadata.xml,/eml:eml/dataset/spatialRaster/rasterOrigin
KUBI,03965-metadata.xml,/eml:eml/dataset/spatialRaster/rows
KUBI,03965-metadata.xml,/eml:eml/dataset/spatialRaster/columns
KUBI,03965-metadata.xml,/eml:eml/dataset/spatialRaster/verticals
KUBI,03965-metadata.xml,/eml:eml/dataset/spatialRaster/cellGeometry
KUBI,03965-metadata.xml,/eml:eml/additionalMetadata/metadata/unitList/ns2:unit/@id
KUBI,03965-metadata.xml,/eml:eml/additionalMetadata/metadata/unitList/ns2:unit/ns2:description
KUBI,03966-metadata.xml,/eml:eml/@packageId
KUBI,03966-metadata.xml,/eml:eml/@system
KUBI,03966-metadata.xml,/eml:eml/@xsi:schemaLocation
KUBI,03966-metadata.xml,/eml:eml/dataset/title
KUBI,03966-metadata.xml,/eml:eml/dataset/creator/organizationName
KUBI,03966-metadata.xml,/eml:eml/dataset/keywordSet/keyword
KUBI,03966-metadata.xml,/eml:eml/dataset/keywordSet/keyword
KUBI,03966-metadata.xml,/eml:eml/dataset/keywordSet/keyword
KUBI,03966-metadata.xml,/eml:eml/dataset/keywordSet/keyword
KUBI,03966-metadata.xml,/eml:eml/dataset/keywordSet/keyword
KUBI,03966-metadata.xml,/eml:eml/dataset/coverage/geographicCoverage/geographicDescription
KUBI,03966-metadata.xml,/eml:eml/dataset/coverage/geographicCoverage/boundingCoordinates/westBoundingCoordinate
KUBI,03966-metadata.xml,/eml:eml/dataset/coverage/geographicCoverage/boundingCoordinates/eastBoundingCoordinate
KUBI,03966-metadata.xml,/eml:eml/dataset/coverage/geographicCoverage/boundingCoordinates/northBoundingCoordinate
KUBI,03966-metadata.xml,/eml:eml/dataset/coverage/geographicCoverage/boundingCoordinates/southBoundingCoordinate
KUBI,03966-metadata.xml,/eml:eml/dataset/coverage/temporalCoverage/rangeOfDates/beginDate/calendarDate
KUBI,03966-metadata.xml,/eml:eml/dataset/coverage/temporalCoverage/rangeOfDates/endDate/calendarDate
KUBI,03966-metadata.xml,/eml:eml/dataset/contact/organizationName
KUBI,03966-metadata.xml,/eml:eml/dataset/contact/address/deliveryPoint
KUBI,03966-metadata.xml,/eml:eml/dataset/contact/address/city
KUBI,03966-metadata.xml,/eml:eml/dataset/contact/address/administrativeArea
KUBI,03966-metadata.xml,/eml:eml/dataset/contact/address/postalCode
KUBI,03966-metadata.xml,/eml:eml/dataset/contact/address/country
KUBI,03966-metadata.xml,/eml:eml/dataset/contact/electronicMailAddress
KUBI,03966-metadata.xml,/eml:eml/dataset/contact/onlineUrl
KUBI,03966-metadata.xml,/eml:eml/dataset/spatialRaster/entityName
KUBI,03966-metadata.xml,/eml:eml/dataset/spatialRaster/physical/objectName
KUBI,03966-metadata.xml,/eml:eml/dataset/spatialRaster/physical/dataFormat/externallyDefinedFormat/formatName
KUBI,03966-metadata.xml,/eml:eml/dataset/spatialRaster/physical/distribution/online/url
KUBI,03966-metadata.xml,/eml:eml/dataset/spatialRaster/physical/distribution/online/url/@function
KUBI,03966-metadata.xml,/eml:eml/dataset/spatialRaster/attributeList/attribute/attributeName
KUBI,03966-metadata.xml,/eml:eml/dataset/spatialRaster/attributeList/attribute/attributeDefinition
KUBI,03966-metadata.xml,/eml:eml/dataset/spatialRaster/attributeList/attribute/storageType
KUBI,03966-metadata.xml,/eml:eml/dataset/spatialRaster/attributeList/attribute/measurementScale/interval/unit/customUnit
KUBI,03966-metadata.xml,/eml:eml/dataset/spatialRaster/attributeList/attribute/measurementScale/interval/numericDomain/numberType
KUBI,03966-metadata.xml,/eml:eml/dataset/spatialRaster/attributeList/attribute/measurementScale/interval/numericDomain/bounds/minimum
KUBI,03966-metadata.xml,/eml:eml/dataset/spatialRaster/attributeList/attribute/measurementScale/interval/numericDomain/bounds/minimum/@exclusive
KUBI,03966-metadata.xml,/eml:eml/dataset/spatialRaster/attributeList/attribute/measurementScale/interval/numericDomain/bounds/maximum
KUBI,03966-metadata.xml,/eml:eml/dataset/spatialRaster/attributeList/attribute/measurementScale/interval/numericDomain/bounds/maximum/@exclusive
KUBI,03966-metadata.xml,/eml:eml/dataset/spatialRaster/spatialReference/horizCoordSysDef/@name
KUBI,03966-metadata.xml,/eml:eml/dataset/spatialRaster/spatialReference/horizCoordSysDef/geogCoordSys/datum/@name
KUBI,03966-metadata.xml,/eml:eml/dataset/spatialRaster/spatialReference/horizCoordSysDef/geogCoordSys/spheroid/@denomFlatRatio
KUBI,03966-metadata.xml,/eml:eml/dataset/spatialRaster/spatialReference/horizCoordSysDef/geogCoordSys/spheroid/@name
KUBI,03966-metadata.xml,/eml:eml/dataset/spatialRaster/spatialReference/horizCoordSysDef/geogCoordSys/spheroid/@semiAxisMajor
KUBI,03966-metadata.xml,/eml:eml/dataset/spatialRaster/spatialReference/horizCoordSysDef/geogCoordSys/primeMeridian/@longitude
KUBI,03966-metadata.xml,/eml:eml/dataset/spatialRaster/spatialReference/horizCoordSysDef/geogCoordSys/primeMeridian/@name
KUBI,03966-metadata.xml,/eml:eml/dataset/spatialRaster/spatialReference/horizCoordSysDef/geogCoordSys/unit/@name
KUBI,03966-metadata.xml,/eml:eml/dataset/spatialRaster/horizontalAccuracy/accuracyReport
KUBI,03966-metadata.xml,/eml:eml/dataset/spatialRaster/verticalAccuracy/accuracyReport
KUBI,03966-metadata.xml,/eml:eml/dataset/spatialRaster/cellSizeXDirection
KUBI,03966-metadata.xml,/eml:eml/dataset/spatialRaster/cellSizeYDirection
KUBI,03966-metadata.xml,/eml:eml/dataset/spatialRaster/numberOfBands
KUBI,03966-metadata.xml,/eml:eml/dataset/spatialRaster/rasterOrigin
KUBI,03966-metadata.xml,/eml:eml/dataset/spatialRaster/rows
KUBI,03966-metadata.xml,/eml:eml/dataset/spatialRaster/columns
KUBI,03966-metadata.xml,/eml:eml/dataset/spatialRaster/verticals
KUBI,03966-metadata.xml,/eml:eml/dataset/spatialRaster/cellGeometry
KUBI,03966-metadata.xml,/eml:eml/additionalMetadata/metadata/unitList/ns2:unit/@id
KUBI,03966-metadata.xml,/eml:eml/additionalMetadata/metadata/unitList/ns2:unit/@multiplierToSI
KUBI,03966-metadata.xml,/eml:eml/additionalMetadata/metadata/unitList/ns2:unit/@parentSI
KUBI,03966-metadata.xml,/eml:eml/additionalMetadata/metadata/unitList/ns2:unit/ns2:description
KUBI,03967-metadata.xml,/eml:eml/@packageId
KUBI,03967-metadata.xml,/eml:eml/@system
KUBI,03967-metadata.xml,/eml:eml/@xsi:schemaLocation
KUBI,03967-metadata.xml,/eml:eml/dataset/title
KUBI,03967-metadata.xml,/eml:eml/dataset/creator/organizationName
KUBI,03967-metadata.xml,/eml:eml/dataset/keywordSet/keyword
KUBI,03967-metadata.xml,/eml:eml/dataset/keywordSet/keyword
KUBI,03967-metadata.xml,/eml:eml/dataset/keywordSet/keyword
KUBI,03967-metadata.xml,/eml:eml/dataset/keywordSet/keyword
KUBI,03967-metadata.xml,/eml:eml/dataset/coverage/geographicCoverage/geographicDescription
KUBI,03967-metadata.xml,/eml:eml/dataset/coverage/geographicCoverage/boundingCoordinates/westBoundingCoordinate
KUBI,03967-metadata.xml,/eml:eml/dataset/coverage/geographicCoverage/boundingCoordinates/eastBoundingCoordinate
KUBI,03967-metadata.xml,/eml:eml/dataset/coverage/geographicCoverage/boundingCoordinates/northBoundingCoordinate
KUBI,03967-metadata.xml,/eml:eml/dataset/coverage/geographicCoverage/boundingCoordinates/southBoundingCoordinate
KUBI,03967-metadata.xml,/eml:eml/dataset/coverage/temporalCoverage/rangeOfDates/beginDate/calendarDate
KUBI,03967-metadata.xml,/eml:eml/dataset/coverage/temporalCoverage/rangeOfDates/endDate/calendarDate
KUBI,03967-metadata.xml,/eml:eml/dataset/contact/organizationName
KUBI,03967-metadata.xml,/eml:eml/dataset/contact/address/deliveryPoint
KUBI,03967-metadata.xml,/eml:eml/dataset/contact/address/city
KUBI,03967-metadata.xml,/eml:eml/dataset/contact/address/administrativeArea
KUBI,03967-metadata.xml,/eml:eml/dataset/contact/address/postalCode
KUBI,03967-metadata.xml,/eml:eml/dataset/contact/address/country
KUBI,03967-metadata.xml,/eml:eml/dataset/contact/electronicMailAddress
KUBI,03967-metadata.xml,/eml:eml/dataset/contact/onlineUrl
KUBI,03967-metadata.xml,/eml:eml/dataset/spatialRaster/entityName
KUBI,03967-metadata.xml,/eml:eml/dataset/spatialRaster/physical/objectName
KUBI,03967-metadata.xml,/eml:eml/dataset/spatialRaster/physical/dataFormat/externallyDefinedFormat/formatName
KUBI,03967-metadata.xml,/eml:eml/dataset/spatialRaster/physical/distribution/online/url
KUBI,03967-metadata.xml,/eml:eml/dataset/spatialRaster/physical/distribution/online/url/@function
KUBI,03967-metadata.xml,/eml:eml/dataset/spatialRaster/attributeList/attribute/attributeName
KUBI,03967-metadata.xml,/eml:eml/dataset/spatialRaster/attributeList/attribute/attributeDefinition
KUBI,03967-metadata.xml,/eml:eml/dataset/spatialRaster/attributeList/attribute/storageType
KUBI,03967-metadata.xml,/eml:eml/dataset/spatialRaster/attributeList/attribute/measurementScale/interval/unit/customUnit
KUBI,03967-metadata.xml,/eml:eml/dataset/spatialRaster/attributeList/attribute/measurementScale/interval/numericDomain/numberType
KUBI,03967-metadata.xml,/eml:eml/dataset/spatialRaster/attributeList/attribute/measurementScale/interval/numericDomain/bounds/minimum
KUBI,03967-metadata.xml,/eml:eml/dataset/spatialRaster/attributeList/attribute/measurementScale/interval/numericDomain/bounds/minimum/@exclusive
KUBI,03967-metadata.xml,/eml:eml/dataset/spatialRaster/attributeList/attribute/measurementScale/interval/numericDomain/bounds/maximum
KUBI,03967-metadata.xml,/eml:eml/dataset/spatialRaster/attributeList/attribute/measurementScale/interval/numericDomain/bounds/maximum/@exclusive
KUBI,03967-metadata.xml,/eml:eml/dataset/spatialRaster/spatialReference/horizCoordSysDef/@name
KUBI,03967-metadata.xml,/eml:eml/dataset/spatialRaster/spatialReference/horizCoordSysDef/geogCoordSys/datum/@name
KUBI,03967-metadata.xml,/eml:eml/dataset/spatialRaster/spatialReference/horizCoordSysDef/geogCoordSys/spheroid/@denomFlatRatio
KUBI,03967-metadata.xml,/eml:eml/dataset/spatialRaster/spatialReference/horizCoordSysDef/geogCoordSys/spheroid/@name
KUBI,03967-metadata.xml,/eml:eml/dataset/spatialRaster/spatialReference/horizCoordSysDef/geogCoordSys/spheroid/@semiAxisMajor
KUBI,03967-metadata.xml,/eml:eml/dataset/spatialRaster/spatialReference/horizCoordSysDef/geogCoordSys/primeMeridian/@longitude
KUBI,03967-metadata.xml,/eml:eml/dataset/spatialRaster/spatialReference/horizCoordSysDef/geogCoordSys/primeMeridian/@name
KUBI,03967-metadata.xml,/eml:eml/dataset/spatialRaster/spatialReference/horizCoordSysDef/geogCoordSys/unit/@name
KUBI,03967-metadata.xml,/eml:eml/dataset/spatialRaster/horizontalAccuracy/accuracyReport
KUBI,03967-metadata.xml,/eml:eml/dataset/spatialRaster/verticalAccuracy/accuracyReport
KUBI,03967-metadata.xml,/eml:eml/dataset/spatialRaster/cellSizeXDirection
KUBI,03967-metadata.xml,/eml:eml/dataset/spatialRaster/cellSizeYDirection
KUBI,03967-metadata.xml,/eml:eml/dataset/spatialRaster/numberOfBands
KUBI,03967-metadata.xml,/eml:eml/dataset/spatialRaster/rasterOrigin
KUBI,03967-metadata.xml,/eml:eml/dataset/spatialRaster/rows
KUBI,03967-metadata.xml,/eml:eml/dataset/spatialRaster/columns
KUBI,03967-metadata.xml,/eml:eml/dataset/spatialRaster/verticals
KUBI,03967-metadata.xml,/eml:eml/dataset/spatialRaster/cellGeometry
KUBI,03967-metadata.xml,/eml:eml/additionalMetadata/metadata/unitList/ns2:unit/@id
KUBI,03967-metadata.xml,/eml:eml/additionalMetadata/metadata/unitList/ns2:unit/@multiplierToSI
KUBI,03967-metadata.xml,/eml:eml/additionalMetadata/metadata/unitList/ns2:unit/@parentSI
KUBI,03967-metadata.xml,/eml:eml/additionalMetadata/metadata/unitList/ns2:unit/ns2:description
KUBI,03968-metadata.xml,/eml:eml/@packageId
KUBI,03968-metadata.xml,/eml:eml/@system
KUBI,03968-metadata.xml,/eml:eml/@xsi:schemaLocation
KUBI,03968-metadata.xml,/eml:eml/dataset/title
KUBI,03968-metadata.xml,/eml:eml/dataset/creator/organizationName
KUBI,03968-metadata.xml,/eml:eml/dataset/keywordSet/keyword
KUBI,03968-metadata.xml,/eml:eml/dataset/keywordSet/keyword
KUBI,03968-metadata.xml,/eml:eml/dataset/keywordSet/keyword
KUBI,03968-metadata.xml,/eml:eml/dataset/keywordSet/keyword
KUBI,03968-metadata.xml,/eml:eml/dataset/coverage/geographicCoverage/geographicDescription
KUBI,03968-metadata.xml,/eml:eml/dataset/coverage/geographicCoverage/boundingCoordinates/westBoundingCoordinate
KUBI,03968-metadata.xml,/eml:eml/dataset/coverage/geographicCoverage/boundingCoordinates/eastBoundingCoordinate
KUBI,03968-metadata.xml,/eml:eml/dataset/coverage/geographicCoverage/boundingCoordinates/northBoundingCoordinate
KUBI,03968-metadata.xml,/eml:eml/dataset/coverage/geographicCoverage/boundingCoordinates/southBoundingCoordinate
KUBI,03968-metadata.xml,/eml:eml/dataset/coverage/temporalCoverage/rangeOfDates/beginDate/calendarDate
KUBI,03968-metadata.xml,/eml:eml/dataset/coverage/temporalCoverage/rangeOfDates/endDate/calendarDate
KUBI,03968-metadata.xml,/eml:eml/dataset/contact/organizationName
KUBI,03968-metadata.xml,/eml:eml/dataset/contact/address/deliveryPoint
KUBI,03968-metadata.xml,/eml:eml/dataset/contact/address/city
KUBI,03968-metadata.xml,/eml:eml/dataset/contact/address/administrativeArea
KUBI,03968-metadata.xml,/eml:eml/dataset/contact/address/postalCode
KUBI,03968-metadata.xml,/eml:eml/dataset/contact/address/country
KUBI,03968-metadata.xml,/eml:eml/dataset/contact/electronicMailAddress
KUBI,03968-metadata.xml,/eml:eml/dataset/contact/onlineUrl
KUBI,03968-metadata.xml,/eml:eml/dataset/spatialRaster/entityName
KUBI,03968-metadata.xml,/eml:eml/dataset/spatialRaster/physical/objectName
KUBI,03968-metadata.xml,/eml:eml/dataset/spatialRaster/physical/dataFormat/externallyDefinedFormat/formatName
KUBI,03968-metadata.xml,/eml:eml/dataset/spatialRaster/physical/distribution/online/url
KUBI,03968-metadata.xml,/eml:eml/dataset/spatialRaster/physical/distribution/online/url/@function
KUBI,03968-metadata.xml,/eml:eml/dataset/spatialRaster/attributeList/attribute/attributeName
KUBI,03968-metadata.xml,/eml:eml/dataset/spatialRaster/attributeList/attribute/attributeDefinition
KUBI,03968-metadata.xml,/eml:eml/dataset/spatialRaster/attributeList/attribute/storageType
KUBI,03968-metadata.xml,/eml:eml/dataset/spatialRaster/attributeList/attribute/measurementScale/interval/unit/customUnit
KUBI,03968-metadata.xml,/eml:eml/dataset/spatialRaster/attributeList/attribute/measurementScale/interval/numericDomain/numberType
KUBI,03968-metadata.xml,/eml:eml/dataset/spatialRaster/attributeList/attribute/measurementScale/interval/numericDomain/bounds/minimum
KUBI,03968-metadata.xml,/eml:eml/dataset/spatialRaster/attributeList/attribute/measurementScale/interval/numericDomain/bounds/minimum/@exclusive
KUBI,03968-metadata.xml,/eml:eml/dataset/spatialRaster/attributeList/attribute/measurementScale/interval/numericDomain/bounds/maximum
KUBI,03968-metadata.xml,/eml:eml/dataset/spatialRaster/attributeList/attribute/measurementScale/interval/numericDomain/bounds/maximum/@exclusive
KUBI,03968-metadata.xml,/eml:eml/dataset/spatialRaster/spatialReference/horizCoordSysDef/@name
KUBI,03968-metadata.xml,/eml:eml/dataset/spatialRaster/spatialReference/horizCoordSysDef/geogCoordSys/datum/@name
KUBI,03968-metadata.xml,/eml:eml/dataset/spatialRaster/spatialReference/horizCoordSysDef/geogCoordSys/spheroid/@denomFlatRatio
KUBI,03968-metadata.xml,/eml:eml/dataset/spatialRaster/spatialReference/horizCoordSysDef/geogCoordSys/spheroid/@name
KUBI,03968-metadata.xml,/eml:eml/dataset/spatialRaster/spatialReference/horizCoordSysDef/geogCoordSys/spheroid/@semiAxisMajor
KUBI,03968-metadata.xml,/eml:eml/dataset/spatialRaster/spatialReference/horizCoordSysDef/geogCoordSys/primeMeridian/@longitude
KUBI,03968-metadata.xml,/eml:eml/dataset/spatialRaster/spatialReference/horizCoordSysDef/geogCoordSys/primeMeridian/@name
KUBI,03968-metadata.xml,/eml:eml/dataset/spatialRaster/spatialReference/horizCoordSysDef/geogCoordSys/unit/@name
KUBI,03968-metadata.xml,/eml:eml/dataset/spatialRaster/horizontalAccuracy/accuracyReport
KUBI,03968-metadata.xml,/eml:eml/dataset/spatialRaster/verticalAccuracy/accuracyReport
KUBI,03968-metadata.xml,/eml:eml/dataset/spatialRaster/cellSizeXDirection
KUBI,03968-metadata.xml,/eml:eml/dataset/spatialRaster/cellSizeYDirection
KUBI,03968-metadata.xml,/eml:eml/dataset/spatialRaster/numberOfBands
KUBI,03968-metadata.xml,/eml:eml/dataset/spatialRaster/rasterOrigin
KUBI,03968-metadata.xml,/eml:eml/dataset/spatialRaster/rows
KUBI,03968-metadata.xml,/eml:eml/dataset/spatialRaster/columns
KUBI,03968-metadata.xml,/eml:eml/dataset/spatialRaster/verticals
KUBI,03968-metadata.xml,/eml:eml/dataset/spatialRaster/cellGeometry
KUBI,03968-metadata.xml,/eml:eml/additionalMetadata/metadata/unitList/ns2:unit/@id
KUBI,03968-metadata.xml,/eml:eml/additionalMetadata/metadata/unitList/ns2:unit/@multiplierToSI
KUBI,03968-metadata.xml,/eml:eml/additionalMetadata/metadata/unitList/ns2:unit/@parentSI
KUBI,03968-metadata.xml,/eml:eml/additionalMetadata/metadata/unitList/ns2:unit/ns2:description
KUBI,03969-metadata.xml,/eml:eml/@packageId
KUBI,03969-metadata.xml,/eml:eml/@system
KUBI,03969-metadata.xml,/eml:eml/@xsi:schemaLocation
KUBI,03969-metadata.xml,/eml:eml/dataset/title
KUBI,03969-metadata.xml,/eml:eml/dataset/creator/organizationName
KUBI,03969-metadata.xml,/eml:eml/dataset/keywordSet/keyword
KUBI,03969-metadata.xml,/eml:eml/dataset/keywordSet/keyword
KUBI,03969-metadata.xml,/eml:eml/dataset/keywordSet/keyword
KUBI,03969-metadata.xml,/eml:eml/dataset/keywordSet/keyword
KUBI,03969-metadata.xml,/eml:eml/dataset/keywordSet/keyword
KUBI,03969-metadata.xml,/eml:eml/dataset/coverage/geographicCoverage/geographicDescription
KUBI,03969-metadata.xml,/eml:eml/dataset/coverage/geographicCoverage/boundingCoordinates/westBoundingCoordinate
KUBI,03969-metadata.xml,/eml:eml/dataset/coverage/geographicCoverage/boundingCoordinates/eastBoundingCoordinate
KUBI,03969-metadata.xml,/eml:eml/dataset/coverage/geographicCoverage/boundingCoordinates/northBoundingCoordinate
KUBI,03969-metadata.xml,/eml:eml/dataset/coverage/geographicCoverage/boundingCoordinates/southBoundingCoordinate
KUBI,03969-metadata.xml,/eml:eml/dataset/coverage/temporalCoverage/rangeOfDates/beginDate/calendarDate
KUBI,03969-metadata.xml,/eml:eml/dataset/coverage/temporalCoverage/rangeOfDates/endDate/calendarDate
KUBI,03969-metadata.xml,/eml:eml/dataset/contact/organizationName
KUBI,03969-metadata.xml,/eml:eml/dataset/contact/address/deliveryPoint
KUBI,03969-metadata.xml,/eml:eml/dataset/contact/address/city
KUBI,03969-metadata.xml,/eml:eml/dataset/contact/address/administrativeArea
KUBI,03969-metadata.xml,/eml:eml/dataset/contact/address/postalCode
KUBI,03969-metadata.xml,/eml:eml/dataset/contact/address/country
KUBI,03969-metadata.xml,/eml:eml/dataset/contact/electronicMailAddress
KUBI,03969-metadata.xml,/eml:eml/dataset/contact/onlineUrl
KUBI,03969-metadata.xml,/eml:eml/dataset/spatialRaster/entityName
KUBI,03969-metadata.xml,/eml:eml/dataset/spatialRaster/physical/objectName
KUBI,03969-metadata.xml,/eml:eml/dataset/spatialRaster/physical/dataFormat/externallyDefinedFormat/formatName
KUBI,03969-metadata.xml,/eml:eml/dataset/spatialRaster/physical/distribution/online/url
KUBI,03969-metadata.xml,/eml:eml/dataset/spatialRaster/physical/distribution/online/url/@function
KUBI,03969-metadata.xml,/eml:eml/dataset/spatialRaster/attributeList/attribute/attributeName
KUBI,03969-metadata.xml,/eml:eml/dataset/spatialRaster/attributeList/attribute/attributeDefinition
KUBI,03969-metadata.xml,/eml:eml/dataset/spatialRaster/attributeList/attribute/storageType
KUBI,03969-metadata.xml,/eml:eml/dataset/spatialRaster/attributeList/attribute/measurementScale/interval/unit/customUnit
KUBI,03969-metadata.xml,/eml:eml/dataset/spatialRaster/attributeList/attribute/measurementScale/interval/numericDomain/numberType
KUBI,03969-metadata.xml,/eml:eml/dataset/spatialRaster/attributeList/attribute/measurementScale/interval/numericDomain/bounds/minimum
KUBI,03969-metadata.xml,/eml:eml/dataset/spatialRaster/attributeList/attribute/measurementScale/interval/numericDomain/bounds/minimum/@exclusive
KUBI,03969-metadata.xml,/eml:eml/dataset/spatialRaster/attributeList/attribute/measurementScale/interval/numericDomain/bounds/maximum
KUBI,03969-metadata.xml,/eml:eml/dataset/spatialRaster/attributeList/attribute/measurementScale/interval/numericDomain/bounds/maximum/@exclusive
KUBI,03969-metadata.xml,/eml:eml/dataset/spatialRaster/spatialReference/horizCoordSysDef/@name
KUBI,03969-metadata.xml,/eml:eml/dataset/spatialRaster/spatialReference/horizCoordSysDef/geogCoordSys/datum/@name
KUBI,03969-metadata.xml,/eml:eml/dataset/spatialRaster/spatialReference/horizCoordSysDef/geogCoordSys/spheroid/@denomFlatRatio
KUBI,03969-metadata.xml,/eml:eml/dataset/spatialRaster/spatialReference/horizCoordSysDef/geogCoordSys/spheroid/@name
KUBI,03969-metadata.xml,/eml:eml/dataset/spatialRaster/spatialReference/horizCoordSysDef/geogCoordSys/spheroid/@semiAxisMajor
KUBI,03969-metadata.xml,/eml:eml/dataset/spatialRaster/spatialReference/horizCoordSysDef/geogCoordSys/primeMeridian/@longitude
KUBI,03969-metadata.xml,/eml:eml/dataset/spatialRaster/spatialReference/horizCoordSysDef/geogCoordSys/primeMeridian/@name
KUBI,03969-metadata.xml,/eml:eml/dataset/spatialRaster/spatialReference/horizCoordSysDef/geogCoordSys/unit/@name
KUBI,03969-metadata.xml,/eml:eml/dataset/spatialRaster/horizontalAccuracy/accuracyReport
KUBI,03969-metadata.xml,/eml:eml/dataset/spatialRaster/verticalAccuracy/accuracyReport
KUBI,03969-metadata.xml,/eml:eml/dataset/spatialRaster/cellSizeXDirection
KUBI,03969-metadata.xml,/eml:eml/dataset/spatialRaster/cellSizeYDirection
KUBI,03969-metadata.xml,/eml:eml/dataset/spatialRaster/numberOfBands
KUBI,03969-metadata.xml,/eml:eml/dataset/spatialRaster/rasterOrigin
KUBI,03969-metadata.xml,/eml:eml/dataset/spatialRaster/rows
KUBI,03969-metadata.xml,/eml:eml/dataset/spatialRaster/columns
KUBI,03969-metadata.xml,/eml:eml/dataset/spatialRaster/verticals
KUBI,03969-metadata.xml,/eml:eml/dataset/spatialRaster/cellGeometry
KUBI,03969-metadata.xml,/eml:eml/additionalMetadata/metadata/unitList/ns2:unit/@id
KUBI,03969-metadata.xml,/eml:eml/additionalMetadata/metadata/unitList/ns2:unit/@multiplierToSI
KUBI,03969-metadata.xml,/eml:eml/additionalMetadata/metadata/unitList/ns2:unit/@parentSI
KUBI,03969-metadata.xml,/eml:eml/additionalMetadata/metadata/unitList/ns2:unit/ns2:description
KUBI,03970-metadata.xml,/eml:eml/@packageId
KUBI,03970-metadata.xml,/eml:eml/@system
KUBI,03970-metadata.xml,/eml:eml/@xsi:schemaLocation
KUBI,03970-metadata.xml,/eml:eml/dataset/title
KUBI,03970-metadata.xml,/eml:eml/dataset/creator/organizationName
KUBI,03970-metadata.xml,/eml:eml/dataset/keywordSet/keyword
KUBI,03970-metadata.xml,/eml:eml/dataset/keywordSet/keyword
KUBI,03970-metadata.xml,/eml:eml/dataset/keywordSet/keyword
KUBI,03970-metadata.xml,/eml:eml/dataset/keywordSet/keyword
KUBI,03970-metadata.xml,/eml:eml/dataset/coverage/geographicCoverage/geographicDescription
KUBI,03970-metadata.xml,/eml:eml/dataset/coverage/geographicCoverage/boundingCoordinates/westBoundingCoordinate
KUBI,03970-metadata.xml,/eml:eml/dataset/coverage/geographicCoverage/boundingCoordinates/eastBoundingCoordinate
KUBI,03970-metadata.xml,/eml:eml/dataset/coverage/geographicCoverage/boundingCoordinates/northBoundingCoordinate
KUBI,03970-metadata.xml,/eml:eml/dataset/coverage/geographicCoverage/boundingCoordinates/southBoundingCoordinate
KUBI,03970-metadata.xml,/eml:eml/dataset/coverage/temporalCoverage/rangeOfDates/beginDate/calendarDate
KUBI,03970-metadata.xml,/eml:eml/dataset/coverage/temporalCoverage/rangeOfDates/endDate/calendarDate
KUBI,03970-metadata.xml,/eml:eml/dataset/contact/organizationName
KUBI,03970-metadata.xml,/eml:eml/dataset/contact/address/deliveryPoint
KUBI,03970-metadata.xml,/eml:eml/dataset/contact/address/city
KUBI,03970-metadata.xml,/eml:eml/dataset/contact/address/administrativeArea
KUBI,03970-metadata.xml,/eml:eml/dataset/contact/address/postalCode
KUBI,03970-metadata.xml,/eml:eml/dataset/contact/address/country
KUBI,03970-metadata.xml,/eml:eml/dataset/contact/electronicMailAddress
KUBI,03970-metadata.xml,/eml:eml/dataset/contact/onlineUrl
KUBI,03970-metadata.xml,/eml:eml/dataset/spatialRaster/entityName
KUBI,03970-metadata.xml,/eml:eml/dataset/spatialRaster/physical/objectName
KUBI,03970-metadata.xml,/eml:eml/dataset/spatialRaster/physical/dataFormat/externallyDefinedFormat/formatName
KUBI,03970-metadata.xml,/eml:eml/dataset/spatialRaster/physical/distribution/online/url
KUBI,03970-metadata.xml,/eml:eml/dataset/spatialRaster/physical/distribution/online/url/@function
KUBI,03970-metadata.xml,/eml:eml/dataset/spatialRaster/attributeList/attribute/attributeName
KUBI,03970-metadata.xml,/eml:eml/dataset/spatialRaster/attributeList/attribute/attributeDefinition
KUBI,03970-metadata.xml,/eml:eml/dataset/spatialRaster/attributeList/attribute/storageType
KUBI,03970-metadata.xml,/eml:eml/dataset/spatialRaster/attributeList/attribute/measurementScale/interval/unit/customUnit
KUBI,03970-metadata.xml,/eml:eml/dataset/spatialRaster/attributeList/attribute/measurementScale/interval/numericDomain/numberType
KUBI,03970-metadata.xml,/eml:eml/dataset/spatialRaster/attributeList/attribute/measurementScale/interval/numericDomain/bounds/minimum
KUBI,03970-metadata.xml,/eml:eml/dataset/spatialRaster/attributeList/attribute/measurementScale/interval/numericDomain/bounds/minimum/@exclusive
KUBI,03970-metadata.xml,/eml:eml/dataset/spatialRaster/attributeList/attribute/measurementScale/interval/numericDomain/bounds/maximum
KUBI,03970-metadata.xml,/eml:eml/dataset/spatialRaster/attributeList/attribute/measurementScale/interval/numericDomain/bounds/maximum/@exclusive
KUBI,03970-metadata.xml,/eml:eml/dataset/spatialRaster/spatialReference/horizCoordSysDef/@name
KUBI,03970-metadata.xml,/eml:eml/dataset/spatialRaster/spatialReference/horizCoordSysDef/geogCoordSys/datum/@name
KUBI,03970-metadata.xml,/eml:eml/dataset/spatialRaster/spatialReference/horizCoordSysDef/geogCoordSys/spheroid/@denomFlatRatio
KUBI,03970-metadata.xml,/eml:eml/dataset/spatialRaster/spatialReference/horizCoordSysDef/geogCoordSys/spheroid/@name
KUBI,03970-metadata.xml,/eml:eml/dataset/spatialRaster/spatialReference/horizCoordSysDef/geogCoordSys/spheroid/@semiAxisMajor
KUBI,03970-metadata.xml,/eml:eml/dataset/spatialRaster/spatialReference/horizCoordSysDef/geogCoordSys/primeMeridian/@longitude
KUBI,03970-metadata.xml,/eml:eml/dataset/spatialRaster/spatialReference/horizCoordSysDef/geogCoordSys/primeMeridian/@name
KUBI,03970-metadata.xml,/eml:eml/dataset/spatialRaster/spatialReference/horizCoordSysDef/geogCoordSys/unit/@name
KUBI,03970-metadata.xml,/eml:eml/dataset/spatialRaster/horizontalAccuracy/accuracyReport
KUBI,03970-metadata.xml,/eml:eml/dataset/spatialRaster/verticalAccuracy/accuracyReport
KUBI,03970-metadata.xml,/eml:eml/dataset/spatialRaster/cellSizeXDirection
KUBI,03970-metadata.xml,/eml:eml/dataset/spatialRaster/cellSizeYDirection
KUBI,03970-metadata.xml,/eml:eml/dataset/spatialRaster/numberOfBands
KUBI,03970-metadata.xml,/eml:eml/dataset/spatialRaster/rasterOrigin
KUBI,03970-metadata.xml,/eml:eml/dataset/spatialRaster/rows
KUBI,03970-metadata.xml,/eml:eml/dataset/spatialRaster/columns
KUBI,03970-metadata.xml,/eml:eml/dataset/spatialRaster/verticals
KUBI,03970-metadata.xml,/eml:eml/dataset/spatialRaster/cellGeometry
KUBI,03970-metadata.xml,/eml:eml/additionalMetadata/metadata/unitList/ns2:unit/@id
KUBI,03970-metadata.xml,/eml:eml/additionalMetadata/metadata/unitList/ns2:unit/ns2:description
KUBI,03971-metadata.xml,/eml:eml/@packageId
KUBI,03971-metadata.xml,/eml:eml/@system
KUBI,03971-metadata.xml,/eml:eml/@xsi:schemaLocation
KUBI,03971-metadata.xml,/eml:eml/dataset/title
KUBI,03971-metadata.xml,/eml:eml/dataset/creator/organizationName
KUBI,03971-metadata.xml,/eml:eml/dataset/keywordSet/keyword
KUBI,03971-metadata.xml,/eml:eml/dataset/keywordSet/keyword
KUBI,03971-metadata.xml,/eml:eml/dataset/keywordSet/keyword
KUBI,03971-metadata.xml,/eml:eml/dataset/keywordSet/keyword
KUBI,03971-metadata.xml,/eml:eml/dataset/keywordSet/keyword
KUBI,03971-metadata.xml,/eml:eml/dataset/coverage/geographicCoverage/geographicDescription
KUBI,03971-metadata.xml,/eml:eml/dataset/coverage/geographicCoverage/boundingCoordinates/westBoundingCoordinate
KUBI,03971-metadata.xml,/eml:eml/dataset/coverage/geographicCoverage/boundingCoordinates/eastBoundingCoordinate
KUBI,03971-metadata.xml,/eml:eml/dataset/coverage/geographicCoverage/boundingCoordinates/northBoundingCoordinate
KUBI,03971-metadata.xml,/eml:eml/dataset/coverage/geographicCoverage/boundingCoordinates/southBoundingCoordinate
KUBI,03971-metadata.xml,/eml:eml/dataset/coverage/temporalCoverage/rangeOfDates/beginDate/calendarDate
KUBI,03971-metadata.xml,/eml:eml/dataset/coverage/temporalCoverage/rangeOfDates/endDate/calendarDate
KUBI,03971-metadata.xml,/eml:eml/dataset/contact/organizationName
KUBI,03971-metadata.xml,/eml:eml/dataset/contact/address/deliveryPoint
KUBI,03971-metadata.xml,/eml:eml/dataset/contact/address/city
KUBI,03971-metadata.xml,/eml:eml/dataset/contact/address/administrativeArea
KUBI,03971-metadata.xml,/eml:eml/dataset/contact/address/postalCode
KUBI,03971-metadata.xml,/eml:eml/dataset/contact/address/country
KUBI,03971-metadata.xml,/eml:eml/dataset/contact/electronicMailAddress
KUBI,03971-metadata.xml,/eml:eml/dataset/contact/onlineUrl
KUBI,03971-metadata.xml,/eml:eml/dataset/spatialRaster/entityName
KUBI,03971-metadata.xml,/eml:eml/dataset/spatialRaster/physical/objectName
KUBI,03971-metadata.xml,/eml:eml/dataset/spatialRaster/physical/dataFormat/externallyDefinedFormat/formatName
KUBI,03971-metadata.xml,/eml:eml/dataset/spatialRaster/physical/distribution/online/url
KUBI,03971-metadata.xml,/eml:eml/dataset/spatialRaster/physical/distribution/online/url/@function
KUBI,03971-metadata.xml,/eml:eml/dataset/spatialRaster/attributeList/attribute/attributeName
KUBI,03971-metadata.xml,/eml:eml/dataset/spatialRaster/attributeList/attribute/attributeDefinition
KUBI,03971-metadata.xml,/eml:eml/dataset/spatialRaster/attributeList/attribute/storageType
KUBI,03971-metadata.xml,/eml:eml/dataset/spatialRaster/attributeList/attribute/measurementScale/interval/unit/customUnit
KUBI,03971-metadata.xml,/eml:eml/dataset/spatialRaster/attributeList/attribute/measurementScale/interval/numericDomain/numberType
KUBI,03971-metadata.xml,/eml:eml/dataset/spatialRaster/attributeList/attribute/measurementScale/interval/numericDomain/bounds/minimum
KUBI,03971-metadata.xml,/eml:eml/dataset/spatialRaster/attributeList/attribute/measurementScale/interval/numericDomain/bounds/minimum/@exclusive
KUBI,03971-metadata.xml,/eml:eml/dataset/spatialRaster/attributeList/attribute/measurementScale/interval/numericDomain/bounds/maximum
KUBI,03971-metadata.xml,/eml:eml/dataset/spatialRaster/attributeList/attribute/measurementScale/interval/numericDomain/bounds/maximum/@exclusive
KUBI,03971-metadata.xml,/eml:eml/dataset/spatialRaster/spatialReference/horizCoordSysDef/@name
KUBI,03971-metadata.xml,/eml:eml/dataset/spatialRaster/spatialReference/horizCoordSysDef/geogCoordSys/datum/@name
KUBI,03971-metadata.xml,/eml:eml/dataset/spatialRaster/spatialReference/horizCoordSysDef/geogCoordSys/spheroid/@denomFlatRatio
KUBI,03971-metadata.xml,/eml:eml/dataset/spatialRaster/spatialReference/horizCoordSysDef/geogCoordSys/spheroid/@name
KUBI,03971-metadata.xml,/eml:eml/dataset/spatialRaster/spatialReference/horizCoordSysDef/geogCoordSys/spheroid/@semiAxisMajor
KUBI,03971-metadata.xml,/eml:eml/dataset/spatialRaster/spatialReference/horizCoordSysDef/geogCoordSys/primeMeridian/@longitude
KUBI,03971-metadata.xml,/eml:eml/dataset/spatialRaster/spatialReference/horizCoordSysDef/geogCoordSys/primeMeridian/@name
KUBI,03971-metadata.xml,/eml:eml/dataset/spatialRaster/spatialReference/horizCoordSysDef/geogCoordSys/unit/@name
KUBI,03971-metadata.xml,/eml:eml/dataset/spatialRaster/horizontalAccuracy/accuracyReport
KUBI,03971-metadata.xml,/eml:eml/dataset/spatialRaster/verticalAccuracy/accuracyReport
KUBI,03971-metadata.xml,/eml:eml/dataset/spatialRaster/cellSizeXDirection
KUBI,03971-metadata.xml,/eml:eml/dataset/spatialRaster/cellSizeYDirection
KUBI,03971-metadata.xml,/eml:eml/dataset/spatialRaster/numberOfBands
KUBI,03971-metadata.xml,/eml:eml/dataset/spatialRaster/rasterOrigin
KUBI,03971-metadata.xml,/eml:eml/dataset/spatialRaster/rows
KUBI,03971-metadata.xml,/eml:eml/dataset/spatialRaster/columns
KUBI,03971-metadata.xml,/eml:eml/dataset/spatialRaster/verticals
KUBI,03971-metadata.xml,/eml:eml/dataset/spatialRaster/cellGeometry
KUBI,03971-metadata.xml,/eml:eml/additionalMetadata/metadata/unitList/ns2:unit/@id
KUBI,03971-metadata.xml,/eml:eml/additionalMetadata/metadata/unitList/ns2:unit/@multiplierToSI
KUBI,03971-metadata.xml,/eml:eml/additionalMetadata/metadata/unitList/ns2:unit/@parentSI
KUBI,03971-metadata.xml,/eml:eml/additionalMetadata/metadata/unitList/ns2:unit/ns2:description
KUBI,03972-metadata.xml,/eml:eml/@packageId
KUBI,03972-metadata.xml,/eml:eml/@system
KUBI,03972-metadata.xml,/eml:eml/@xsi:schemaLocation
KUBI,03972-metadata.xml,/eml:eml/dataset/title
KUBI,03972-metadata.xml,/eml:eml/dataset/creator/organizationName
KUBI,03972-metadata.xml,/eml:eml/dataset/keywordSet/keyword
KUBI,03972-metadata.xml,/eml:eml/dataset/keywordSet/keyword
KUBI,03972-metadata.xml,/eml:eml/dataset/keywordSet/keyword
KUBI,03972-metadata.xml,/eml:eml/dataset/keywordSet/keyword
KUBI,03972-metadata.xml,/eml:eml/dataset/coverage/geographicCoverage/geographicDescription
KUBI,03972-metadata.xml,/eml:eml/dataset/coverage/geographicCoverage/boundingCoordinates/westBoundingCoordinate
KUBI,03972-metadata.xml,/eml:eml/dataset/coverage/geographicCoverage/boundingCoordinates/eastBoundingCoordinate
KUBI,03972-metadata.xml,/eml:eml/dataset/coverage/geographicCoverage/boundingCoordinates/northBoundingCoordinate
KUBI,03972-metadata.xml,/eml:eml/dataset/coverage/geographicCoverage/boundingCoordinates/southBoundingCoordinate
KUBI,03972-metadata.xml,/eml:eml/dataset/coverage/temporalCoverage/rangeOfDates/beginDate/calendarDate
KUBI,03972-metadata.xml,/eml:eml/dataset/coverage/temporalCoverage/rangeOfDates/endDate/calendarDate
KUBI,03972-metadata.xml,/eml:eml/dataset/contact/organizationName
KUBI,03972-metadata.xml,/eml:eml/dataset/contact/address/deliveryPoint
KUBI,03972-metadata.xml,/eml:eml/dataset/contact/address/city
KUBI,03972-metadata.xml,/eml:eml/dataset/contact/address/administrativeArea
KUBI,03972-metadata.xml,/eml:eml/dataset/contact/address/postalCode
KUBI,03972-metadata.xml,/eml:eml/dataset/contact/address/country
KUBI,03972-metadata.xml,/eml:eml/dataset/contact/electronicMailAddress
KUBI,03972-metadata.xml,/eml:eml/dataset/contact/onlineUrl
KUBI,03972-metadata.xml,/eml:eml/dataset/spatialRaster/entityName
KUBI,03972-metadata.xml,/eml:eml/dataset/spatialRaster/physical/objectName
KUBI,03972-metadata.xml,/eml:eml/dataset/spatialRaster/physical/dataFormat/externallyDefinedFormat/formatName
KUBI,03972-metadata.xml,/eml:eml/dataset/spatialRaster/physical/distribution/online/url
KUBI,03972-metadata.xml,/eml:eml/dataset/spatialRaster/physical/distribution/online/url/@function
KUBI,03972-metadata.xml,/eml:eml/dataset/spatialRaster/attributeList/attribute/attributeName
KUBI,03972-metadata.xml,/eml:eml/dataset/spatialRaster/attributeList/attribute/attributeDefinition
KUBI,03972-metadata.xml,/eml:eml/dataset/spatialRaster/attributeList/attribute/storageType
KUBI,03972-metadata.xml,/eml:eml/dataset/spatialRaster/attributeList/attribute/measurementScale/interval/unit/customUnit
KUBI,03972-metadata.xml,/eml:eml/dataset/spatialRaster/attributeList/attribute/measurementScale/interval/numericDomain/numberType
KUBI,03972-metadata.xml,/eml:eml/dataset/spatialRaster/attributeList/attribute/measurementScale/interval/numericDomain/bounds/minimum
KUBI,03972-metadata.xml,/eml:eml/dataset/spatialRaster/attributeList/attribute/measurementScale/interval/numericDomain/bounds/minimum/@exclusive
KUBI,03972-metadata.xml,/eml:eml/dataset/spatialRaster/attributeList/attribute/measurementScale/interval/numericDomain/bounds/maximum
KUBI,03972-metadata.xml,/eml:eml/dataset/spatialRaster/attributeList/attribute/measurementScale/interval/numericDomain/bounds/maximum/@exclusive
KUBI,03972-metadata.xml,/eml:eml/dataset/spatialRaster/spatialReference/horizCoordSysDef/@name
KUBI,03972-metadata.xml,/eml:eml/dataset/spatialRaster/spatialReference/horizCoordSysDef/geogCoordSys/datum/@name
KUBI,03972-metadata.xml,/eml:eml/dataset/spatialRaster/spatialReference/horizCoordSysDef/geogCoordSys/spheroid/@denomFlatRatio
KUBI,03972-metadata.xml,/eml:eml/dataset/spatialRaster/spatialReference/horizCoordSysDef/geogCoordSys/spheroid/@name
KUBI,03972-metadata.xml,/eml:eml/dataset/spatialRaster/spatialReference/horizCoordSysDef/geogCoordSys/spheroid/@semiAxisMajor
KUBI,03972-metadata.xml,/eml:eml/dataset/spatialRaster/spatialReference/horizCoordSysDef/geogCoordSys/primeMeridian/@longitude
KUBI,03972-metadata.xml,/eml:eml/dataset/spatialRaster/spatialReference/horizCoordSysDef/geogCoordSys/primeMeridian/@name
KUBI,03972-metadata.xml,/eml:eml/dataset/spatialRaster/spatialReference/horizCoordSysDef/geogCoordSys/unit/@name
KUBI,03972-metadata.xml,/eml:eml/dataset/spatialRaster/horizontalAccuracy/accuracyReport
KUBI,03972-metadata.xml,/eml:eml/dataset/spatialRaster/verticalAccuracy/accuracyReport
KUBI,03972-metadata.xml,/eml:eml/dataset/spatialRaster/cellSizeXDirection
KUBI,03972-metadata.xml,/eml:eml/dataset/spatialRaster/cellSizeYDirection
KUBI,03972-metadata.xml,/eml:eml/dataset/spatialRaster/numberOfBands
KUBI,03972-metadata.xml,/eml:eml/dataset/spatialRaster/rasterOrigin
KUBI,03972-metadata.xml,/eml:eml/dataset/spatialRaster/rows
KUBI,03972-metadata.xml,/eml:eml/dataset/spatialRaster/columns
KUBI,03972-metadata.xml,/eml:eml/dataset/spatialRaster/verticals
KUBI,03972-metadata.xml,/eml:eml/dataset/spatialRaster/cellGeometry
KUBI,03972-metadata.xml,/eml:eml/additionalMetadata/metadata/unitList/ns2:unit/@id
KUBI,03972-metadata.xml,/eml:eml/additionalMetadata/metadata/unitList/ns2:unit/@multiplierToSI
KUBI,03972-metadata.xml,/eml:eml/additionalMetadata/metadata/unitList/ns2:unit/@parentSI
KUBI,03972-metadata.xml,/eml:eml/additionalMetadata/metadata/unitList/ns2:unit/ns2:description
KUBI,03973-metadata.xml,/eml:eml/@packageId
KUBI,03973-metadata.xml,/eml:eml/@system
KUBI,03973-metadata.xml,/eml:eml/@xsi:schemaLocation
KUBI,03973-metadata.xml,/eml:eml/dataset/title
KUBI,03973-metadata.xml,/eml:eml/dataset/creator/organizationName
KUBI,03973-metadata.xml,/eml:eml/dataset/keywordSet/keyword
KUBI,03973-metadata.xml,/eml:eml/dataset/keywordSet/keyword
KUBI,03973-metadata.xml,/eml:eml/dataset/keywordSet/keyword
KUBI,03973-metadata.xml,/eml:eml/dataset/keywordSet/keyword
KUBI,03973-metadata.xml,/eml:eml/dataset/keywordSet/keyword
KUBI,03973-metadata.xml,/eml:eml/dataset/coverage/geographicCoverage/geographicDescription
KUBI,03973-metadata.xml,/eml:eml/dataset/coverage/geographicCoverage/boundingCoordinates/westBoundingCoordinate
KUBI,03973-metadata.xml,/eml:eml/dataset/coverage/geographicCoverage/boundingCoordinates/eastBoundingCoordinate
KUBI,03973-metadata.xml,/eml:eml/dataset/coverage/geographicCoverage/boundingCoordinates/northBoundingCoordinate
KUBI,03973-metadata.xml,/eml:eml/dataset/coverage/geographicCoverage/boundingCoordinates/southBoundingCoordinate
KUBI,03973-metadata.xml,/eml:eml/dataset/coverage/temporalCoverage/rangeOfDates/beginDate/calendarDate
KUBI,03973-metadata.xml,/eml:eml/dataset/coverage/temporalCoverage/rangeOfDates/endDate/calendarDate
KUBI,03973-metadata.xml,/eml:eml/dataset/contact/organizationName
KUBI,03973-metadata.xml,/eml:eml/dataset/contact/address/deliveryPoint
KUBI,03973-metadata.xml,/eml:eml/dataset/contact/address/city
KUBI,03973-metadata.xml,/eml:eml/dataset/contact/address/administrativeArea
KUBI,03973-metadata.xml,/eml:eml/dataset/contact/address/postalCode
KUBI,03973-metadata.xml,/eml:eml/dataset/contact/address/country
KUBI,03973-metadata.xml,/eml:eml/dataset/contact/electronicMailAddress
KUBI,03973-metadata.xml,/eml:eml/dataset/contact/onlineUrl
KUBI,03973-metadata.xml,/eml:eml/dataset/spatialRaster/entityName
KUBI,03973-metadata.xml,/eml:eml/dataset/spatialRaster/physical/objectName
KUBI,03973-metadata.xml,/eml:eml/dataset/spatialRaster/physical/dataFormat/externallyDefinedFormat/formatName
KUBI,03973-metadata.xml,/eml:eml/dataset/spatialRaster/physical/distribution/online/url
KUBI,03973-metadata.xml,/eml:eml/dataset/spatialRaster/physical/distribution/online/url/@function
KUBI,03973-metadata.xml,/eml:eml/dataset/spatialRaster/attributeList/attribute/attributeName
KUBI,03973-metadata.xml,/eml:eml/dataset/spatialRaster/attributeList/attribute/attributeDefinition
KUBI,03973-metadata.xml,/eml:eml/dataset/spatialRaster/attributeList/attribute/storageType
KUBI,03973-metadata.xml,/eml:eml/dataset/spatialRaster/attributeList/attribute/measurementScale/interval/unit/customUnit
KUBI,03973-metadata.xml,/eml:eml/dataset/spatialRaster/attributeList/attribute/measurementScale/interval/numericDomain/numberType
KUBI,03973-metadata.xml,/eml:eml/dataset/spatialRaster/attributeList/attribute/measurementScale/interval/numericDomain/bounds/minimum
KUBI,03973-metadata.xml,/eml:eml/dataset/spatialRaster/attributeList/attribute/measurementScale/interval/numericDomain/bounds/minimum/@exclusive
KUBI,03973-metadata.xml,/eml:eml/dataset/spatialRaster/attributeList/attribute/measurementScale/interval/numericDomain/bounds/maximum
KUBI,03973-metadata.xml,/eml:eml/dataset/spatialRaster/attributeList/attribute/measurementScale/interval/numericDomain/bounds/maximum/@exclusive
KUBI,03973-metadata.xml,/eml:eml/dataset/spatialRaster/spatialReference/horizCoordSysDef/@name
KUBI,03973-metadata.xml,/eml:eml/dataset/spatialRaster/spatialReference/horizCoordSysDef/geogCoordSys/datum/@name
KUBI,03973-metadata.xml,/eml:eml/dataset/spatialRaster/spatialReference/horizCoordSysDef/geogCoordSys/spheroid/@denomFlatRatio
KUBI,03973-metadata.xml,/eml:eml/dataset/spatialRaster/spatialReference/horizCoordSysDef/geogCoordSys/spheroid/@name
KUBI,03973-metadata.xml,/eml:eml/dataset/spatialRaster/spatialReference/horizCoordSysDef/geogCoordSys/spheroid/@semiAxisMajor
KUBI,03973-metadata.xml,/eml:eml/dataset/spatialRaster/spatialReference/horizCoordSysDef/geogCoordSys/primeMeridian/@longitude
KUBI,03973-metadata.xml,/eml:eml/dataset/spatialRaster/spatialReference/horizCoordSysDef/geogCoordSys/primeMeridian/@name
KUBI,03973-metadata.xml,/eml:eml/dataset/spatialRaster/spatialReference/horizCoordSysDef/geogCoordSys/unit/@name
KUBI,03973-metadata.xml,/eml:eml/dataset/spatialRaster/horizontalAccuracy/accuracyReport
KUBI,03973-metadata.xml,/eml:eml/dataset/spatialRaster/verticalAccuracy/accuracyReport
KUBI,03973-metadata.xml,/eml:eml/dataset/spatialRaster/cellSizeXDirection
KUBI,03973-metadata.xml,/eml:eml/dataset/spatialRaster/cellSizeYDirection
KUBI,03973-metadata.xml,/eml:eml/dataset/spatialRaster/numberOfBands
KUBI,03973-metadata.xml,/eml:eml/dataset/spatialRaster/rasterOrigin
KUBI,03973-metadata.xml,/eml:eml/dataset/spatialRaster/rows
KUBI,03973-metadata.xml,/eml:eml/dataset/spatialRaster/columns
KUBI,03973-metadata.xml,/eml:eml/dataset/spatialRaster/verticals
KUBI,03973-metadata.xml,/eml:eml/dataset/spatialRaster/cellGeometry
KUBI,03973-metadata.xml,/eml:eml/additionalMetadata/metadata/unitList/ns2:unit/@id
KUBI,03973-metadata.xml,/eml:eml/additionalMetadata/metadata/unitList/ns2:unit/@multiplierToSI
KUBI,03973-metadata.xml,/eml:eml/additionalMetadata/metadata/unitList/ns2:unit/@parentSI
KUBI,03973-metadata.xml,/eml:eml/additionalMetadata/metadata/unitList/ns2:unit/ns2:description
KUBI,03974-metadata.xml,/eml:eml/@packageId
KUBI,03974-metadata.xml,/eml:eml/@system
KUBI,03974-metadata.xml,/eml:eml/@xsi:schemaLocation
KUBI,03974-metadata.xml,/eml:eml/dataset/title
KUBI,03974-metadata.xml,/eml:eml/dataset/creator/organizationName
KUBI,03974-metadata.xml,/eml:eml/dataset/keywordSet/keyword
KUBI,03974-metadata.xml,/eml:eml/dataset/keywordSet/keyword
KUBI,03974-metadata.xml,/eml:eml/dataset/keywordSet/keyword
KUBI,03974-metadata.xml,/eml:eml/dataset/keywordSet/keyword
KUBI,03974-metadata.xml,/eml:eml/dataset/keywordSet/keyword
KUBI,03974-metadata.xml,/eml:eml/dataset/coverage/geographicCoverage/geographicDescription
KUBI,03974-metadata.xml,/eml:eml/dataset/coverage/geographicCoverage/boundingCoordinates/westBoundingCoordinate
KUBI,03974-metadata.xml,/eml:eml/dataset/coverage/geographicCoverage/boundingCoordinates/eastBoundingCoordinate
KUBI,03974-metadata.xml,/eml:eml/dataset/coverage/geographicCoverage/boundingCoordinates/northBoundingCoordinate
KUBI,03974-metadata.xml,/eml:eml/dataset/coverage/geographicCoverage/boundingCoordinates/southBoundingCoordinate
KUBI,03974-metadata.xml,/eml:eml/dataset/coverage/temporalCoverage/rangeOfDates/beginDate/calendarDate
KUBI,03974-metadata.xml,/eml:eml/dataset/coverage/temporalCoverage/rangeOfDates/endDate/calendarDate
KUBI,03974-metadata.xml,/eml:eml/dataset/contact/organizationName
KUBI,03974-metadata.xml,/eml:eml/dataset/contact/address/deliveryPoint
KUBI,03974-metadata.xml,/eml:eml/dataset/contact/address/city
KUBI,03974-metadata.xml,/eml:eml/dataset/contact/address/administrativeArea
KUBI,03974-metadata.xml,/eml:eml/dataset/contact/address/postalCode
KUBI,03974-metadata.xml,/eml:eml/dataset/contact/address/country
KUBI,03974-metadata.xml,/eml:eml/dataset/contact/electronicMailAddress
KUBI,03974-metadata.xml,/eml:eml/dataset/contact/onlineUrl
KUBI,03974-metadata.xml,/eml:eml/dataset/spatialRaster/entityName
KUBI,03974-metadata.xml,/eml:eml/dataset/spatialRaster/physical/objectName
KUBI,03974-metadata.xml,/eml:eml/dataset/spatialRaster/physical/dataFormat/externallyDefinedFormat/formatName
KUBI,03974-metadata.xml,/eml:eml/dataset/spatialRaster/physical/distribution/online/url
KUBI,03974-metadata.xml,/eml:eml/dataset/spatialRaster/physical/distribution/online/url/@function
KUBI,03974-metadata.xml,/eml:eml/dataset/spatialRaster/attributeList/attribute/attributeName
KUBI,03974-metadata.xml,/eml:eml/dataset/spatialRaster/attributeList/attribute/attributeDefinition
KUBI,03974-metadata.xml,/eml:eml/dataset/spatialRaster/attributeList/attribute/storageType
KUBI,03974-metadata.xml,/eml:eml/dataset/spatialRaster/attributeList/attribute/measurementScale/interval/unit/customUnit
KUBI,03974-metadata.xml,/eml:eml/dataset/spatialRaster/attributeList/attribute/measurementScale/interval/numericDomain/numberType
KUBI,03974-metadata.xml,/eml:eml/dataset/spatialRaster/attributeList/attribute/measurementScale/interval/numericDomain/bounds/minimum
KUBI,03974-metadata.xml,/eml:eml/dataset/spatialRaster/attributeList/attribute/measurementScale/interval/numericDomain/bounds/minimum/@exclusive
KUBI,03974-metadata.xml,/eml:eml/dataset/spatialRaster/attributeList/attribute/measurementScale/interval/numericDomain/bounds/maximum
KUBI,03974-metadata.xml,/eml:eml/dataset/spatialRaster/attributeList/attribute/measurementScale/interval/numericDomain/bounds/maximum/@exclusive
KUBI,03974-metadata.xml,/eml:eml/dataset/spatialRaster/spatialReference/horizCoordSysDef/@name
KUBI,03974-metadata.xml,/eml:eml/dataset/spatialRaster/spatialReference/horizCoordSysDef/geogCoordSys/datum/@name
KUBI,03974-metadata.xml,/eml:eml/dataset/spatialRaster/spatialReference/horizCoordSysDef/geogCoordSys/spheroid/@denomFlatRatio
KUBI,03974-metadata.xml,/eml:eml/dataset/spatialRaster/spatialReference/horizCoordSysDef/geogCoordSys/spheroid/@name
KUBI,03974-metadata.xml,/eml:eml/dataset/spatialRaster/spatialReference/horizCoordSysDef/geogCoordSys/spheroid/@semiAxisMajor
KUBI,03974-metadata.xml,/eml:eml/dataset/spatialRaster/spatialReference/horizCoordSysDef/geogCoordSys/primeMeridian/@longitude
KUBI,03974-metadata.xml,/eml:eml/dataset/spatialRaster/spatialReference/horizCoordSysDef/geogCoordSys/primeMeridian/@name
KUBI,03974-metadata.xml,/eml:eml/dataset/spatialRaster/spatialReference/horizCoordSysDef/geogCoordSys/unit/@name
KUBI,03974-metadata.xml,/eml:eml/dataset/spatialRaster/horizontalAccuracy/accuracyReport
KUBI,03974-metadata.xml,/eml:eml/dataset/spatialRaster/verticalAccuracy/accuracyReport
KUBI,03974-metadata.xml,/eml:eml/dataset/spatialRaster/cellSizeXDirection
KUBI,03974-metadata.xml,/eml:eml/dataset/spatialRaster/cellSizeYDirection
KUBI,03974-metadata.xml,/eml:eml/dataset/spatialRaster/numberOfBands
KUBI,03974-metadata.xml,/eml:eml/dataset/spatialRaster/rasterOrigin
KUBI,03974-metadata.xml,/eml:eml/dataset/spatialRaster/rows
KUBI,03974-metadata.xml,/eml:eml/dataset/spatialRaster/columns
KUBI,03974-metadata.xml,/eml:eml/dataset/spatialRaster/verticals
KUBI,03974-metadata.xml,/eml:eml/dataset/spatialRaster/cellGeometry
KUBI,03974-metadata.xml,/eml:eml/additionalMetadata/metadata/unitList/ns2:unit/@id
KUBI,03974-metadata.xml,/eml:eml/additionalMetadata/metadata/unitList/ns2:unit/@multiplierToSI
KUBI,03974-metadata.xml,/eml:eml/additionalMetadata/metadata/unitList/ns2:unit/@parentSI
KUBI,03974-metadata.xml,/eml:eml/additionalMetadata/metadata/unitList/ns2:unit/ns2:description
KUBI,03975-metadata.xml,/eml:eml/@packageId
KUBI,03975-metadata.xml,/eml:eml/@system
KUBI,03975-metadata.xml,/eml:eml/@xsi:schemaLocation
KUBI,03975-metadata.xml,/eml:eml/dataset/title
KUBI,03975-metadata.xml,/eml:eml/dataset/creator/organizationName
KUBI,03975-metadata.xml,/eml:eml/dataset/keywordSet/keyword
KUBI,03975-metadata.xml,/eml:eml/dataset/keywordSet/keyword
KUBI,03975-metadata.xml,/eml:eml/dataset/keywordSet/keyword
KUBI,03975-metadata.xml,/eml:eml/dataset/keywordSet/keyword
KUBI,03975-metadata.xml,/eml:eml/dataset/coverage/geographicCoverage/geographicDescription
KUBI,03975-metadata.xml,/eml:eml/dataset/coverage/geographicCoverage/boundingCoordinates/westBoundingCoordinate
KUBI,03975-metadata.xml,/eml:eml/dataset/coverage/geographicCoverage/boundingCoordinates/eastBoundingCoordinate
KUBI,03975-metadata.xml,/eml:eml/dataset/coverage/geographicCoverage/boundingCoordinates/northBoundingCoordinate
KUBI,03975-metadata.xml,/eml:eml/dataset/coverage/geographicCoverage/boundingCoordinates/southBoundingCoordinate
KUBI,03975-metadata.xml,/eml:eml/dataset/coverage/temporalCoverage/rangeOfDates/beginDate/calendarDate
KUBI,03975-metadata.xml,/eml:eml/dataset/coverage/temporalCoverage/rangeOfDates/endDate/calendarDate
KUBI,03975-metadata.xml,/eml:eml/dataset/contact/organizationName
KUBI,03975-metadata.xml,/eml:eml/dataset/contact/address/deliveryPoint
KUBI,03975-metadata.xml,/eml:eml/dataset/contact/address/city
KUBI,03975-metadata.xml,/eml:eml/dataset/contact/address/administrativeArea
KUBI,03975-metadata.xml,/eml:eml/dataset/contact/address/postalCode
KUBI,03975-metadata.xml,/eml:eml/dataset/contact/address/country
KUBI,03975-metadata.xml,/eml:eml/dataset/contact/electronicMailAddress
KUBI,03975-metadata.xml,/eml:eml/dataset/contact/onlineUrl
KUBI,03975-metadata.xml,/eml:eml/dataset/spatialRaster/entityName
KUBI,03975-metadata.xml,/eml:eml/dataset/spatialRaster/physical/objectName
KUBI,03975-metadata.xml,/eml:eml/dataset/spatialRaster/physical/dataFormat/externallyDefinedFormat/formatName
KUBI,03975-metadata.xml,/eml:eml/dataset/spatialRaster/physical/distribution/online/url
KUBI,03975-metadata.xml,/eml:eml/dataset/spatialRaster/physical/distribution/online/url/@function
KUBI,03975-metadata.xml,/eml:eml/dataset/spatialRaster/attributeList/attribute/attributeName
KUBI,03975-metadata.xml,/eml:eml/dataset/spatialRaster/attributeList/attribute/attributeDefinition
KUBI,03975-metadata.xml,/eml:eml/dataset/spatialRaster/attributeList/attribute/storageType
KUBI,03975-metadata.xml,/eml:eml/dataset/spatialRaster/attributeList/attribute/measurementScale/interval/unit/standardUnit
KUBI,03975-metadata.xml,/eml:eml/dataset/spatialRaster/attributeList/attribute/measurementScale/interval/numericDomain/numberType
KUBI,03975-metadata.xml,/eml:eml/dataset/spatialRaster/attributeList/attribute/measurementScale/interval/numericDomain/bounds/minimum
KUBI,03975-metadata.xml,/eml:eml/dataset/spatialRaster/attributeList/attribute/measurementScale/interval/numericDomain/bounds/minimum/@exclusive
KUBI,03975-metadata.xml,/eml:eml/dataset/spatialRaster/attributeList/attribute/measurementScale/interval/numericDomain/bounds/maximum
KUBI,03975-metadata.xml,/eml:eml/dataset/spatialRaster/attributeList/attribute/measurementScale/interval/numericDomain/bounds/maximum/@exclusive
KUBI,03975-metadata.xml,/eml:eml/dataset/spatialRaster/spatialReference/horizCoordSysDef/@name
KUBI,03975-metadata.xml,/eml:eml/dataset/spatialRaster/spatialReference/horizCoordSysDef/geogCoordSys/datum/@name
KUBI,03975-metadata.xml,/eml:eml/dataset/spatialRaster/spatialReference/horizCoordSysDef/geogCoordSys/spheroid/@denomFlatRatio
KUBI,03975-metadata.xml,/eml:eml/dataset/spatialRaster/spatialReference/horizCoordSysDef/geogCoordSys/spheroid/@name
KUBI,03975-metadata.xml,/eml:eml/dataset/spatialRaster/spatialReference/horizCoordSysDef/geogCoordSys/spheroid/@semiAxisMajor
KUBI,03975-metadata.xml,/eml:eml/dataset/spatialRaster/spatialReference/horizCoordSysDef/geogCoordSys/primeMeridian/@longitude
KUBI,03975-metadata.xml,/eml:eml/dataset/spatialRaster/spatialReference/horizCoordSysDef/geogCoordSys/primeMeridian/@name
KUBI,03975-metadata.xml,/eml:eml/dataset/spatialRaster/spatialReference/horizCoordSysDef/geogCoordSys/unit/@name
KUBI,03975-metadata.xml,/eml:eml/dataset/spatialRaster/horizontalAccuracy/accuracyReport
KUBI,03975-metadata.xml,/eml:eml/dataset/spatialRaster/verticalAccuracy/accuracyReport
KUBI,03975-metadata.xml,/eml:eml/dataset/spatialRaster/cellSizeXDirection
KUBI,03975-metadata.xml,/eml:eml/dataset/spatialRaster/cellSizeYDirection
KUBI,03975-metadata.xml,/eml:eml/dataset/spatialRaster/numberOfBands
KUBI,03975-metadata.xml,/eml:eml/dataset/spatialRaster/rasterOrigin
KUBI,03975-metadata.xml,/eml:eml/dataset/spatialRaster/rows
KUBI,03975-metadata.xml,/eml:eml/dataset/spatialRaster/columns
KUBI,03975-metadata.xml,/eml:eml/dataset/spatialRaster/verticals
KUBI,03975-metadata.xml,/eml:eml/dataset/spatialRaster/cellGeometry
KUBI,03976-metadata.xml,/eml:eml/@packageId
KUBI,03976-metadata.xml,/eml:eml/@system
KUBI,03976-metadata.xml,/eml:eml/@xsi:schemaLocation
KUBI,03976-metadata.xml,/eml:eml/dataset/title
KUBI,03976-metadata.xml,/eml:eml/dataset/creator/organizationName
KUBI,03976-metadata.xml,/eml:eml/dataset/keywordSet/keyword
KUBI,03976-metadata.xml,/eml:eml/dataset/keywordSet/keyword
KUBI,03976-metadata.xml,/eml:eml/dataset/keywordSet/keyword
KUBI,03976-metadata.xml,/eml:eml/dataset/keywordSet/keyword
KUBI,03976-metadata.xml,/eml:eml/dataset/coverage/geographicCoverage/geographicDescription
KUBI,03976-metadata.xml,/eml:eml/dataset/coverage/geographicCoverage/boundingCoordinates/westBoundingCoordinate
KUBI,03976-metadata.xml,/eml:eml/dataset/coverage/geographicCoverage/boundingCoordinates/eastBoundingCoordinate
KUBI,03976-metadata.xml,/eml:eml/dataset/coverage/geographicCoverage/boundingCoordinates/northBoundingCoordinate
KUBI,03976-metadata.xml,/eml:eml/dataset/coverage/geographicCoverage/boundingCoordinates/southBoundingCoordinate
KUBI,03976-metadata.xml,/eml:eml/dataset/coverage/temporalCoverage/rangeOfDates/beginDate/calendarDate
KUBI,03976-metadata.xml,/eml:eml/dataset/coverage/temporalCoverage/rangeOfDates/endDate/calendarDate
KUBI,03976-metadata.xml,/eml:eml/dataset/contact/organizationName
KUBI,03976-metadata.xml,/eml:eml/dataset/contact/address/deliveryPoint
KUBI,03976-metadata.xml,/eml:eml/dataset/contact/address/city
KUBI,03976-metadata.xml,/eml:eml/dataset/contact/address/administrativeArea
KUBI,03976-metadata.xml,/eml:eml/dataset/contact/address/postalCode
KUBI,03976-metadata.xml,/eml:eml/dataset/contact/address/country
KUBI,03976-metadata.xml,/eml:eml/dataset/contact/electronicMailAddress
KUBI,03976-metadata.xml,/eml:eml/dataset/contact/onlineUrl
KUBI,03976-metadata.xml,/eml:eml/dataset/spatialRaster/entityName
KUBI,03976-metadata.xml,/eml:eml/dataset/spatialRaster/physical/objectName
KUBI,03976-metadata.xml,/eml:eml/dataset/spatialRaster/physical/dataFormat/externallyDefinedFormat/formatName
KUBI,03976-metadata.xml,/eml:eml/dataset/spatialRaster/physical/distribution/online/url
KUBI,03976-metadata.xml,/eml:eml/dataset/spatialRaster/physical/distribution/online/url/@function
KUBI,03976-metadata.xml,/eml:eml/dataset/spatialRaster/attributeList/attribute/attributeName
KUBI,03976-metadata.xml,/eml:eml/dataset/spatialRaster/attributeList/attribute/attributeDefinition
KUBI,03976-metadata.xml,/eml:eml/dataset/spatialRaster/attributeList/attribute/storageType
KUBI,03976-metadata.xml,/eml:eml/dataset/spatialRaster/attributeList/attribute/measurementScale/interval/unit/customUnit
KUBI,03976-metadata.xml,/eml:eml/dataset/spatialRaster/attributeList/attribute/measurementScale/interval/numericDomain/numberType
KUBI,03976-metadata.xml,/eml:eml/dataset/spatialRaster/attributeList/attribute/measurementScale/interval/numericDomain/bounds/minimum
KUBI,03976-metadata.xml,/eml:eml/dataset/spatialRaster/attributeList/attribute/measurementScale/interval/numericDomain/bounds/minimum/@exclusive
KUBI,03976-metadata.xml,/eml:eml/dataset/spatialRaster/attributeList/attribute/measurementScale/interval/numericDomain/bounds/maximum
KUBI,03976-metadata.xml,/eml:eml/dataset/spatialRaster/attributeList/attribute/measurementScale/interval/numericDomain/bounds/maximum/@exclusive
KUBI,03976-metadata.xml,/eml:eml/dataset/spatialRaster/spatialReference/horizCoordSysDef/@name
KUBI,03976-metadata.xml,/eml:eml/dataset/spatialRaster/spatialReference/horizCoordSysDef/geogCoordSys/datum/@name
KUBI,03976-metadata.xml,/eml:eml/dataset/spatialRaster/spatialReference/horizCoordSysDef/geogCoordSys/spheroid/@denomFlatRatio
KUBI,03976-metadata.xml,/eml:eml/dataset/spatialRaster/spatialReference/horizCoordSysDef/geogCoordSys/spheroid/@name
KUBI,03976-metadata.xml,/eml:eml/dataset/spatialRaster/spatialReference/horizCoordSysDef/geogCoordSys/spheroid/@semiAxisMajor
KUBI,03976-metadata.xml,/eml:eml/dataset/spatialRaster/spatialReference/horizCoordSysDef/geogCoordSys/primeMeridian/@longitude
KUBI,03976-metadata.xml,/eml:eml/dataset/spatialRaster/spatialReference/horizCoordSysDef/geogCoordSys/primeMeridian/@name
KUBI,03976-metadata.xml,/eml:eml/dataset/spatialRaster/spatialReference/horizCoordSysDef/geogCoordSys/unit/@name
KUBI,03976-metadata.xml,/eml:eml/dataset/spatialRaster/horizontalAccuracy/accuracyReport
KUBI,03976-metadata.xml,/eml:eml/dataset/spatialRaster/verticalAccuracy/accuracyReport
KUBI,03976-metadata.xml,/eml:eml/dataset/spatialRaster/cellSizeXDirection
KUBI,03976-metadata.xml,/eml:eml/dataset/spatialRaster/cellSizeYDirection
KUBI,03976-metadata.xml,/eml:eml/dataset/spatialRaster/numberOfBands
KUBI,03976-metadata.xml,/eml:eml/dataset/spatialRaster/rasterOrigin
KUBI,03976-metadata.xml,/eml:eml/dataset/spatialRaster/rows
KUBI,03976-metadata.xml,/eml:eml/dataset/spatialRaster/columns
KUBI,03976-metadata.xml,/eml:eml/dataset/spatialRaster/verticals
KUBI,03976-metadata.xml,/eml:eml/dataset/spatialRaster/cellGeometry
KUBI,03976-metadata.xml,/eml:eml/additionalMetadata/metadata/unitList/ns2:unit/@id
KUBI,03976-metadata.xml,/eml:eml/additionalMetadata/metadata/unitList/ns2:unit/@multiplierToSI
KUBI,03976-metadata.xml,/eml:eml/additionalMetadata/metadata/unitList/ns2:unit/@parentSI
KUBI,03976-metadata.xml,/eml:eml/additionalMetadata/metadata/unitList/ns2:unit/ns2:description
KUBI,03977-metadata.xml,/eml:eml/@packageId
KUBI,03977-metadata.xml,/eml:eml/@system
KUBI,03977-metadata.xml,/eml:eml/@xsi:schemaLocation
KUBI,03977-metadata.xml,/eml:eml/dataset/title
KUBI,03977-metadata.xml,/eml:eml/dataset/creator/organizationName
KUBI,03977-metadata.xml,/eml:eml/dataset/keywordSet/keyword
KUBI,03977-metadata.xml,/eml:eml/dataset/keywordSet/keyword
KUBI,03977-metadata.xml,/eml:eml/dataset/keywordSet/keyword
KUBI,03977-metadata.xml,/eml:eml/dataset/keywordSet/keyword
KUBI,03977-metadata.xml,/eml:eml/dataset/coverage/geographicCoverage/geographicDescription
KUBI,03977-metadata.xml,/eml:eml/dataset/coverage/geographicCoverage/boundingCoordinates/westBoundingCoordinate
KUBI,03977-metadata.xml,/eml:eml/dataset/coverage/geographicCoverage/boundingCoordinates/eastBoundingCoordinate
KUBI,03977-metadata.xml,/eml:eml/dataset/coverage/geographicCoverage/boundingCoordinates/northBoundingCoordinate
KUBI,03977-metadata.xml,/eml:eml/dataset/coverage/geographicCoverage/boundingCoordinates/southBoundingCoordinate
KUBI,03977-metadata.xml,/eml:eml/dataset/coverage/temporalCoverage/rangeOfDates/beginDate/calendarDate
KUBI,03977-metadata.xml,/eml:eml/dataset/coverage/temporalCoverage/rangeOfDates/endDate/calendarDate
KUBI,03977-metadata.xml,/eml:eml/dataset/contact/organizationName
KUBI,03977-metadata.xml,/eml:eml/dataset/contact/address/deliveryPoint
KUBI,03977-metadata.xml,/eml:eml/dataset/contact/address/city
KUBI,03977-metadata.xml,/eml:eml/dataset/contact/address/administrativeArea
KUBI,03977-metadata.xml,/eml:eml/dataset/contact/address/postalCode
KUBI,03977-metadata.xml,/eml:eml/dataset/contact/address/country
KUBI,03977-metadata.xml,/eml:eml/dataset/contact/electronicMailAddress
KUBI,03977-metadata.xml,/eml:eml/dataset/contact/onlineUrl
KUBI,03977-metadata.xml,/eml:eml/dataset/spatialRaster/entityName
KUBI,03977-metadata.xml,/eml:eml/dataset/spatialRaster/physical/objectName
KUBI,03977-metadata.xml,/eml:eml/dataset/spatialRaster/physical/dataFormat/externallyDefinedFormat/formatName
KUBI,03977-metadata.xml,/eml:eml/dataset/spatialRaster/physical/distribution/online/url
KUBI,03977-metadata.xml,/eml:eml/dataset/spatialRaster/physical/distribution/online/url/@function
KUBI,03977-metadata.xml,/eml:eml/dataset/spatialRaster/attributeList/attribute/attributeName
KUBI,03977-metadata.xml,/eml:eml/dataset/spatialRaster/attributeList/attribute/attributeDefinition
KUBI,03977-metadata.xml,/eml:eml/dataset/spatialRaster/attributeList/attribute/storageType
KUBI,03977-metadata.xml,/eml:eml/dataset/spatialRaster/attributeList/attribute/measurementScale/interval/unit/customUnit
KUBI,03977-metadata.xml,/eml:eml/dataset/spatialRaster/attributeList/attribute/measurementScale/interval/numericDomain/numberType
KUBI,03977-metadata.xml,/eml:eml/dataset/spatialRaster/attributeList/attribute/measurementScale/interval/numericDomain/bounds/minimum
KUBI,03977-metadata.xml,/eml:eml/dataset/spatialRaster/attributeList/attribute/measurementScale/interval/numericDomain/bounds/minimum/@exclusive
KUBI,03977-metadata.xml,/eml:eml/dataset/spatialRaster/attributeList/attribute/measurementScale/interval/numericDomain/bounds/maximum
KUBI,03977-metadata.xml,/eml:eml/dataset/spatialRaster/attributeList/attribute/measurementScale/interval/numericDomain/bounds/maximum/@exclusive
KUBI,03977-metadata.xml,/eml:eml/dataset/spatialRaster/spatialReference/horizCoordSysDef/@name
KUBI,03977-metadata.xml,/eml:eml/dataset/spatialRaster/spatialReference/horizCoordSysDef/geogCoordSys/datum/@name
KUBI,03977-metadata.xml,/eml:eml/dataset/spatialRaster/spatialReference/horizCoordSysDef/geogCoordSys/spheroid/@denomFlatRatio
KUBI,03977-metadata.xml,/eml:eml/dataset/spatialRaster/spatialReference/horizCoordSysDef/geogCoordSys/spheroid/@name
KUBI,03977-metadata.xml,/eml:eml/dataset/spatialRaster/spatialReference/horizCoordSysDef/geogCoordSys/spheroid/@semiAxisMajor
KUBI,03977-metadata.xml,/eml:eml/dataset/spatialRaster/spatialReference/horizCoordSysDef/geogCoordSys/primeMeridian/@longitude
KUBI,03977-metadata.xml,/eml:eml/dataset/spatialRaster/spatialReference/horizCoordSysDef/geogCoordSys/primeMeridian/@name
KUBI,03977-metadata.xml,/eml:eml/dataset/spatialRaster/spatialReference/horizCoordSysDef/geogCoordSys/unit/@name
KUBI,03977-metadata.xml,/eml:eml/dataset/spatialRaster/horizontalAccuracy/accuracyReport
KUBI,03977-metadata.xml,/eml:eml/dataset/spatialRaster/verticalAccuracy/accuracyReport
KUBI,03977-metadata.xml,/eml:eml/dataset/spatialRaster/cellSizeXDirection
KUBI,03977-metadata.xml,/eml:eml/dataset/spatialRaster/cellSizeYDirection
KUBI,03977-metadata.xml,/eml:eml/dataset/spatialRaster/numberOfBands
KUBI,03977-metadata.xml,/eml:eml/dataset/spatialRaster/rasterOrigin
KUBI,03977-metadata.xml,/eml:eml/dataset/spatialRaster/rows
KUBI,03977-metadata.xml,/eml:eml/dataset/spatialRaster/columns
KUBI,03977-metadata.xml,/eml:eml/dataset/spatialRaster/verticals
KUBI,03977-metadata.xml,/eml:eml/dataset/spatialRaster/cellGeometry
KUBI,03977-metadata.xml,/eml:eml/additionalMetadata/metadata/unitList/ns2:unit/@id
KUBI,03977-metadata.xml,/eml:eml/additionalMetadata/metadata/unitList/ns2:unit/ns2:description
KUBI,03978-metadata.xml,/eml:eml/@packageId
KUBI,03978-metadata.xml,/eml:eml/@system
KUBI,03978-metadata.xml,/eml:eml/@xsi:schemaLocation
KUBI,03978-metadata.xml,/eml:eml/dataset/title
KUBI,03978-metadata.xml,/eml:eml/dataset/creator/organizationName
KUBI,03978-metadata.xml,/eml:eml/dataset/keywordSet/keyword
KUBI,03978-metadata.xml,/eml:eml/dataset/keywordSet/keyword
KUBI,03978-metadata.xml,/eml:eml/dataset/keywordSet/keyword
KUBI,03978-metadata.xml,/eml:eml/dataset/keywordSet/keyword
KUBI,03978-metadata.xml,/eml:eml/dataset/coverage/geographicCoverage/geographicDescription
KUBI,03978-metadata.xml,/eml:eml/dataset/coverage/geographicCoverage/boundingCoordinates/westBoundingCoordinate
KUBI,03978-metadata.xml,/eml:eml/dataset/coverage/geographicCoverage/boundingCoordinates/eastBoundingCoordinate
KUBI,03978-metadata.xml,/eml:eml/dataset/coverage/geographicCoverage/boundingCoordinates/northBoundingCoordinate
KUBI,03978-metadata.xml,/eml:eml/dataset/coverage/geographicCoverage/boundingCoordinates/southBoundingCoordinate
KUBI,03978-metadata.xml,/eml:eml/dataset/coverage/temporalCoverage/rangeOfDates/beginDate/calendarDate
KUBI,03978-metadata.xml,/eml:eml/dataset/coverage/temporalCoverage/rangeOfDates/endDate/calendarDate
KUBI,03978-metadata.xml,/eml:eml/dataset/contact/organizationName
KUBI,03978-metadata.xml,/eml:eml/dataset/contact/address/deliveryPoint
KUBI,03978-metadata.xml,/eml:eml/dataset/contact/address/city
KUBI,03978-metadata.xml,/eml:eml/dataset/contact/address/administrativeArea
KUBI,03978-metadata.xml,/eml:eml/dataset/contact/address/postalCode
KUBI,03978-metadata.xml,/eml:eml/dataset/contact/address/country
KUBI,03978-metadata.xml,/eml:eml/dataset/contact/electronicMailAddress
KUBI,03978-metadata.xml,/eml:eml/dataset/contact/onlineUrl
KUBI,03978-metadata.xml,/eml:eml/dataset/spatialRaster/entityName
KUBI,03978-metadata.xml,/eml:eml/dataset/spatialRaster/physical/objectName
KUBI,03978-metadata.xml,/eml:eml/dataset/spatialRaster/physical/dataFormat/externallyDefinedFormat/formatName
KUBI,03978-metadata.xml,/eml:eml/dataset/spatialRaster/physical/distribution/online/url
KUBI,03978-metadata.xml,/eml:eml/dataset/spatialRaster/physical/distribution/online/url/@function
KUBI,03978-metadata.xml,/eml:eml/dataset/spatialRaster/attributeList/attribute/attributeName
KUBI,03978-metadata.xml,/eml:eml/dataset/spatialRaster/attributeList/attribute/attributeDefinition
KUBI,03978-metadata.xml,/eml:eml/dataset/spatialRaster/attributeList/attribute/storageType
KUBI,03978-metadata.xml,/eml:eml/dataset/spatialRaster/attributeList/attribute/measurementScale/interval/unit/customUnit
KUBI,03978-metadata.xml,/eml:eml/dataset/spatialRaster/attributeList/attribute/measurementScale/interval/numericDomain/numberType
KUBI,03978-metadata.xml,/eml:eml/dataset/spatialRaster/attributeList/attribute/measurementScale/interval/numericDomain/bounds/minimum
KUBI,03978-metadata.xml,/eml:eml/dataset/spatialRaster/attributeList/attribute/measurementScale/interval/numericDomain/bounds/minimum/@exclusive
KUBI,03978-metadata.xml,/eml:eml/dataset/spatialRaster/attributeList/attribute/measurementScale/interval/numericDomain/bounds/maximum
KUBI,03978-metadata.xml,/eml:eml/dataset/spatialRaster/attributeList/attribute/measurementScale/interval/numericDomain/bounds/maximum/@exclusive
KUBI,03978-metadata.xml,/eml:eml/dataset/spatialRaster/spatialReference/horizCoordSysDef/@name
KUBI,03978-metadata.xml,/eml:eml/dataset/spatialRaster/spatialReference/horizCoordSysDef/geogCoordSys/datum/@name
KUBI,03978-metadata.xml,/eml:eml/dataset/spatialRaster/spatialReference/horizCoordSysDef/geogCoordSys/spheroid/@denomFlatRatio
KUBI,03978-metadata.xml,/eml:eml/dataset/spatialRaster/spatialReference/horizCoordSysDef/geogCoordSys/spheroid/@name
KUBI,03978-metadata.xml,/eml:eml/dataset/spatialRaster/spatialReference/horizCoordSysDef/geogCoordSys/spheroid/@semiAxisMajor
KUBI,03978-metadata.xml,/eml:eml/dataset/spatialRaster/spatialReference/horizCoordSysDef/geogCoordSys/primeMeridian/@longitude
KUBI,03978-metadata.xml,/eml:eml/dataset/spatialRaster/spatialReference/horizCoordSysDef/geogCoordSys/primeMeridian/@name
KUBI,03978-metadata.xml,/eml:eml/dataset/spatialRaster/spatialReference/horizCoordSysDef/geogCoordSys/unit/@name
KUBI,03978-metadata.xml,/eml:eml/dataset/spatialRaster/horizontalAccuracy/accuracyReport
KUBI,03978-metadata.xml,/eml:eml/dataset/spatialRaster/verticalAccuracy/accuracyReport
KUBI,03978-metadata.xml,/eml:eml/dataset/spatialRaster/cellSizeXDirection
KUBI,03978-metadata.xml,/eml:eml/dataset/spatialRaster/cellSizeYDirection
KUBI,03978-metadata.xml,/eml:eml/dataset/spatialRaster/numberOfBands
KUBI,03978-metadata.xml,/eml:eml/dataset/spatialRaster/rasterOrigin
KUBI,03978-metadata.xml,/eml:eml/dataset/spatialRaster/rows
KUBI,03978-metadata.xml,/eml:eml/dataset/spatialRaster/columns
KUBI,03978-metadata.xml,/eml:eml/dataset/spatialRaster/verticals
KUBI,03978-metadata.xml,/eml:eml/dataset/spatialRaster/cellGeometry
KUBI,03978-metadata.xml,/eml:eml/additionalMetadata/metadata/unitList/ns2:unit/@id
KUBI,03978-metadata.xml,/eml:eml/additionalMetadata/metadata/unitList/ns2:unit/@multiplierToSI
KUBI,03978-metadata.xml,/eml:eml/additionalMetadata/metadata/unitList/ns2:unit/@parentSI
KUBI,03978-metadata.xml,/eml:eml/additionalMetadata/metadata/unitList/ns2:unit/ns2:description
KUBI,03979-metadata.xml,/eml:eml/@packageId
KUBI,03979-metadata.xml,/eml:eml/@system
KUBI,03979-metadata.xml,/eml:eml/@xsi:schemaLocation
KUBI,03979-metadata.xml,/eml:eml/dataset/title
KUBI,03979-metadata.xml,/eml:eml/dataset/creator/organizationName
KUBI,03979-metadata.xml,/eml:eml/dataset/keywordSet/keyword
KUBI,03979-metadata.xml,/eml:eml/dataset/keywordSet/keyword
KUBI,03979-metadata.xml,/eml:eml/dataset/keywordSet/keyword
KUBI,03979-metadata.xml,/eml:eml/dataset/keywordSet/keyword
KUBI,03979-metadata.xml,/eml:eml/dataset/keywordSet/keyword
KUBI,03979-metadata.xml,/eml:eml/dataset/coverage/geographicCoverage/geographicDescription
KUBI,03979-metadata.xml,/eml:eml/dataset/coverage/geographicCoverage/boundingCoordinates/westBoundingCoordinate
KUBI,03979-metadata.xml,/eml:eml/dataset/coverage/geographicCoverage/boundingCoordinates/eastBoundingCoordinate
KUBI,03979-metadata.xml,/eml:eml/dataset/coverage/geographicCoverage/boundingCoordinates/northBoundingCoordinate
KUBI,03979-metadata.xml,/eml:eml/dataset/coverage/geographicCoverage/boundingCoordinates/southBoundingCoordinate
KUBI,03979-metadata.xml,/eml:eml/dataset/coverage/temporalCoverage/rangeOfDates/beginDate/calendarDate
KUBI,03979-metadata.xml,/eml:eml/dataset/coverage/temporalCoverage/rangeOfDates/endDate/calendarDate
KUBI,03979-metadata.xml,/eml:eml/dataset/contact/organizationName
KUBI,03979-metadata.xml,/eml:eml/dataset/contact/address/deliveryPoint
KUBI,03979-metadata.xml,/eml:eml/dataset/contact/address/city
KUBI,03979-metadata.xml,/eml:eml/dataset/contact/address/administrativeArea
KUBI,03979-metadata.xml,/eml:eml/dataset/contact/address/postalCode
KUBI,03979-metadata.xml,/eml:eml/dataset/contact/address/country
KUBI,03979-metadata.xml,/eml:eml/dataset/contact/electronicMailAddress
KUBI,03979-metadata.xml,/eml:eml/dataset/contact/onlineUrl
KUBI,03979-metadata.xml,/eml:eml/dataset/spatialRaster/entityName
KUBI,03979-metadata.xml,/eml:eml/dataset/spatialRaster/physical/objectName
KUBI,03979-metadata.xml,/eml:eml/dataset/spatialRaster/physical/dataFormat/externallyDefinedFormat/formatName
KUBI,03979-metadata.xml,/eml:eml/dataset/spatialRaster/physical/distribution/online/url
KUBI,03979-metadata.xml,/eml:eml/dataset/spatialRaster/physical/distribution/online/url/@function
KUBI,03979-metadata.xml,/eml:eml/dataset/spatialRaster/attributeList/attribute/attributeName
KUBI,03979-metadata.xml,/eml:eml/dataset/spatialRaster/attributeList/attribute/attributeDefinition
KUBI,03979-metadata.xml,/eml:eml/dataset/spatialRaster/attributeList/attribute/storageType
KUBI,03979-metadata.xml,/eml:eml/dataset/spatialRaster/attributeList/attribute/measurementScale/interval/unit/customUnit
KUBI,03979-metadata.xml,/eml:eml/dataset/spatialRaster/attributeList/attribute/measurementScale/interval/numericDomain/numberType
KUBI,03979-metadata.xml,/eml:eml/dataset/spatialRaster/attributeList/attribute/measurementScale/interval/numericDomain/bounds/minimum
KUBI,03979-metadata.xml,/eml:eml/dataset/spatialRaster/attributeList/attribute/measurementScale/interval/numericDomain/bounds/minimum/@exclusive
KUBI,03979-metadata.xml,/eml:eml/dataset/spatialRaster/attributeList/attribute/measurementScale/interval/numericDomain/bounds/maximum
KUBI,03979-metadata.xml,/eml:eml/dataset/spatialRaster/attributeList/attribute/measurementScale/interval/numericDomain/bounds/maximum/@exclusive
KUBI,03979-metadata.xml,/eml:eml/dataset/spatialRaster/spatialReference/horizCoordSysDef/@name
KUBI,03979-metadata.xml,/eml:eml/dataset/spatialRaster/spatialReference/horizCoordSysDef/geogCoordSys/datum/@name
KUBI,03979-metadata.xml,/eml:eml/dataset/spatialRaster/spatialReference/horizCoordSysDef/geogCoordSys/spheroid/@denomFlatRatio
KUBI,03979-metadata.xml,/eml:eml/dataset/spatialRaster/spatialReference/horizCoordSysDef/geogCoordSys/spheroid/@name
KUBI,03979-metadata.xml,/eml:eml/dataset/spatialRaster/spatialReference/horizCoordSysDef/geogCoordSys/spheroid/@semiAxisMajor
KUBI,03979-metadata.xml,/eml:eml/dataset/spatialRaster/spatialReference/horizCoordSysDef/geogCoordSys/primeMeridian/@longitude
KUBI,03979-metadata.xml,/eml:eml/dataset/spatialRaster/spatialReference/horizCoordSysDef/geogCoordSys/primeMeridian/@name
KUBI,03979-metadata.xml,/eml:eml/dataset/spatialRaster/spatialReference/horizCoordSysDef/geogCoordSys/unit/@name
KUBI,03979-metadata.xml,/eml:eml/dataset/spatialRaster/horizontalAccuracy/accuracyReport
KUBI,03979-metadata.xml,/eml:eml/dataset/spatialRaster/verticalAccuracy/accuracyReport
KUBI,03979-metadata.xml,/eml:eml/dataset/spatialRaster/cellSizeXDirection
KUBI,03979-metadata.xml,/eml:eml/dataset/spatialRaster/cellSizeYDirection
KUBI,03979-metadata.xml,/eml:eml/dataset/spatialRaster/numberOfBands
KUBI,03979-metadata.xml,/eml:eml/dataset/spatialRaster/rasterOrigin
KUBI,03979-metadata.xml,/eml:eml/dataset/spatialRaster/rows
KUBI,03979-metadata.xml,/eml:eml/dataset/spatialRaster/columns
KUBI,03979-metadata.xml,/eml:eml/dataset/spatialRaster/verticals
KUBI,03979-metadata.xml,/eml:eml/dataset/spatialRaster/cellGeometry
KUBI,03979-metadata.xml,/eml:eml/additionalMetadata/metadata/unitList/ns2:unit/@id
KUBI,03979-metadata.xml,/eml:eml/additionalMetadata/metadata/unitList/ns2:unit/@multiplierToSI
KUBI,03979-metadata.xml,/eml:eml/additionalMetadata/metadata/unitList/ns2:unit/@parentSI
KUBI,03979-metadata.xml,/eml:eml/additionalMetadata/metadata/unitList/ns2:unit/ns2:description
KUBI,03980-metadata.xml,/eml:eml/@packageId
KUBI,03980-metadata.xml,/eml:eml/@system
KUBI,03980-metadata.xml,/eml:eml/@xsi:schemaLocation
KUBI,03980-metadata.xml,/eml:eml/dataset/title
KUBI,03980-metadata.xml,/eml:eml/dataset/creator/organizationName
KUBI,03980-metadata.xml,/eml:eml/dataset/keywordSet/keyword
KUBI,03980-metadata.xml,/eml:eml/dataset/keywordSet/keyword
KUBI,03980-metadata.xml,/eml:eml/dataset/keywordSet/keyword
KUBI,03980-metadata.xml,/eml:eml/dataset/keywordSet/keyword
KUBI,03980-metadata.xml,/eml:eml/dataset/coverage/geographicCoverage/geographicDescription
KUBI,03980-metadata.xml,/eml:eml/dataset/coverage/geographicCoverage/boundingCoordinates/westBoundingCoordinate
KUBI,03980-metadata.xml,/eml:eml/dataset/coverage/geographicCoverage/boundingCoordinates/eastBoundingCoordinate
KUBI,03980-metadata.xml,/eml:eml/dataset/coverage/geographicCoverage/boundingCoordinates/northBoundingCoordinate
KUBI,03980-metadata.xml,/eml:eml/dataset/coverage/geographicCoverage/boundingCoordinates/southBoundingCoordinate
KUBI,03980-metadata.xml,/eml:eml/dataset/coverage/temporalCoverage/rangeOfDates/beginDate/calendarDate
KUBI,03980-metadata.xml,/eml:eml/dataset/coverage/temporalCoverage/rangeOfDates/endDate/calendarDate
KUBI,03980-metadata.xml,/eml:eml/dataset/contact/organizationName
KUBI,03980-metadata.xml,/eml:eml/dataset/contact/address/deliveryPoint
KUBI,03980-metadata.xml,/eml:eml/dataset/contact/address/city
KUBI,03980-metadata.xml,/eml:eml/dataset/contact/address/administrativeArea
KUBI,03980-metadata.xml,/eml:eml/dataset/contact/address/postalCode
KUBI,03980-metadata.xml,/eml:eml/dataset/contact/address/country
KUBI,03980-metadata.xml,/eml:eml/dataset/contact/electronicMailAddress
KUBI,03980-metadata.xml,/eml:eml/dataset/contact/onlineUrl
KUBI,03980-metadata.xml,/eml:eml/dataset/spatialRaster/entityName
KUBI,03980-metadata.xml,/eml:eml/dataset/spatialRaster/physical/objectName
KUBI,03980-metadata.xml,/eml:eml/dataset/spatialRaster/physical/dataFormat/externallyDefinedFormat/formatName
KUBI,03980-metadata.xml,/eml:eml/dataset/spatialRaster/physical/distribution/online/url
KUBI,03980-metadata.xml,/eml:eml/dataset/spatialRaster/physical/distribution/online/url/@function
KUBI,03980-metadata.xml,/eml:eml/dataset/spatialRaster/attributeList/attribute/attributeName
KUBI,03980-metadata.xml,/eml:eml/dataset/spatialRaster/attributeList/attribute/attributeDefinition
KUBI,03980-metadata.xml,/eml:eml/dataset/spatialRaster/attributeList/attribute/storageType
KUBI,03980-metadata.xml,/eml:eml/dataset/spatialRaster/attributeList/attribute/measurementScale/interval/unit/standardUnit
KUBI,03980-metadata.xml,/eml:eml/dataset/spatialRaster/attributeList/attribute/measurementScale/interval/numericDomain/numberType
KUBI,03980-metadata.xml,/eml:eml/dataset/spatialRaster/attributeList/attribute/measurementScale/interval/numericDomain/bounds/minimum
KUBI,03980-metadata.xml,/eml:eml/dataset/spatialRaster/attributeList/attribute/measurementScale/interval/numericDomain/bounds/minimum/@exclusive
KUBI,03980-metadata.xml,/eml:eml/dataset/spatialRaster/attributeList/attribute/measurementScale/interval/numericDomain/bounds/maximum
KUBI,03980-metadata.xml,/eml:eml/dataset/spatialRaster/attributeList/attribute/measurementScale/interval/numericDomain/bounds/maximum/@exclusive
KUBI,03980-metadata.xml,/eml:eml/dataset/spatialRaster/spatialReference/horizCoordSysDef/@name
KUBI,03980-metadata.xml,/eml:eml/dataset/spatialRaster/spatialReference/horizCoordSysDef/geogCoordSys/datum/@name
KUBI,03980-metadata.xml,/eml:eml/dataset/spatialRaster/spatialReference/horizCoordSysDef/geogCoordSys/spheroid/@denomFlatRatio
KUBI,03980-metadata.xml,/eml:eml/dataset/spatialRaster/spatialReference/horizCoordSysDef/geogCoordSys/spheroid/@name
KUBI,03980-metadata.xml,/eml:eml/dataset/spatialRaster/spatialReference/horizCoordSysDef/geogCoordSys/spheroid/@semiAxisMajor
KUBI,03980-metadata.xml,/eml:eml/dataset/spatialRaster/spatialReference/horizCoordSysDef/geogCoordSys/primeMeridian/@longitude
KUBI,03980-metadata.xml,/eml:eml/dataset/spatialRaster/spatialReference/horizCoordSysDef/geogCoordSys/primeMeridian/@name
KUBI,03980-metadata.xml,/eml:eml/dataset/spatialRaster/spatialReference/horizCoordSysDef/geogCoordSys/unit/@name
KUBI,03980-metadata.xml,/eml:eml/dataset/spatialRaster/horizontalAccuracy/accuracyReport
KUBI,03980-metadata.xml,/eml:eml/dataset/spatialRaster/verticalAccuracy/accuracyReport
KUBI,03980-metadata.xml,/eml:eml/dataset/spatialRaster/cellSizeXDirection
KUBI,03980-metadata.xml,/eml:eml/dataset/spatialRaster/cellSizeYDirection
KUBI,03980-metadata.xml,/eml:eml/dataset/spatialRaster/numberOfBands
KUBI,03980-metadata.xml,/eml:eml/dataset/spatialRaster/rasterOrigin
KUBI,03980-metadata.xml,/eml:eml/dataset/spatialRaster/rows
KUBI,03980-metadata.xml,/eml:eml/dataset/spatialRaster/columns
KUBI,03980-metadata.xml,/eml:eml/dataset/spatialRaster/verticals
KUBI,03980-metadata.xml,/eml:eml/dataset/spatialRaster/cellGeometry
KUBI,03981-metadata.xml,/eml:eml/@packageId
KUBI,03981-metadata.xml,/eml:eml/@system
KUBI,03981-metadata.xml,/eml:eml/@xsi:schemaLocation
KUBI,03981-metadata.xml,/eml:eml/dataset/title
KUBI,03981-metadata.xml,/eml:eml/dataset/creator/organizationName
KUBI,03981-metadata.xml,/eml:eml/dataset/keywordSet/keyword
KUBI,03981-metadata.xml,/eml:eml/dataset/keywordSet/keyword
KUBI,03981-metadata.xml,/eml:eml/dataset/keywordSet/keyword
KUBI,03981-metadata.xml,/eml:eml/dataset/keywordSet/keyword
KUBI,03981-metadata.xml,/eml:eml/dataset/coverage/geographicCoverage/geographicDescription
KUBI,03981-metadata.xml,/eml:eml/dataset/coverage/geographicCoverage/boundingCoordinates/westBoundingCoordinate
KUBI,03981-metadata.xml,/eml:eml/dataset/coverage/geographicCoverage/boundingCoordinates/eastBoundingCoordinate
KUBI,03981-metadata.xml,/eml:eml/dataset/coverage/geographicCoverage/boundingCoordinates/northBoundingCoordinate
KUBI,03981-metadata.xml,/eml:eml/dataset/coverage/geographicCoverage/boundingCoordinates/southBoundingCoordinate
KUBI,03981-metadata.xml,/eml:eml/dataset/coverage/temporalCoverage/rangeOfDates/beginDate/calendarDate
KUBI,03981-metadata.xml,/eml:eml/dataset/coverage/temporalCoverage/rangeOfDates/endDate/calendarDate
KUBI,03981-metadata.xml,/eml:eml/dataset/contact/organizationName
KUBI,03981-metadata.xml,/eml:eml/dataset/contact/address/deliveryPoint
KUBI,03981-metadata.xml,/eml:eml/dataset/contact/address/city
KUBI,03981-metadata.xml,/eml:eml/dataset/contact/address/administrativeArea
KUBI,03981-metadata.xml,/eml:eml/dataset/contact/address/postalCode
KUBI,03981-metadata.xml,/eml:eml/dataset/contact/address/country
KUBI,03981-metadata.xml,/eml:eml/dataset/contact/electronicMailAddress
KUBI,03981-metadata.xml,/eml:eml/dataset/contact/onlineUrl
KUBI,03981-metadata.xml,/eml:eml/dataset/spatialRaster/entityName
KUBI,03981-metadata.xml,/eml:eml/dataset/spatialRaster/physical/objectName
KUBI,03981-metadata.xml,/eml:eml/dataset/spatialRaster/physical/dataFormat/externallyDefinedFormat/formatName
KUBI,03981-metadata.xml,/eml:eml/dataset/spatialRaster/physical/distribution/online/url
KUBI,03981-metadata.xml,/eml:eml/dataset/spatialRaster/physical/distribution/online/url/@function
KUBI,03981-metadata.xml,/eml:eml/dataset/spatialRaster/attributeList/attribute/attributeName
KUBI,03981-metadata.xml,/eml:eml/dataset/spatialRaster/attributeList/attribute/attributeDefinition
KUBI,03981-metadata.xml,/eml:eml/dataset/spatialRaster/attributeList/attribute/storageType
KUBI,03981-metadata.xml,/eml:eml/dataset/spatialRaster/attributeList/attribute/measurementScale/interval/unit/standardUnit
KUBI,03981-metadata.xml,/eml:eml/dataset/spatialRaster/attributeList/attribute/measurementScale/interval/numericDomain/numberType
KUBI,03981-metadata.xml,/eml:eml/dataset/spatialRaster/attributeList/attribute/measurementScale/interval/numericDomain/bounds/minimum
KUBI,03981-metadata.xml,/eml:eml/dataset/spatialRaster/attributeList/attribute/measurementScale/interval/numericDomain/bounds/minimum/@exclusive
KUBI,03981-metadata.xml,/eml:eml/dataset/spatialRaster/attributeList/attribute/measurementScale/interval/numericDomain/bounds/maximum
KUBI,03981-metadata.xml,/eml:eml/dataset/spatialRaster/attributeList/attribute/measurementScale/interval/numericDomain/bounds/maximum/@exclusive
KUBI,03981-metadata.xml,/eml:eml/dataset/spatialRaster/spatialReference/horizCoordSysDef/@name
KUBI,03981-metadata.xml,/eml:eml/dataset/spatialRaster/spatialReference/horizCoordSysDef/geogCoordSys/datum/@name
KUBI,03981-metadata.xml,/eml:eml/dataset/spatialRaster/spatialReference/horizCoordSysDef/geogCoordSys/spheroid/@denomFlatRatio
KUBI,03981-metadata.xml,/eml:eml/dataset/spatialRaster/spatialReference/horizCoordSysDef/geogCoordSys/spheroid/@name
KUBI,03981-metadata.xml,/eml:eml/dataset/spatialRaster/spatialReference/horizCoordSysDef/geogCoordSys/spheroid/@semiAxisMajor
KUBI,03981-metadata.xml,/eml:eml/dataset/spatialRaster/spatialReference/horizCoordSysDef/geogCoordSys/primeMeridian/@longitude
KUBI,03981-metadata.xml,/eml:eml/dataset/spatialRaster/spatialReference/horizCoordSysDef/geogCoordSys/primeMeridian/@name
KUBI,03981-metadata.xml,/eml:eml/dataset/spatialRaster/spatialReference/horizCoordSysDef/geogCoordSys/unit/@name
KUBI,03981-metadata.xml,/eml:eml/dataset/spatialRaster/horizontalAccuracy/accuracyReport
KUBI,03981-metadata.xml,/eml:eml/dataset/spatialRaster/verticalAccuracy/accuracyReport
KUBI,03981-metadata.xml,/eml:eml/dataset/spatialRaster/cellSizeXDirection
KUBI,03981-metadata.xml,/eml:eml/dataset/spatialRaster/cellSizeYDirection
KUBI,03981-metadata.xml,/eml:eml/dataset/spatialRaster/numberOfBands
KUBI,03981-metadata.xml,/eml:eml/dataset/spatialRaster/rasterOrigin
KUBI,03981-metadata.xml,/eml:eml/dataset/spatialRaster/rows
KUBI,03981-metadata.xml,/eml:eml/dataset/spatialRaster/columns
KUBI,03981-metadata.xml,/eml:eml/dataset/spatialRaster/verticals
KUBI,03981-metadata.xml,/eml:eml/dataset/spatialRaster/cellGeometry
KUBI,03982-metadata.xml,/eml:eml/@packageId
KUBI,03982-metadata.xml,/eml:eml/@system
KUBI,03982-metadata.xml,/eml:eml/@xsi:schemaLocation
KUBI,03982-metadata.xml,/eml:eml/dataset/title
KUBI,03982-metadata.xml,/eml:eml/dataset/creator/organizationName
KUBI,03982-metadata.xml,/eml:eml/dataset/keywordSet/keyword
KUBI,03982-metadata.xml,/eml:eml/dataset/keywordSet/keyword
KUBI,03982-metadata.xml,/eml:eml/dataset/keywordSet/keyword
KUBI,03982-metadata.xml,/eml:eml/dataset/keywordSet/keyword
KUBI,03982-metadata.xml,/eml:eml/dataset/coverage/geographicCoverage/geographicDescription
KUBI,03982-metadata.xml,/eml:eml/dataset/coverage/geographicCoverage/boundingCoordinates/westBoundingCoordinate
KUBI,03982-metadata.xml,/eml:eml/dataset/coverage/geographicCoverage/boundingCoordinates/eastBoundingCoordinate
KUBI,03982-metadata.xml,/eml:eml/dataset/coverage/geographicCoverage/boundingCoordinates/northBoundingCoordinate
KUBI,03982-metadata.xml,/eml:eml/dataset/coverage/geographicCoverage/boundingCoordinates/southBoundingCoordinate
KUBI,03982-metadata.xml,/eml:eml/dataset/coverage/temporalCoverage/rangeOfDates/beginDate/calendarDate
KUBI,03982-metadata.xml,/eml:eml/dataset/coverage/temporalCoverage/rangeOfDates/endDate/calendarDate
KUBI,03982-metadata.xml,/eml:eml/dataset/contact/organizationName
KUBI,03982-metadata.xml,/eml:eml/dataset/contact/address/deliveryPoint
KUBI,03982-metadata.xml,/eml:eml/dataset/contact/address/city
KUBI,03982-metadata.xml,/eml:eml/dataset/contact/address/administrativeArea
KUBI,03982-metadata.xml,/eml:eml/dataset/contact/address/postalCode
KUBI,03982-metadata.xml,/eml:eml/dataset/contact/address/country
KUBI,03982-metadata.xml,/eml:eml/dataset/contact/electronicMailAddress
KUBI,03982-metadata.xml,/eml:eml/dataset/contact/onlineUrl
KUBI,03982-metadata.xml,/eml:eml/dataset/spatialRaster/entityName
KUBI,03982-metadata.xml,/eml:eml/dataset/spatialRaster/physical/objectName
KUBI,03982-metadata.xml,/eml:eml/dataset/spatialRaster/physical/dataFormat/externallyDefinedFormat/formatName
KUBI,03982-metadata.xml,/eml:eml/dataset/spatialRaster/physical/distribution/online/url
KUBI,03982-metadata.xml,/eml:eml/dataset/spatialRaster/physical/distribution/online/url/@function
KUBI,03982-metadata.xml,/eml:eml/dataset/spatialRaster/attributeList/attribute/attributeName
KUBI,03982-metadata.xml,/eml:eml/dataset/spatialRaster/attributeList/attribute/attributeDefinition
KUBI,03982-metadata.xml,/eml:eml/dataset/spatialRaster/attributeList/attribute/storageType
KUBI,03982-metadata.xml,/eml:eml/dataset/spatialRaster/attributeList/attribute/measurementScale/interval/unit/standardUnit
KUBI,03982-metadata.xml,/eml:eml/dataset/spatialRaster/attributeList/attribute/measurementScale/interval/numericDomain/numberType
KUBI,03982-metadata.xml,/eml:eml/dataset/spatialRaster/attributeList/attribute/measurementScale/interval/numericDomain/bounds/minimum
KUBI,03982-metadata.xml,/eml:eml/dataset/spatialRaster/attributeList/attribute/measurementScale/interval/numericDomain/bounds/minimum/@exclusive
KUBI,03982-metadata.xml,/eml:eml/dataset/spatialRaster/attributeList/attribute/measurementScale/interval/numericDomain/bounds/maximum
KUBI,03982-metadata.xml,/eml:eml/dataset/spatialRaster/attributeList/attribute/measurementScale/interval/numericDomain/bounds/maximum/@exclusive
KUBI,03982-metadata.xml,/eml:eml/dataset/spatialRaster/spatialReference/horizCoordSysDef/@name
KUBI,03982-metadata.xml,/eml:eml/dataset/spatialRaster/spatialReference/horizCoordSysDef/geogCoordSys/datum/@name
KUBI,03982-metadata.xml,/eml:eml/dataset/spatialRaster/spatialReference/horizCoordSysDef/geogCoordSys/spheroid/@denomFlatRatio
KUBI,03982-metadata.xml,/eml:eml/dataset/spatialRaster/spatialReference/horizCoordSysDef/geogCoordSys/spheroid/@name
KUBI,03982-metadata.xml,/eml:eml/dataset/spatialRaster/spatialReference/horizCoordSysDef/geogCoordSys/spheroid/@semiAxisMajor
KUBI,03982-metadata.xml,/eml:eml/dataset/spatialRaster/spatialReference/horizCoordSysDef/geogCoordSys/primeMeridian/@longitude
KUBI,03982-metadata.xml,/eml:eml/dataset/spatialRaster/spatialReference/horizCoordSysDef/geogCoordSys/primeMeridian/@name
KUBI,03982-metadata.xml,/eml:eml/dataset/spatialRaster/spatialReference/horizCoordSysDef/geogCoordSys/unit/@name
KUBI,03982-metadata.xml,/eml:eml/dataset/spatialRaster/horizontalAccuracy/accuracyReport
KUBI,03982-metadata.xml,/eml:eml/dataset/spatialRaster/verticalAccuracy/accuracyReport
KUBI,03982-metadata.xml,/eml:eml/dataset/spatialRaster/cellSizeXDirection
KUBI,03982-metadata.xml,/eml:eml/dataset/spatialRaster/cellSizeYDirection
KUBI,03982-metadata.xml,/eml:eml/dataset/spatialRaster/numberOfBands
KUBI,03982-metadata.xml,/eml:eml/dataset/spatialRaster/rasterOrigin
KUBI,03982-metadata.xml,/eml:eml/dataset/spatialRaster/rows
KUBI,03982-metadata.xml,/eml:eml/dataset/spatialRaster/columns
KUBI,03982-metadata.xml,/eml:eml/dataset/spatialRaster/verticals
KUBI,03982-metadata.xml,/eml:eml/dataset/spatialRaster/cellGeometry
KUBI,03983-metadata.xml,/eml:eml/@packageId
KUBI,03983-metadata.xml,/eml:eml/@system
KUBI,03983-metadata.xml,/eml:eml/@xsi:schemaLocation
KUBI,03983-metadata.xml,/eml:eml/dataset/title
KUBI,03983-metadata.xml,/eml:eml/dataset/creator/organizationName
KUBI,03983-metadata.xml,/eml:eml/dataset/keywordSet/keyword
KUBI,03983-metadata.xml,/eml:eml/dataset/keywordSet/keyword
KUBI,03983-metadata.xml,/eml:eml/dataset/keywordSet/keyword
KUBI,03983-metadata.xml,/eml:eml/dataset/keywordSet/keyword
KUBI,03983-metadata.xml,/eml:eml/dataset/coverage/geographicCoverage/geographicDescription
KUBI,03983-metadata.xml,/eml:eml/dataset/coverage/geographicCoverage/boundingCoordinates/westBoundingCoordinate
KUBI,03983-metadata.xml,/eml:eml/dataset/coverage/geographicCoverage/boundingCoordinates/eastBoundingCoordinate
KUBI,03983-metadata.xml,/eml:eml/dataset/coverage/geographicCoverage/boundingCoordinates/northBoundingCoordinate
KUBI,03983-metadata.xml,/eml:eml/dataset/coverage/geographicCoverage/boundingCoordinates/southBoundingCoordinate
KUBI,03983-metadata.xml,/eml:eml/dataset/coverage/temporalCoverage/rangeOfDates/beginDate/calendarDate
KUBI,03983-metadata.xml,/eml:eml/dataset/coverage/temporalCoverage/rangeOfDates/endDate/calendarDate
KUBI,03983-metadata.xml,/eml:eml/dataset/contact/organizationName
KUBI,03983-metadata.xml,/eml:eml/dataset/contact/address/deliveryPoint
KUBI,03983-metadata.xml,/eml:eml/dataset/contact/address/city
KUBI,03983-metadata.xml,/eml:eml/dataset/contact/address/administrativeArea
KUBI,03983-metadata.xml,/eml:eml/dataset/contact/address/postalCode
KUBI,03983-metadata.xml,/eml:eml/dataset/contact/address/country
KUBI,03983-metadata.xml,/eml:eml/dataset/contact/electronicMailAddress
KUBI,03983-metadata.xml,/eml:eml/dataset/contact/onlineUrl
KUBI,03983-metadata.xml,/eml:eml/dataset/spatialRaster/entityName
KUBI,03983-metadata.xml,/eml:eml/dataset/spatialRaster/physical/objectName
KUBI,03983-metadata.xml,/eml:eml/dataset/spatialRaster/physical/dataFormat/externallyDefinedFormat/formatName
KUBI,03983-metadata.xml,/eml:eml/dataset/spatialRaster/physical/distribution/online/url
KUBI,03983-metadata.xml,/eml:eml/dataset/spatialRaster/physical/distribution/online/url/@function
KUBI,03983-metadata.xml,/eml:eml/dataset/spatialRaster/attributeList/attribute/attributeName
KUBI,03983-metadata.xml,/eml:eml/dataset/spatialRaster/attributeList/attribute/attributeDefinition
KUBI,03983-metadata.xml,/eml:eml/dataset/spatialRaster/attributeList/attribute/storageType
KUBI,03983-metadata.xml,/eml:eml/dataset/spatialRaster/attributeList/attribute/measurementScale/interval/unit/standardUnit
KUBI,03983-metadata.xml,/eml:eml/dataset/spatialRaster/attributeList/attribute/measurementScale/interval/numericDomain/numberType
KUBI,03983-metadata.xml,/eml:eml/dataset/spatialRaster/attributeList/attribute/measurementScale/interval/numericDomain/bounds/minimum
KUBI,03983-metadata.xml,/eml:eml/dataset/spatialRaster/attributeList/attribute/measurementScale/interval/numericDomain/bounds/minimum/@exclusive
KUBI,03983-metadata.xml,/eml:eml/dataset/spatialRaster/attributeList/attribute/measurementScale/interval/numericDomain/bounds/maximum
KUBI,03983-metadata.xml,/eml:eml/dataset/spatialRaster/attributeList/attribute/measurementScale/interval/numericDomain/bounds/maximum/@exclusive
KUBI,03983-metadata.xml,/eml:eml/dataset/spatialRaster/spatialReference/horizCoordSysDef/@name
KUBI,03983-metadata.xml,/eml:eml/dataset/spatialRaster/spatialReference/horizCoordSysDef/geogCoordSys/datum/@name
KUBI,03983-metadata.xml,/eml:eml/dataset/spatialRaster/spatialReference/horizCoordSysDef/geogCoordSys/spheroid/@denomFlatRatio
KUBI,03983-metadata.xml,/eml:eml/dataset/spatialRaster/spatialReference/horizCoordSysDef/geogCoordSys/spheroid/@name
KUBI,03983-metadata.xml,/eml:eml/dataset/spatialRaster/spatialReference/horizCoordSysDef/geogCoordSys/spheroid/@semiAxisMajor
KUBI,03983-metadata.xml,/eml:eml/dataset/spatialRaster/spatialReference/horizCoordSysDef/geogCoordSys/primeMeridian/@longitude
KUBI,03983-metadata.xml,/eml:eml/dataset/spatialRaster/spatialReference/horizCoordSysDef/geogCoordSys/primeMeridian/@name
KUBI,03983-metadata.xml,/eml:eml/dataset/spatialRaster/spatialReference/horizCoordSysDef/geogCoordSys/unit/@name
KUBI,03983-metadata.xml,/eml:eml/dataset/spatialRaster/horizontalAccuracy/accuracyReport
KUBI,03983-metadata.xml,/eml:eml/dataset/spatialRaster/verticalAccuracy/accuracyReport
KUBI,03983-metadata.xml,/eml:eml/dataset/spatialRaster/cellSizeXDirection
KUBI,03983-metadata.xml,/eml:eml/dataset/spatialRaster/cellSizeYDirection
KUBI,03983-metadata.xml,/eml:eml/dataset/spatialRaster/numberOfBands
KUBI,03983-metadata.xml,/eml:eml/dataset/spatialRaster/rasterOrigin
KUBI,03983-metadata.xml,/eml:eml/dataset/spatialRaster/rows
KUBI,03983-metadata.xml,/eml:eml/dataset/spatialRaster/columns
KUBI,03983-metadata.xml,/eml:eml/dataset/spatialRaster/verticals
KUBI,03983-metadata.xml,/eml:eml/dataset/spatialRaster/cellGeometry
KUBI,03984-metadata.xml,/eml:eml/@packageId
KUBI,03984-metadata.xml,/eml:eml/@system
KUBI,03984-metadata.xml,/eml:eml/@xsi:schemaLocation
KUBI,03984-metadata.xml,/eml:eml/dataset/title
KUBI,03984-metadata.xml,/eml:eml/dataset/creator/organizationName
KUBI,03984-metadata.xml,/eml:eml/dataset/keywordSet/keyword
KUBI,03984-metadata.xml,/eml:eml/dataset/keywordSet/keyword
KUBI,03984-metadata.xml,/eml:eml/dataset/keywordSet/keyword
KUBI,03984-metadata.xml,/eml:eml/dataset/keywordSet/keyword
KUBI,03984-metadata.xml,/eml:eml/dataset/coverage/geographicCoverage/geographicDescription
KUBI,03984-metadata.xml,/eml:eml/dataset/coverage/geographicCoverage/boundingCoordinates/westBoundingCoordinate
KUBI,03984-metadata.xml,/eml:eml/dataset/coverage/geographicCoverage/boundingCoordinates/eastBoundingCoordinate
KUBI,03984-metadata.xml,/eml:eml/dataset/coverage/geographicCoverage/boundingCoordinates/northBoundingCoordinate
KUBI,03984-metadata.xml,/eml:eml/dataset/coverage/geographicCoverage/boundingCoordinates/southBoundingCoordinate
KUBI,03984-metadata.xml,/eml:eml/dataset/coverage/temporalCoverage/rangeOfDates/beginDate/calendarDate
KUBI,03984-metadata.xml,/eml:eml/dataset/coverage/temporalCoverage/rangeOfDates/endDate/calendarDate
KUBI,03984-metadata.xml,/eml:eml/dataset/contact/organizationName
KUBI,03984-metadata.xml,/eml:eml/dataset/contact/address/deliveryPoint
KUBI,03984-metadata.xml,/eml:eml/dataset/contact/address/city
KUBI,03984-metadata.xml,/eml:eml/dataset/contact/address/administrativeArea
KUBI,03984-metadata.xml,/eml:eml/dataset/contact/address/postalCode
KUBI,03984-metadata.xml,/eml:eml/dataset/contact/address/country
KUBI,03984-metadata.xml,/eml:eml/dataset/contact/electronicMailAddress
KUBI,03984-metadata.xml,/eml:eml/dataset/contact/onlineUrl
KUBI,03984-metadata.xml,/eml:eml/dataset/spatialRaster/entityName
KUBI,03984-metadata.xml,/eml:eml/dataset/spatialRaster/physical/objectName
KUBI,03984-metadata.xml,/eml:eml/dataset/spatialRaster/physical/dataFormat/externallyDefinedFormat/formatName
KUBI,03984-metadata.xml,/eml:eml/dataset/spatialRaster/physical/distribution/online/url
KUBI,03984-metadata.xml,/eml:eml/dataset/spatialRaster/physical/distribution/online/url/@function
KUBI,03984-metadata.xml,/eml:eml/dataset/spatialRaster/attributeList/attribute/attributeName
KUBI,03984-metadata.xml,/eml:eml/dataset/spatialRaster/attributeList/attribute/attributeDefinition
KUBI,03984-metadata.xml,/eml:eml/dataset/spatialRaster/attributeList/attribute/storageType
KUBI,03984-metadata.xml,/eml:eml/dataset/spatialRaster/attributeList/attribute/measurementScale/interval/unit/customUnit
KUBI,03984-metadata.xml,/eml:eml/dataset/spatialRaster/attributeList/attribute/measurementScale/interval/numericDomain/numberType
KUBI,03984-metadata.xml,/eml:eml/dataset/spatialRaster/attributeList/attribute/measurementScale/interval/numericDomain/bounds/minimum
KUBI,03984-metadata.xml,/eml:eml/dataset/spatialRaster/attributeList/attribute/measurementScale/interval/numericDomain/bounds/minimum/@exclusive
KUBI,03984-metadata.xml,/eml:eml/dataset/spatialRaster/attributeList/attribute/measurementScale/interval/numericDomain/bounds/maximum
KUBI,03984-metadata.xml,/eml:eml/dataset/spatialRaster/attributeList/attribute/measurementScale/interval/numericDomain/bounds/maximum/@exclusive
KUBI,03984-metadata.xml,/eml:eml/dataset/spatialRaster/spatialReference/horizCoordSysDef/@name
KUBI,03984-metadata.xml,/eml:eml/dataset/spatialRaster/spatialReference/horizCoordSysDef/geogCoordSys/datum/@name
KUBI,03984-metadata.xml,/eml:eml/dataset/spatialRaster/spatialReference/horizCoordSysDef/geogCoordSys/spheroid/@denomFlatRatio
KUBI,03984-metadata.xml,/eml:eml/dataset/spatialRaster/spatialReference/horizCoordSysDef/geogCoordSys/spheroid/@name
KUBI,03984-metadata.xml,/eml:eml/dataset/spatialRaster/spatialReference/horizCoordSysDef/geogCoordSys/spheroid/@semiAxisMajor
KUBI,03984-metadata.xml,/eml:eml/dataset/spatialRaster/spatialReference/horizCoordSysDef/geogCoordSys/primeMeridian/@longitude
KUBI,03984-metadata.xml,/eml:eml/dataset/spatialRaster/spatialReference/horizCoordSysDef/geogCoordSys/primeMeridian/@name
KUBI,03984-metadata.xml,/eml:eml/dataset/spatialRaster/spatialReference/horizCoordSysDef/geogCoordSys/unit/@name
KUBI,03984-metadata.xml,/eml:eml/dataset/spatialRaster/horizontalAccuracy/accuracyReport
KUBI,03984-metadata.xml,/eml:eml/dataset/spatialRaster/verticalAccuracy/accuracyReport
KUBI,03984-metadata.xml,/eml:eml/dataset/spatialRaster/cellSizeXDirection
KUBI,03984-metadata.xml,/eml:eml/dataset/spatialRaster/cellSizeYDirection
KUBI,03984-metadata.xml,/eml:eml/dataset/spatialRaster/numberOfBands
KUBI,03984-metadata.xml,/eml:eml/dataset/spatialRaster/rasterOrigin
KUBI,03984-metadata.xml,/eml:eml/dataset/spatialRaster/rows
KUBI,03984-metadata.xml,/eml:eml/dataset/spatialRaster/columns
KUBI,03984-metadata.xml,/eml:eml/dataset/spatialRaster/verticals
KUBI,03984-metadata.xml,/eml:eml/dataset/spatialRaster/cellGeometry
KUBI,03984-metadata.xml,/eml:eml/additionalMetadata/metadata/unitList/ns2:unit/@id
KUBI,03984-metadata.xml,/eml:eml/additionalMetadata/metadata/unitList/ns2:unit/@multiplierToSI
KUBI,03984-metadata.xml,/eml:eml/additionalMetadata/metadata/unitList/ns2:unit/@parentSI
KUBI,03984-metadata.xml,/eml:eml/additionalMetadata/metadata/unitList/ns2:unit/ns2:description
KUBI,03985-metadata.xml,/eml:eml/@packageId
KUBI,03985-metadata.xml,/eml:eml/@system
KUBI,03985-metadata.xml,/eml:eml/@xsi:schemaLocation
KUBI,03985-metadata.xml,/eml:eml/dataset/title
KUBI,03985-metadata.xml,/eml:eml/dataset/creator/organizationName
KUBI,03985-metadata.xml,/eml:eml/dataset/keywordSet/keyword
KUBI,03985-metadata.xml,/eml:eml/dataset/keywordSet/keyword
KUBI,03985-metadata.xml,/eml:eml/dataset/keywordSet/keyword
KUBI,03985-metadata.xml,/eml:eml/dataset/keywordSet/keyword
KUBI,03985-metadata.xml,/eml:eml/dataset/keywordSet/keyword
KUBI,03985-metadata.xml,/eml:eml/dataset/coverage/geographicCoverage/geographicDescription
KUBI,03985-metadata.xml,/eml:eml/dataset/coverage/geographicCoverage/boundingCoordinates/westBoundingCoordinate
KUBI,03985-metadata.xml,/eml:eml/dataset/coverage/geographicCoverage/boundingCoordinates/eastBoundingCoordinate
KUBI,03985-metadata.xml,/eml:eml/dataset/coverage/geographicCoverage/boundingCoordinates/northBoundingCoordinate
KUBI,03985-metadata.xml,/eml:eml/dataset/coverage/geographicCoverage/boundingCoordinates/southBoundingCoordinate
KUBI,03985-metadata.xml,/eml:eml/dataset/coverage/temporalCoverage/rangeOfDates/beginDate/calendarDate
KUBI,03985-metadata.xml,/eml:eml/dataset/coverage/temporalCoverage/rangeOfDates/endDate/calendarDate
KUBI,03985-metadata.xml,/eml:eml/dataset/contact/organizationName
KUBI,03985-metadata.xml,/eml:eml/dataset/contact/address/deliveryPoint
KUBI,03985-metadata.xml,/eml:eml/dataset/contact/address/city
KUBI,03985-metadata.xml,/eml:eml/dataset/contact/address/administrativeArea
KUBI,03985-metadata.xml,/eml:eml/dataset/contact/address/postalCode
KUBI,03985-metadata.xml,/eml:eml/dataset/contact/address/country
KUBI,03985-metadata.xml,/eml:eml/dataset/contact/electronicMailAddress
KUBI,03985-metadata.xml,/eml:eml/dataset/contact/onlineUrl
KUBI,03985-metadata.xml,/eml:eml/dataset/spatialRaster/entityName
KUBI,03985-metadata.xml,/eml:eml/dataset/spatialRaster/physical/objectName
KUBI,03985-metadata.xml,/eml:eml/dataset/spatialRaster/physical/dataFormat/externallyDefinedFormat/formatName
KUBI,03985-metadata.xml,/eml:eml/dataset/spatialRaster/physical/distribution/online/url
KUBI,03985-metadata.xml,/eml:eml/dataset/spatialRaster/physical/distribution/online/url/@function
KUBI,03985-metadata.xml,/eml:eml/dataset/spatialRaster/attributeList/attribute/attributeName
KUBI,03985-metadata.xml,/eml:eml/dataset/spatialRaster/attributeList/attribute/attributeDefinition
KUBI,03985-metadata.xml,/eml:eml/dataset/spatialRaster/attributeList/attribute/storageType
KUBI,03985-metadata.xml,/eml:eml/dataset/spatialRaster/attributeList/attribute/measurementScale/interval/unit/customUnit
KUBI,03985-metadata.xml,/eml:eml/dataset/spatialRaster/attributeList/attribute/measurementScale/interval/numericDomain/numberType
KUBI,03985-metadata.xml,/eml:eml/dataset/spatialRaster/attributeList/attribute/measurementScale/interval/numericDomain/bounds/minimum
KUBI,03985-metadata.xml,/eml:eml/dataset/spatialRaster/attributeList/attribute/measurementScale/interval/numericDomain/bounds/minimum/@exclusive
KUBI,03985-metadata.xml,/eml:eml/dataset/spatialRaster/attributeList/attribute/measurementScale/interval/numericDomain/bounds/maximum
KUBI,03985-metadata.xml,/eml:eml/dataset/spatialRaster/attributeList/attribute/measurementScale/interval/numericDomain/bounds/maximum/@exclusive
KUBI,03985-metadata.xml,/eml:eml/dataset/spatialRaster/spatialReference/horizCoordSysDef/@name
KUBI,03985-metadata.xml,/eml:eml/dataset/spatialRaster/spatialReference/horizCoordSysDef/geogCoordSys/datum/@name
KUBI,03985-metadata.xml,/eml:eml/dataset/spatialRaster/spatialReference/horizCoordSysDef/geogCoordSys/spheroid/@denomFlatRatio
KUBI,03985-metadata.xml,/eml:eml/dataset/spatialRaster/spatialReference/horizCoordSysDef/geogCoordSys/spheroid/@name
KUBI,03985-metadata.xml,/eml:eml/dataset/spatialRaster/spatialReference/horizCoordSysDef/geogCoordSys/spheroid/@semiAxisMajor
KUBI,03985-metadata.xml,/eml:eml/dataset/spatialRaster/spatialReference/horizCoordSysDef/geogCoordSys/primeMeridian/@longitude
KUBI,03985-metadata.xml,/eml:eml/dataset/spatialRaster/spatialReference/horizCoordSysDef/geogCoordSys/primeMeridian/@name
KUBI,03985-metadata.xml,/eml:eml/dataset/spatialRaster/spatialReference/horizCoordSysDef/geogCoordSys/unit/@name
KUBI,03985-metadata.xml,/eml:eml/dataset/spatialRaster/horizontalAccuracy/accuracyReport
KUBI,03985-metadata.xml,/eml:eml/dataset/spatialRaster/verticalAccuracy/accuracyReport
KUBI,03985-metadata.xml,/eml:eml/dataset/spatialRaster/cellSizeXDirection
KUBI,03985-metadata.xml,/eml:eml/dataset/spatialRaster/cellSizeYDirection
KUBI,03985-metadata.xml,/eml:eml/dataset/spatialRaster/numberOfBands
KUBI,03985-metadata.xml,/eml:eml/dataset/spatialRaster/rasterOrigin
KUBI,03985-metadata.xml,/eml:eml/dataset/spatialRaster/rows
KUBI,03985-metadata.xml,/eml:eml/dataset/spatialRaster/columns
KUBI,03985-metadata.xml,/eml:eml/dataset/spatialRaster/verticals
KUBI,03985-metadata.xml,/eml:eml/dataset/spatialRaster/cellGeometry
KUBI,03985-metadata.xml,/eml:eml/additionalMetadata/metadata/unitList/ns2:unit/@id
KUBI,03985-metadata.xml,/eml:eml/additionalMetadata/metadata/unitList/ns2:unit/@multiplierToSI
KUBI,03985-metadata.xml,/eml:eml/additionalMetadata/metadata/unitList/ns2:unit/@parentSI
KUBI,03985-metadata.xml,/eml:eml/additionalMetadata/metadata/unitList/ns2:unit/ns2:description
KUBI,03986-metadata.xml,/eml:eml/@packageId
KUBI,03986-metadata.xml,/eml:eml/@system
KUBI,03986-metadata.xml,/eml:eml/@xsi:schemaLocation
KUBI,03986-metadata.xml,/eml:eml/dataset/title
KUBI,03986-metadata.xml,/eml:eml/dataset/creator/organizationName
KUBI,03986-metadata.xml,/eml:eml/dataset/keywordSet/keyword
KUBI,03986-metadata.xml,/eml:eml/dataset/keywordSet/keyword
KUBI,03986-metadata.xml,/eml:eml/dataset/keywordSet/keyword
KUBI,03986-metadata.xml,/eml:eml/dataset/keywordSet/keyword
KUBI,03986-metadata.xml,/eml:eml/dataset/coverage/geographicCoverage/geographicDescription
KUBI,03986-metadata.xml,/eml:eml/dataset/coverage/geographicCoverage/boundingCoordinates/westBoundingCoordinate
KUBI,03986-metadata.xml,/eml:eml/dataset/coverage/geographicCoverage/boundingCoordinates/eastBoundingCoordinate
KUBI,03986-metadata.xml,/eml:eml/dataset/coverage/geographicCoverage/boundingCoordinates/northBoundingCoordinate
KUBI,03986-metadata.xml,/eml:eml/dataset/coverage/geographicCoverage/boundingCoordinates/southBoundingCoordinate
KUBI,03986-metadata.xml,/eml:eml/dataset/coverage/temporalCoverage/rangeOfDates/beginDate/calendarDate
KUBI,03986-metadata.xml,/eml:eml/dataset/coverage/temporalCoverage/rangeOfDates/endDate/calendarDate
KUBI,03986-metadata.xml,/eml:eml/dataset/contact/organizationName
KUBI,03986-metadata.xml,/eml:eml/dataset/contact/address/deliveryPoint
KUBI,03986-metadata.xml,/eml:eml/dataset/contact/address/city
KUBI,03986-metadata.xml,/eml:eml/dataset/contact/address/administrativeArea
KUBI,03986-metadata.xml,/eml:eml/dataset/contact/address/postalCode
KUBI,03986-metadata.xml,/eml:eml/dataset/contact/address/country
KUBI,03986-metadata.xml,/eml:eml/dataset/contact/electronicMailAddress
KUBI,03986-metadata.xml,/eml:eml/dataset/contact/onlineUrl
KUBI,03986-metadata.xml,/eml:eml/dataset/spatialRaster/entityName
KUBI,03986-metadata.xml,/eml:eml/dataset/spatialRaster/physical/objectName
KUBI,03986-metadata.xml,/eml:eml/dataset/spatialRaster/physical/dataFormat/externallyDefinedFormat/formatName
KUBI,03986-metadata.xml,/eml:eml/dataset/spatialRaster/physical/distribution/online/url
KUBI,03986-metadata.xml,/eml:eml/dataset/spatialRaster/physical/distribution/online/url/@function
KUBI,03986-metadata.xml,/eml:eml/dataset/spatialRaster/attributeList/attribute/attributeName
KUBI,03986-metadata.xml,/eml:eml/dataset/spatialRaster/attributeList/attribute/attributeDefinition
KUBI,03986-metadata.xml,/eml:eml/dataset/spatialRaster/attributeList/attribute/storageType
KUBI,03986-metadata.xml,/eml:eml/dataset/spatialRaster/attributeList/attribute/measurementScale/interval/unit/standardUnit
KUBI,03986-metadata.xml,/eml:eml/dataset/spatialRaster/attributeList/attribute/measurementScale/interval/numericDomain/numberType
KUBI,03986-metadata.xml,/eml:eml/dataset/spatialRaster/attributeList/attribute/measurementScale/interval/numericDomain/bounds/minimum
KUBI,03986-metadata.xml,/eml:eml/dataset/spatialRaster/attributeList/attribute/measurementScale/interval/numericDomain/bounds/minimum/@exclusive
KUBI,03986-metadata.xml,/eml:eml/dataset/spatialRaster/attributeList/attribute/measurementScale/interval/numericDomain/bounds/maximum
KUBI,03986-metadata.xml,/eml:eml/dataset/spatialRaster/attributeList/attribute/measurementScale/interval/numericDomain/bounds/maximum/@exclusive
KUBI,03986-metadata.xml,/eml:eml/dataset/spatialRaster/spatialReference/horizCoordSysDef/@name
KUBI,03986-metadata.xml,/eml:eml/dataset/spatialRaster/spatialReference/horizCoordSysDef/geogCoordSys/datum/@name
KUBI,03986-metadata.xml,/eml:eml/dataset/spatialRaster/spatialReference/horizCoordSysDef/geogCoordSys/spheroid/@denomFlatRatio
KUBI,03986-metadata.xml,/eml:eml/dataset/spatialRaster/spatialReference/horizCoordSysDef/geogCoordSys/spheroid/@name
KUBI,03986-metadata.xml,/eml:eml/dataset/spatialRaster/spatialReference/horizCoordSysDef/geogCoordSys/spheroid/@semiAxisMajor
KUBI,03986-metadata.xml,/eml:eml/dataset/spatialRaster/spatialReference/horizCoordSysDef/geogCoordSys/primeMeridian/@longitude
KUBI,03986-metadata.xml,/eml:eml/dataset/spatialRaster/spatialReference/horizCoordSysDef/geogCoordSys/primeMeridian/@name
KUBI,03986-metadata.xml,/eml:eml/dataset/spatialRaster/spatialReference/horizCoordSysDef/geogCoordSys/unit/@name
KUBI,03986-metadata.xml,/eml:eml/dataset/spatialRaster/horizontalAccuracy/accuracyReport
KUBI,03986-metadata.xml,/eml:eml/dataset/spatialRaster/verticalAccuracy/accuracyReport
KUBI,03986-metadata.xml,/eml:eml/dataset/spatialRaster/cellSizeXDirection
KUBI,03986-metadata.xml,/eml:eml/dataset/spatialRaster/cellSizeYDirection
KUBI,03986-metadata.xml,/eml:eml/dataset/spatialRaster/numberOfBands
KUBI,03986-metadata.xml,/eml:eml/dataset/spatialRaster/rasterOrigin
KUBI,03986-metadata.xml,/eml:eml/dataset/spatialRaster/rows
KUBI,03986-metadata.xml,/eml:eml/dataset/spatialRaster/columns
KUBI,03986-metadata.xml,/eml:eml/dataset/spatialRaster/verticals
KUBI,03986-metadata.xml,/eml:eml/dataset/spatialRaster/cellGeometry
KUBI,03987-metadata.xml,/eml:eml/@packageId
KUBI,03987-metadata.xml,/eml:eml/@system
KUBI,03987-metadata.xml,/eml:eml/@xsi:schemaLocation
KUBI,03987-metadata.xml,/eml:eml/dataset/title
KUBI,03987-metadata.xml,/eml:eml/dataset/creator/organizationName
KUBI,03987-metadata.xml,/eml:eml/dataset/keywordSet/keyword
KUBI,03987-metadata.xml,/eml:eml/dataset/keywordSet/keyword
KUBI,03987-metadata.xml,/eml:eml/dataset/keywordSet/keyword
KUBI,03987-metadata.xml,/eml:eml/dataset/keywordSet/keyword
KUBI,03987-metadata.xml,/eml:eml/dataset/coverage/geographicCoverage/geographicDescription
KUBI,03987-metadata.xml,/eml:eml/dataset/coverage/geographicCoverage/boundingCoordinates/westBoundingCoordinate
KUBI,03987-metadata.xml,/eml:eml/dataset/coverage/geographicCoverage/boundingCoordinates/eastBoundingCoordinate
KUBI,03987-metadata.xml,/eml:eml/dataset/coverage/geographicCoverage/boundingCoordinates/northBoundingCoordinate
KUBI,03987-metadata.xml,/eml:eml/dataset/coverage/geographicCoverage/boundingCoordinates/southBoundingCoordinate
KUBI,03987-metadata.xml,/eml:eml/dataset/coverage/temporalCoverage/rangeOfDates/beginDate/calendarDate
KUBI,03987-metadata.xml,/eml:eml/dataset/coverage/temporalCoverage/rangeOfDates/endDate/calendarDate
KUBI,03987-metadata.xml,/eml:eml/dataset/contact/organizationName
KUBI,03987-metadata.xml,/eml:eml/dataset/contact/address/deliveryPoint
KUBI,03987-metadata.xml,/eml:eml/dataset/contact/address/city
KUBI,03987-metadata.xml,/eml:eml/dataset/contact/address/administrativeArea
KUBI,03987-metadata.xml,/eml:eml/dataset/contact/address/postalCode
KUBI,03987-metadata.xml,/eml:eml/dataset/contact/address/country
KUBI,03987-metadata.xml,/eml:eml/dataset/contact/electronicMailAddress
KUBI,03987-metadata.xml,/eml:eml/dataset/contact/onlineUrl
KUBI,03987-metadata.xml,/eml:eml/dataset/spatialRaster/entityName
KUBI,03987-metadata.xml,/eml:eml/dataset/spatialRaster/physical/objectName
KUBI,03987-metadata.xml,/eml:eml/dataset/spatialRaster/physical/dataFormat/externallyDefinedFormat/formatName
KUBI,03987-metadata.xml,/eml:eml/dataset/spatialRaster/physical/distribution/online/url
KUBI,03987-metadata.xml,/eml:eml/dataset/spatialRaster/physical/distribution/online/url/@function
KUBI,03987-metadata.xml,/eml:eml/dataset/spatialRaster/attributeList/attribute/attributeName
KUBI,03987-metadata.xml,/eml:eml/dataset/spatialRaster/attributeList/attribute/attributeDefinition
KUBI,03987-metadata.xml,/eml:eml/dataset/spatialRaster/attributeList/attribute/storageType
KUBI,03987-metadata.xml,/eml:eml/dataset/spatialRaster/attributeList/attribute/measurementScale/interval/unit/standardUnit
KUBI,03987-metadata.xml,/eml:eml/dataset/spatialRaster/attributeList/attribute/measurementScale/interval/numericDomain/numberType
KUBI,03987-metadata.xml,/eml:eml/dataset/spatialRaster/attributeList/attribute/measurementScale/interval/numericDomain/bounds/minimum
KUBI,03987-metadata.xml,/eml:eml/dataset/spatialRaster/attributeList/attribute/measurementScale/interval/numericDomain/bounds/minimum/@exclusive
KUBI,03987-metadata.xml,/eml:eml/dataset/spatialRaster/attributeList/attribute/measurementScale/interval/numericDomain/bounds/maximum
KUBI,03987-metadata.xml,/eml:eml/dataset/spatialRaster/attributeList/attribute/measurementScale/interval/numericDomain/bounds/maximum/@exclusive
KUBI,03987-metadata.xml,/eml:eml/dataset/spatialRaster/spatialReference/horizCoordSysDef/@name
KUBI,03987-metadata.xml,/eml:eml/dataset/spatialRaster/spatialReference/horizCoordSysDef/geogCoordSys/datum/@name
KUBI,03987-metadata.xml,/eml:eml/dataset/spatialRaster/spatialReference/horizCoordSysDef/geogCoordSys/spheroid/@denomFlatRatio
KUBI,03987-metadata.xml,/eml:eml/dataset/spatialRaster/spatialReference/horizCoordSysDef/geogCoordSys/spheroid/@name
KUBI,03987-metadata.xml,/eml:eml/dataset/spatialRaster/spatialReference/horizCoordSysDef/geogCoordSys/spheroid/@semiAxisMajor
KUBI,03987-metadata.xml,/eml:eml/dataset/spatialRaster/spatialReference/horizCoordSysDef/geogCoordSys/primeMeridian/@longitude
KUBI,03987-metadata.xml,/eml:eml/dataset/spatialRaster/spatialReference/horizCoordSysDef/geogCoordSys/primeMeridian/@name
KUBI,03987-metadata.xml,/eml:eml/dataset/spatialRaster/spatialReference/horizCoordSysDef/geogCoordSys/unit/@name
KUBI,03987-metadata.xml,/eml:eml/dataset/spatialRaster/horizontalAccuracy/accuracyReport
KUBI,03987-metadata.xml,/eml:eml/dataset/spatialRaster/verticalAccuracy/accuracyReport
KUBI,03987-metadata.xml,/eml:eml/dataset/spatialRaster/cellSizeXDirection
KUBI,03987-metadata.xml,/eml:eml/dataset/spatialRaster/cellSizeYDirection
KUBI,03987-metadata.xml,/eml:eml/dataset/spatialRaster/numberOfBands
KUBI,03987-metadata.xml,/eml:eml/dataset/spatialRaster/rasterOrigin
KUBI,03987-metadata.xml,/eml:eml/dataset/spatialRaster/rows
KUBI,03987-metadata.xml,/eml:eml/dataset/spatialRaster/columns
KUBI,03987-metadata.xml,/eml:eml/dataset/spatialRaster/verticals
KUBI,03987-metadata.xml,/eml:eml/dataset/spatialRaster/cellGeometry
KUBI,03988-metadata.xml,/eml:eml/@packageId
KUBI,03988-metadata.xml,/eml:eml/@system
KUBI,03988-metadata.xml,/eml:eml/@xsi:schemaLocation
KUBI,03988-metadata.xml,/eml:eml/dataset/title
KUBI,03988-metadata.xml,/eml:eml/dataset/creator/organizationName
KUBI,03988-metadata.xml,/eml:eml/dataset/keywordSet/keyword
KUBI,03988-metadata.xml,/eml:eml/dataset/keywordSet/keyword
KUBI,03988-metadata.xml,/eml:eml/dataset/keywordSet/keyword
KUBI,03988-metadata.xml,/eml:eml/dataset/keywordSet/keyword
KUBI,03988-metadata.xml,/eml:eml/dataset/coverage/geographicCoverage/geographicDescription
KUBI,03988-metadata.xml,/eml:eml/dataset/coverage/geographicCoverage/boundingCoordinates/westBoundingCoordinate
KUBI,03988-metadata.xml,/eml:eml/dataset/coverage/geographicCoverage/boundingCoordinates/eastBoundingCoordinate
KUBI,03988-metadata.xml,/eml:eml/dataset/coverage/geographicCoverage/boundingCoordinates/northBoundingCoordinate
KUBI,03988-metadata.xml,/eml:eml/dataset/coverage/geographicCoverage/boundingCoordinates/southBoundingCoordinate
KUBI,03988-metadata.xml,/eml:eml/dataset/coverage/temporalCoverage/rangeOfDates/beginDate/calendarDate
KUBI,03988-metadata.xml,/eml:eml/dataset/coverage/temporalCoverage/rangeOfDates/endDate/calendarDate
KUBI,03988-metadata.xml,/eml:eml/dataset/contact/organizationName
KUBI,03988-metadata.xml,/eml:eml/dataset/contact/address/deliveryPoint
KUBI,03988-metadata.xml,/eml:eml/dataset/contact/address/city
KUBI,03988-metadata.xml,/eml:eml/dataset/contact/address/administrativeArea
KUBI,03988-metadata.xml,/eml:eml/dataset/contact/address/postalCode
KUBI,03988-metadata.xml,/eml:eml/dataset/contact/address/country
KUBI,03988-metadata.xml,/eml:eml/dataset/contact/electronicMailAddress
KUBI,03988-metadata.xml,/eml:eml/dataset/contact/onlineUrl
KUBI,03988-metadata.xml,/eml:eml/dataset/spatialRaster/entityName
KUBI,03988-metadata.xml,/eml:eml/dataset/spatialRaster/physical/objectName
KUBI,03988-metadata.xml,/eml:eml/dataset/spatialRaster/physical/dataFormat/externallyDefinedFormat/formatName
KUBI,03988-metadata.xml,/eml:eml/dataset/spatialRaster/physical/distribution/online/url
KUBI,03988-metadata.xml,/eml:eml/dataset/spatialRaster/physical/distribution/online/url/@function
KUBI,03988-metadata.xml,/eml:eml/dataset/spatialRaster/attributeList/attribute/attributeName
KUBI,03988-metadata.xml,/eml:eml/dataset/spatialRaster/attributeList/attribute/attributeDefinition
KUBI,03988-metadata.xml,/eml:eml/dataset/spatialRaster/attributeList/attribute/storageType
KUBI,03988-metadata.xml,/eml:eml/dataset/spatialRaster/attributeList/attribute/measurementScale/interval/unit/standardUnit
KUBI,03988-metadata.xml,/eml:eml/dataset/spatialRaster/attributeList/attribute/measurementScale/interval/numericDomain/numberType
KUBI,03988-metadata.xml,/eml:eml/dataset/spatialRaster/attributeList/attribute/measurementScale/interval/numericDomain/bounds/minimum
KUBI,03988-metadata.xml,/eml:eml/dataset/spatialRaster/attributeList/attribute/measurementScale/interval/numericDomain/bounds/minimum/@exclusive
KUBI,03988-metadata.xml,/eml:eml/dataset/spatialRaster/attributeList/attribute/measurementScale/interval/numericDomain/bounds/maximum
KUBI,03988-metadata.xml,/eml:eml/dataset/spatialRaster/attributeList/attribute/measurementScale/interval/numericDomain/bounds/maximum/@exclusive
KUBI,03988-metadata.xml,/eml:eml/dataset/spatialRaster/spatialReference/horizCoordSysDef/@name
KUBI,03988-metadata.xml,/eml:eml/dataset/spatialRaster/spatialReference/horizCoordSysDef/geogCoordSys/datum/@name
KUBI,03988-metadata.xml,/eml:eml/dataset/spatialRaster/spatialReference/horizCoordSysDef/geogCoordSys/spheroid/@denomFlatRatio
KUBI,03988-metadata.xml,/eml:eml/dataset/spatialRaster/spatialReference/horizCoordSysDef/geogCoordSys/spheroid/@name
KUBI,03988-metadata.xml,/eml:eml/dataset/spatialRaster/spatialReference/horizCoordSysDef/geogCoordSys/spheroid/@semiAxisMajor
KUBI,03988-metadata.xml,/eml:eml/dataset/spatialRaster/spatialReference/horizCoordSysDef/geogCoordSys/primeMeridian/@longitude
KUBI,03988-metadata.xml,/eml:eml/dataset/spatialRaster/spatialReference/horizCoordSysDef/geogCoordSys/primeMeridian/@name
KUBI,03988-metadata.xml,/eml:eml/dataset/spatialRaster/spatialReference/horizCoordSysDef/geogCoordSys/unit/@name
KUBI,03988-metadata.xml,/eml:eml/dataset/spatialRaster/horizontalAccuracy/accuracyReport
KUBI,03988-metadata.xml,/eml:eml/dataset/spatialRaster/verticalAccuracy/accuracyReport
KUBI,03988-metadata.xml,/eml:eml/dataset/spatialRaster/cellSizeXDirection
KUBI,03988-metadata.xml,/eml:eml/dataset/spatialRaster/cellSizeYDirection
KUBI,03988-metadata.xml,/eml:eml/dataset/spatialRaster/numberOfBands
KUBI,03988-metadata.xml,/eml:eml/dataset/spatialRaster/rasterOrigin
KUBI,03988-metadata.xml,/eml:eml/dataset/spatialRaster/rows
KUBI,03988-metadata.xml,/eml:eml/dataset/spatialRaster/columns
KUBI,03988-metadata.xml,/eml:eml/dataset/spatialRaster/verticals
KUBI,03988-metadata.xml,/eml:eml/dataset/spatialRaster/cellGeometry
KUBI,03989-metadata.xml,/eml:eml/@packageId
KUBI,03989-metadata.xml,/eml:eml/@system
KUBI,03989-metadata.xml,/eml:eml/@xsi:schemaLocation
KUBI,03989-metadata.xml,/eml:eml/dataset/title
KUBI,03989-metadata.xml,/eml:eml/dataset/creator/organizationName
KUBI,03989-metadata.xml,/eml:eml/dataset/keywordSet/keyword
KUBI,03989-metadata.xml,/eml:eml/dataset/keywordSet/keyword
KUBI,03989-metadata.xml,/eml:eml/dataset/keywordSet/keyword
KUBI,03989-metadata.xml,/eml:eml/dataset/keywordSet/keyword
KUBI,03989-metadata.xml,/eml:eml/dataset/coverage/geographicCoverage/geographicDescription
KUBI,03989-metadata.xml,/eml:eml/dataset/coverage/geographicCoverage/boundingCoordinates/westBoundingCoordinate
KUBI,03989-metadata.xml,/eml:eml/dataset/coverage/geographicCoverage/boundingCoordinates/eastBoundingCoordinate
KUBI,03989-metadata.xml,/eml:eml/dataset/coverage/geographicCoverage/boundingCoordinates/northBoundingCoordinate
KUBI,03989-metadata.xml,/eml:eml/dataset/coverage/geographicCoverage/boundingCoordinates/southBoundingCoordinate
KUBI,03989-metadata.xml,/eml:eml/dataset/coverage/temporalCoverage/rangeOfDates/beginDate/calendarDate
KUBI,03989-metadata.xml,/eml:eml/dataset/coverage/temporalCoverage/rangeOfDates/endDate/calendarDate
KUBI,03989-metadata.xml,/eml:eml/dataset/contact/organizationName
KUBI,03989-metadata.xml,/eml:eml/dataset/contact/address/deliveryPoint
KUBI,03989-metadata.xml,/eml:eml/dataset/contact/address/city
KUBI,03989-metadata.xml,/eml:eml/dataset/contact/address/administrativeArea
KUBI,03989-metadata.xml,/eml:eml/dataset/contact/address/postalCode
KUBI,03989-metadata.xml,/eml:eml/dataset/contact/address/country
KUBI,03989-metadata.xml,/eml:eml/dataset/contact/electronicMailAddress
KUBI,03989-metadata.xml,/eml:eml/dataset/contact/onlineUrl
KUBI,03989-metadata.xml,/eml:eml/dataset/spatialRaster/entityName
KUBI,03989-metadata.xml,/eml:eml/dataset/spatialRaster/physical/objectName
KUBI,03989-metadata.xml,/eml:eml/dataset/spatialRaster/physical/dataFormat/externallyDefinedFormat/formatName
KUBI,03989-metadata.xml,/eml:eml/dataset/spatialRaster/physical/distribution/online/url
KUBI,03989-metadata.xml,/eml:eml/dataset/spatialRaster/physical/distribution/online/url/@function
KUBI,03989-metadata.xml,/eml:eml/dataset/spatialRaster/attributeList/attribute/attributeName
KUBI,03989-metadata.xml,/eml:eml/dataset/spatialRaster/attributeList/attribute/attributeDefinition
KUBI,03989-metadata.xml,/eml:eml/dataset/spatialRaster/attributeList/attribute/storageType
KUBI,03989-metadata.xml,/eml:eml/dataset/spatialRaster/attributeList/attribute/measurementScale/interval/unit/customUnit
KUBI,03989-metadata.xml,/eml:eml/dataset/spatialRaster/attributeList/attribute/measurementScale/interval/numericDomain/numberType
KUBI,03989-metadata.xml,/eml:eml/dataset/spatialRaster/attributeList/attribute/measurementScale/interval/numericDomain/bounds/minimum
KUBI,03989-metadata.xml,/eml:eml/dataset/spatialRaster/attributeList/attribute/measurementScale/interval/numericDomain/bounds/minimum/@exclusive
KUBI,03989-metadata.xml,/eml:eml/dataset/spatialRaster/attributeList/attribute/measurementScale/interval/numericDomain/bounds/maximum
KUBI,03989-metadata.xml,/eml:eml/dataset/spatialRaster/attributeList/attribute/measurementScale/interval/numericDomain/bounds/maximum/@exclusive
KUBI,03989-metadata.xml,/eml:eml/dataset/spatialRaster/spatialReference/horizCoordSysDef/@name
KUBI,03989-metadata.xml,/eml:eml/dataset/spatialRaster/spatialReference/horizCoordSysDef/geogCoordSys/datum/@name
KUBI,03989-metadata.xml,/eml:eml/dataset/spatialRaster/spatialReference/horizCoordSysDef/geogCoordSys/spheroid/@denomFlatRatio
KUBI,03989-metadata.xml,/eml:eml/dataset/spatialRaster/spatialReference/horizCoordSysDef/geogCoordSys/spheroid/@name
KUBI,03989-metadata.xml,/eml:eml/dataset/spatialRaster/spatialReference/horizCoordSysDef/geogCoordSys/spheroid/@semiAxisMajor
KUBI,03989-metadata.xml,/eml:eml/dataset/spatialRaster/spatialReference/horizCoordSysDef/geogCoordSys/primeMeridian/@longitude
KUBI,03989-metadata.xml,/eml:eml/dataset/spatialRaster/spatialReference/horizCoordSysDef/geogCoordSys/primeMeridian/@name
KUBI,03989-metadata.xml,/eml:eml/dataset/spatialRaster/spatialReference/horizCoordSysDef/geogCoordSys/unit/@name
KUBI,03989-metadata.xml,/eml:eml/dataset/spatialRaster/horizontalAccuracy/accuracyReport
KUBI,03989-metadata.xml,/eml:eml/dataset/spatialRaster/verticalAccuracy/accuracyReport
KUBI,03989-metadata.xml,/eml:eml/dataset/spatialRaster/cellSizeXDirection
KUBI,03989-metadata.xml,/eml:eml/dataset/spatialRaster/cellSizeYDirection
KUBI,03989-metadata.xml,/eml:eml/dataset/spatialRaster/numberOfBands
KUBI,03989-metadata.xml,/eml:eml/dataset/spatialRaster/rasterOrigin
KUBI,03989-metadata.xml,/eml:eml/dataset/spatialRaster/rows
KUBI,03989-metadata.xml,/eml:eml/dataset/spatialRaster/columns
KUBI,03989-metadata.xml,/eml:eml/dataset/spatialRaster/verticals
KUBI,03989-metadata.xml,/eml:eml/dataset/spatialRaster/cellGeometry
KUBI,03989-metadata.xml,/eml:eml/additionalMetadata/metadata/unitList/ns2:unit/@id
KUBI,03989-metadata.xml,/eml:eml/additionalMetadata/metadata/unitList/ns2:unit/@multiplierToSI
KUBI,03989-metadata.xml,/eml:eml/additionalMetadata/metadata/unitList/ns2:unit/@parentSI
KUBI,03989-metadata.xml,/eml:eml/additionalMetadata/metadata/unitList/ns2:unit/ns2:description
KUBI,03990-metadata.xml,/eml:eml/@packageId
KUBI,03990-metadata.xml,/eml:eml/@system
KUBI,03990-metadata.xml,/eml:eml/@xsi:schemaLocation
KUBI,03990-metadata.xml,/eml:eml/dataset/title
KUBI,03990-metadata.xml,/eml:eml/dataset/creator/organizationName
KUBI,03990-metadata.xml,/eml:eml/dataset/keywordSet/keyword
KUBI,03990-metadata.xml,/eml:eml/dataset/keywordSet/keyword
KUBI,03990-metadata.xml,/eml:eml/dataset/keywordSet/keyword
KUBI,03990-metadata.xml,/eml:eml/dataset/keywordSet/keyword
KUBI,03990-metadata.xml,/eml:eml/dataset/coverage/geographicCoverage/geographicDescription
KUBI,03990-metadata.xml,/eml:eml/dataset/coverage/geographicCoverage/boundingCoordinates/westBoundingCoordinate
KUBI,03990-metadata.xml,/eml:eml/dataset/coverage/geographicCoverage/boundingCoordinates/eastBoundingCoordinate
KUBI,03990-metadata.xml,/eml:eml/dataset/coverage/geographicCoverage/boundingCoordinates/northBoundingCoordinate
KUBI,03990-metadata.xml,/eml:eml/dataset/coverage/geographicCoverage/boundingCoordinates/southBoundingCoordinate
KUBI,03990-metadata.xml,/eml:eml/dataset/coverage/temporalCoverage/rangeOfDates/beginDate/calendarDate
KUBI,03990-metadata.xml,/eml:eml/dataset/coverage/temporalCoverage/rangeOfDates/endDate/calendarDate
KUBI,03990-metadata.xml,/eml:eml/dataset/contact/organizationName
KUBI,03990-metadata.xml,/eml:eml/dataset/contact/address/deliveryPoint
KUBI,03990-metadata.xml,/eml:eml/dataset/contact/address/city
KUBI,03990-metadata.xml,/eml:eml/dataset/contact/address/administrativeArea
KUBI,03990-metadata.xml,/eml:eml/dataset/contact/address/postalCode
KUBI,03990-metadata.xml,/eml:eml/dataset/contact/address/country
KUBI,03990-metadata.xml,/eml:eml/dataset/contact/electronicMailAddress
KUBI,03990-metadata.xml,/eml:eml/dataset/contact/onlineUrl
KUBI,03990-metadata.xml,/eml:eml/dataset/spatialRaster/entityName
KUBI,03990-metadata.xml,/eml:eml/dataset/spatialRaster/physical/objectName
KUBI,03990-metadata.xml,/eml:eml/dataset/spatialRaster/physical/dataFormat/externallyDefinedFormat/formatName
KUBI,03990-metadata.xml,/eml:eml/dataset/spatialRaster/physical/distribution/online/url
KUBI,03990-metadata.xml,/eml:eml/dataset/spatialRaster/physical/distribution/online/url/@function
KUBI,03990-metadata.xml,/eml:eml/dataset/spatialRaster/attributeList/attribute/attributeName
KUBI,03990-metadata.xml,/eml:eml/dataset/spatialRaster/attributeList/attribute/attributeDefinition
KUBI,03990-metadata.xml,/eml:eml/dataset/spatialRaster/attributeList/attribute/storageType
KUBI,03990-metadata.xml,/eml:eml/dataset/spatialRaster/attributeList/attribute/measurementScale/interval/unit/standardUnit
KUBI,03990-metadata.xml,/eml:eml/dataset/spatialRaster/attributeList/attribute/measurementScale/interval/numericDomain/numberType
KUBI,03990-metadata.xml,/eml:eml/dataset/spatialRaster/attributeList/attribute/measurementScale/interval/numericDomain/bounds/minimum
KUBI,03990-metadata.xml,/eml:eml/dataset/spatialRaster/attributeList/attribute/measurementScale/interval/numericDomain/bounds/minimum/@exclusive
KUBI,03990-metadata.xml,/eml:eml/dataset/spatialRaster/attributeList/attribute/measurementScale/interval/numericDomain/bounds/maximum
KUBI,03990-metadata.xml,/eml:eml/dataset/spatialRaster/attributeList/attribute/measurementScale/interval/numericDomain/bounds/maximum/@exclusive
KUBI,03990-metadata.xml,/eml:eml/dataset/spatialRaster/spatialReference/horizCoordSysDef/@name
KUBI,03990-metadata.xml,/eml:eml/dataset/spatialRaster/spatialReference/horizCoordSysDef/geogCoordSys/datum/@name
KUBI,03990-metadata.xml,/eml:eml/dataset/spatialRaster/spatialReference/horizCoordSysDef/geogCoordSys/spheroid/@denomFlatRatio
KUBI,03990-metadata.xml,/eml:eml/dataset/spatialRaster/spatialReference/horizCoordSysDef/geogCoordSys/spheroid/@name
KUBI,03990-metadata.xml,/eml:eml/dataset/spatialRaster/spatialReference/horizCoordSysDef/geogCoordSys/spheroid/@semiAxisMajor
KUBI,03990-metadata.xml,/eml:eml/dataset/spatialRaster/spatialReference/horizCoordSysDef/geogCoordSys/primeMeridian/@longitude
KUBI,03990-metadata.xml,/eml:eml/dataset/spatialRaster/spatialReference/horizCoordSysDef/geogCoordSys/primeMeridian/@name
KUBI,03990-metadata.xml,/eml:eml/dataset/spatialRaster/spatialReference/horizCoordSysDef/geogCoordSys/unit/@name
KUBI,03990-metadata.xml,/eml:eml/dataset/spatialRaster/horizontalAccuracy/accuracyReport
KUBI,03990-metadata.xml,/eml:eml/dataset/spatialRaster/verticalAccuracy/accuracyReport
KUBI,03990-metadata.xml,/eml:eml/dataset/spatialRaster/cellSizeXDirection
KUBI,03990-metadata.xml,/eml:eml/dataset/spatialRaster/cellSizeYDirection
KUBI,03990-metadata.xml,/eml:eml/dataset/spatialRaster/numberOfBands
KUBI,03990-metadata.xml,/eml:eml/dataset/spatialRaster/rasterOrigin
KUBI,03990-metadata.xml,/eml:eml/dataset/spatialRaster/rows
KUBI,03990-metadata.xml,/eml:eml/dataset/spatialRaster/columns
KUBI,03990-metadata.xml,/eml:eml/dataset/spatialRaster/verticals
KUBI,03990-metadata.xml,/eml:eml/dataset/spatialRaster/cellGeometry
KUBI,03991-metadata.xml,/eml:eml/@packageId
KUBI,03991-metadata.xml,/eml:eml/@system
KUBI,03991-metadata.xml,/eml:eml/@xsi:schemaLocation
KUBI,03991-metadata.xml,/eml:eml/dataset/title
KUBI,03991-metadata.xml,/eml:eml/dataset/creator/organizationName
KUBI,03991-metadata.xml,/eml:eml/dataset/keywordSet/keyword
KUBI,03991-metadata.xml,/eml:eml/dataset/keywordSet/keyword
KUBI,03991-metadata.xml,/eml:eml/dataset/keywordSet/keyword
KUBI,03991-metadata.xml,/eml:eml/dataset/keywordSet/keyword
KUBI,03991-metadata.xml,/eml:eml/dataset/coverage/geographicCoverage/geographicDescription
KUBI,03991-metadata.xml,/eml:eml/dataset/coverage/geographicCoverage/boundingCoordinates/westBoundingCoordinate
KUBI,03991-metadata.xml,/eml:eml/dataset/coverage/geographicCoverage/boundingCoordinates/eastBoundingCoordinate
KUBI,03991-metadata.xml,/eml:eml/dataset/coverage/geographicCoverage/boundingCoordinates/northBoundingCoordinate
KUBI,03991-metadata.xml,/eml:eml/dataset/coverage/geographicCoverage/boundingCoordinates/southBoundingCoordinate
KUBI,03991-metadata.xml,/eml:eml/dataset/coverage/temporalCoverage/rangeOfDates/beginDate/calendarDate
KUBI,03991-metadata.xml,/eml:eml/dataset/coverage/temporalCoverage/rangeOfDates/endDate/calendarDate
KUBI,03991-metadata.xml,/eml:eml/dataset/contact/organizationName
KUBI,03991-metadata.xml,/eml:eml/dataset/contact/address/deliveryPoint
KUBI,03991-metadata.xml,/eml:eml/dataset/contact/address/city
KUBI,03991-metadata.xml,/eml:eml/dataset/contact/address/administrativeArea
KUBI,03991-metadata.xml,/eml:eml/dataset/contact/address/postalCode
KUBI,03991-metadata.xml,/eml:eml/dataset/contact/address/country
KUBI,03991-metadata.xml,/eml:eml/dataset/contact/electronicMailAddress
KUBI,03991-metadata.xml,/eml:eml/dataset/contact/onlineUrl
KUBI,03991-metadata.xml,/eml:eml/dataset/spatialRaster/entityName
KUBI,03991-metadata.xml,/eml:eml/dataset/spatialRaster/physical/objectName
KUBI,03991-metadata.xml,/eml:eml/dataset/spatialRaster/physical/dataFormat/externallyDefinedFormat/formatName
KUBI,03991-metadata.xml,/eml:eml/dataset/spatialRaster/physical/distribution/online/url
KUBI,03991-metadata.xml,/eml:eml/dataset/spatialRaster/physical/distribution/online/url/@function
KUBI,03991-metadata.xml,/eml:eml/dataset/spatialRaster/attributeList/attribute/attributeName
KUBI,03991-metadata.xml,/eml:eml/dataset/spatialRaster/attributeList/attribute/attributeDefinition
KUBI,03991-metadata.xml,/eml:eml/dataset/spatialRaster/attributeList/attribute/storageType
KUBI,03991-metadata.xml,/eml:eml/dataset/spatialRaster/attributeList/attribute/measurementScale/interval/unit/standardUnit
KUBI,03991-metadata.xml,/eml:eml/dataset/spatialRaster/attributeList/attribute/measurementScale/interval/numericDomain/numberType
KUBI,03991-metadata.xml,/eml:eml/dataset/spatialRaster/attributeList/attribute/measurementScale/interval/numericDomain/bounds/minimum
KUBI,03991-metadata.xml,/eml:eml/dataset/spatialRaster/attributeList/attribute/measurementScale/interval/numericDomain/bounds/minimum/@exclusive
KUBI,03991-metadata.xml,/eml:eml/dataset/spatialRaster/attributeList/attribute/measurementScale/interval/numericDomain/bounds/maximum
KUBI,03991-metadata.xml,/eml:eml/dataset/spatialRaster/attributeList/attribute/measurementScale/interval/numericDomain/bounds/maximum/@exclusive
KUBI,03991-metadata.xml,/eml:eml/dataset/spatialRaster/spatialReference/horizCoordSysDef/@name
KUBI,03991-metadata.xml,/eml:eml/dataset/spatialRaster/spatialReference/horizCoordSysDef/geogCoordSys/datum/@name
KUBI,03991-metadata.xml,/eml:eml/dataset/spatialRaster/spatialReference/horizCoordSysDef/geogCoordSys/spheroid/@denomFlatRatio
KUBI,03991-metadata.xml,/eml:eml/dataset/spatialRaster/spatialReference/horizCoordSysDef/geogCoordSys/spheroid/@name
KUBI,03991-metadata.xml,/eml:eml/dataset/spatialRaster/spatialReference/horizCoordSysDef/geogCoordSys/spheroid/@semiAxisMajor
KUBI,03991-metadata.xml,/eml:eml/dataset/spatialRaster/spatialReference/horizCoordSysDef/geogCoordSys/primeMeridian/@longitude
KUBI,03991-metadata.xml,/eml:eml/dataset/spatialRaster/spatialReference/horizCoordSysDef/geogCoordSys/primeMeridian/@name
KUBI,03991-metadata.xml,/eml:eml/dataset/spatialRaster/spatialReference/horizCoordSysDef/geogCoordSys/unit/@name
KUBI,03991-metadata.xml,/eml:eml/dataset/spatialRaster/horizontalAccuracy/accuracyReport
KUBI,03991-metadata.xml,/eml:eml/dataset/spatialRaster/verticalAccuracy/accuracyReport
KUBI,03991-metadata.xml,/eml:eml/dataset/spatialRaster/cellSizeXDirection
KUBI,03991-metadata.xml,/eml:eml/dataset/spatialRaster/cellSizeYDirection
KUBI,03991-metadata.xml,/eml:eml/dataset/spatialRaster/numberOfBands
KUBI,03991-metadata.xml,/eml:eml/dataset/spatialRaster/rasterOrigin
KUBI,03991-metadata.xml,/eml:eml/dataset/spatialRaster/rows
KUBI,03991-metadata.xml,/eml:eml/dataset/spatialRaster/columns
KUBI,03991-metadata.xml,/eml:eml/dataset/spatialRaster/verticals
KUBI,03991-metadata.xml,/eml:eml/dataset/spatialRaster/cellGeometry
KUBI,03992-metadata.xml,/eml:eml/@packageId
KUBI,03992-metadata.xml,/eml:eml/@system
KUBI,03992-metadata.xml,/eml:eml/@xsi:schemaLocation
KUBI,03992-metadata.xml,/eml:eml/dataset/title
KUBI,03992-metadata.xml,/eml:eml/dataset/creator/organizationName
KUBI,03992-metadata.xml,/eml:eml/dataset/keywordSet/keyword
KUBI,03992-metadata.xml,/eml:eml/dataset/keywordSet/keyword
KUBI,03992-metadata.xml,/eml:eml/dataset/keywordSet/keyword
KUBI,03992-metadata.xml,/eml:eml/dataset/keywordSet/keyword
KUBI,03992-metadata.xml,/eml:eml/dataset/keywordSet/keyword
KUBI,03992-metadata.xml,/eml:eml/dataset/coverage/geographicCoverage/geographicDescription
KUBI,03992-metadata.xml,/eml:eml/dataset/coverage/geographicCoverage/boundingCoordinates/westBoundingCoordinate
KUBI,03992-metadata.xml,/eml:eml/dataset/coverage/geographicCoverage/boundingCoordinates/eastBoundingCoordinate
KUBI,03992-metadata.xml,/eml:eml/dataset/coverage/geographicCoverage/boundingCoordinates/northBoundingCoordinate
KUBI,03992-metadata.xml,/eml:eml/dataset/coverage/geographicCoverage/boundingCoordinates/southBoundingCoordinate
KUBI,03992-metadata.xml,/eml:eml/dataset/coverage/temporalCoverage/rangeOfDates/beginDate/calendarDate
KUBI,03992-metadata.xml,/eml:eml/dataset/coverage/temporalCoverage/rangeOfDates/endDate/calendarDate
KUBI,03992-metadata.xml,/eml:eml/dataset/contact/organizationName
KUBI,03992-metadata.xml,/eml:eml/dataset/contact/address/deliveryPoint
KUBI,03992-metadata.xml,/eml:eml/dataset/contact/address/city
KUBI,03992-metadata.xml,/eml:eml/dataset/contact/address/administrativeArea
KUBI,03992-metadata.xml,/eml:eml/dataset/contact/address/postalCode
KUBI,03992-metadata.xml,/eml:eml/dataset/contact/address/country
KUBI,03992-metadata.xml,/eml:eml/dataset/contact/electronicMailAddress
KUBI,03992-metadata.xml,/eml:eml/dataset/contact/onlineUrl
KUBI,03992-metadata.xml,/eml:eml/dataset/spatialRaster/entityName
KUBI,03992-metadata.xml,/eml:eml/dataset/spatialRaster/physical/objectName
KUBI,03992-metadata.xml,/eml:eml/dataset/spatialRaster/physical/dataFormat/externallyDefinedFormat/formatName
KUBI,03992-metadata.xml,/eml:eml/dataset/spatialRaster/physical/distribution/online/url
KUBI,03992-metadata.xml,/eml:eml/dataset/spatialRaster/physical/distribution/online/url/@function
KUBI,03992-metadata.xml,/eml:eml/dataset/spatialRaster/attributeList/attribute/attributeName
KUBI,03992-metadata.xml,/eml:eml/dataset/spatialRaster/attributeList/attribute/attributeDefinition
KUBI,03992-metadata.xml,/eml:eml/dataset/spatialRaster/attributeList/attribute/storageType
KUBI,03992-metadata.xml,/eml:eml/dataset/spatialRaster/attributeList/attribute/measurementScale/interval/unit/standardUnit
KUBI,03992-metadata.xml,/eml:eml/dataset/spatialRaster/attributeList/attribute/measurementScale/interval/numericDomain/numberType
KUBI,03992-metadata.xml,/eml:eml/dataset/spatialRaster/attributeList/attribute/measurementScale/interval/numericDomain/bounds/minimum
KUBI,03992-metadata.xml,/eml:eml/dataset/spatialRaster/attributeList/attribute/measurementScale/interval/numericDomain/bounds/minimum/@exclusive
KUBI,03992-metadata.xml,/eml:eml/dataset/spatialRaster/attributeList/attribute/measurementScale/interval/numericDomain/bounds/maximum
KUBI,03992-metadata.xml,/eml:eml/dataset/spatialRaster/attributeList/attribute/measurementScale/interval/numericDomain/bounds/maximum/@exclusive
KUBI,03992-metadata.xml,/eml:eml/dataset/spatialRaster/spatialReference/horizCoordSysDef/@name
KUBI,03992-metadata.xml,/eml:eml/dataset/spatialRaster/spatialReference/horizCoordSysDef/geogCoordSys/datum/@name
KUBI,03992-metadata.xml,/eml:eml/dataset/spatialRaster/spatialReference/horizCoordSysDef/geogCoordSys/spheroid/@denomFlatRatio
KUBI,03992-metadata.xml,/eml:eml/dataset/spatialRaster/spatialReference/horizCoordSysDef/geogCoordSys/spheroid/@name
KUBI,03992-metadata.xml,/eml:eml/dataset/spatialRaster/spatialReference/horizCoordSysDef/geogCoordSys/spheroid/@semiAxisMajor
KUBI,03992-metadata.xml,/eml:eml/dataset/spatialRaster/spatialReference/horizCoordSysDef/geogCoordSys/primeMeridian/@longitude
KUBI,03992-metadata.xml,/eml:eml/dataset/spatialRaster/spatialReference/horizCoordSysDef/geogCoordSys/primeMeridian/@name
KUBI,03992-metadata.xml,/eml:eml/dataset/spatialRaster/spatialReference/horizCoordSysDef/geogCoordSys/unit/@name
KUBI,03992-metadata.xml,/eml:eml/dataset/spatialRaster/horizontalAccuracy/accuracyReport
KUBI,03992-metadata.xml,/eml:eml/dataset/spatialRaster/verticalAccuracy/accuracyReport
KUBI,03992-metadata.xml,/eml:eml/dataset/spatialRaster/cellSizeXDirection
KUBI,03992-metadata.xml,/eml:eml/dataset/spatialRaster/cellSizeYDirection
KUBI,03992-metadata.xml,/eml:eml/dataset/spatialRaster/numberOfBands
KUBI,03992-metadata.xml,/eml:eml/dataset/spatialRaster/rasterOrigin
KUBI,03992-metadata.xml,/eml:eml/dataset/spatialRaster/rows
KUBI,03992-metadata.xml,/eml:eml/dataset/spatialRaster/columns
KUBI,03992-metadata.xml,/eml:eml/dataset/spatialRaster/verticals
KUBI,03992-metadata.xml,/eml:eml/dataset/spatialRaster/cellGeometry
KUBI,03993-metadata.xml,/eml:eml/@packageId
KUBI,03993-metadata.xml,/eml:eml/@system
KUBI,03993-metadata.xml,/eml:eml/@xsi:schemaLocation
KUBI,03993-metadata.xml,/eml:eml/dataset/title
KUBI,03993-metadata.xml,/eml:eml/dataset/creator/organizationName
KUBI,03993-metadata.xml,/eml:eml/dataset/keywordSet/keyword
KUBI,03993-metadata.xml,/eml:eml/dataset/keywordSet/keyword
KUBI,03993-metadata.xml,/eml:eml/dataset/keywordSet/keyword
KUBI,03993-metadata.xml,/eml:eml/dataset/coverage/geographicCoverage/geographicDescription
KUBI,03993-metadata.xml,/eml:eml/dataset/coverage/geographicCoverage/boundingCoordinates/westBoundingCoordinate
KUBI,03993-metadata.xml,/eml:eml/dataset/coverage/geographicCoverage/boundingCoordinates/eastBoundingCoordinate
KUBI,03993-metadata.xml,/eml:eml/dataset/coverage/geographicCoverage/boundingCoordinates/northBoundingCoordinate
KUBI,03993-metadata.xml,/eml:eml/dataset/coverage/geographicCoverage/boundingCoordinates/southBoundingCoordinate
KUBI,03993-metadata.xml,/eml:eml/dataset/coverage/temporalCoverage/rangeOfDates/beginDate/calendarDate
KUBI,03993-metadata.xml,/eml:eml/dataset/coverage/temporalCoverage/rangeOfDates/endDate/calendarDate
KUBI,03993-metadata.xml,/eml:eml/dataset/contact/organizationName
KUBI,03993-metadata.xml,/eml:eml/dataset/contact/address/deliveryPoint
KUBI,03993-metadata.xml,/eml:eml/dataset/contact/address/city
KUBI,03993-metadata.xml,/eml:eml/dataset/contact/address/administrativeArea
KUBI,03993-metadata.xml,/eml:eml/dataset/contact/address/postalCode
KUBI,03993-metadata.xml,/eml:eml/dataset/contact/address/country
KUBI,03993-metadata.xml,/eml:eml/dataset/contact/electronicMailAddress
KUBI,03993-metadata.xml,/eml:eml/dataset/contact/onlineUrl
KUBI,03993-metadata.xml,/eml:eml/dataset/spatialRaster/entityName
KUBI,03993-metadata.xml,/eml:eml/dataset/spatialRaster/physical/objectName
KUBI,03993-metadata.xml,/eml:eml/dataset/spatialRaster/physical/dataFormat/externallyDefinedFormat/formatName
KUBI,03993-metadata.xml,/eml:eml/dataset/spatialRaster/physical/distribution/online/url
KUBI,03993-metadata.xml,/eml:eml/dataset/spatialRaster/physical/distribution/online/url/@function
KUBI,03993-metadata.xml,/eml:eml/dataset/spatialRaster/attributeList/attribute/attributeName
KUBI,03993-metadata.xml,/eml:eml/dataset/spatialRaster/attributeList/attribute/attributeDefinition
KUBI,03993-metadata.xml,/eml:eml/dataset/spatialRaster/attributeList/attribute/storageType
KUBI,03993-metadata.xml,/eml:eml/dataset/spatialRaster/attributeList/attribute/measurementScale/interval/unit/standardUnit
KUBI,03993-metadata.xml,/eml:eml/dataset/spatialRaster/attributeList/attribute/measurementScale/interval/numericDomain/numberType
KUBI,03993-metadata.xml,/eml:eml/dataset/spatialRaster/attributeList/attribute/measurementScale/interval/numericDomain/bounds/minimum
KUBI,03993-metadata.xml,/eml:eml/dataset/spatialRaster/attributeList/attribute/measurementScale/interval/numericDomain/bounds/minimum/@exclusive
KUBI,03993-metadata.xml,/eml:eml/dataset/spatialRaster/attributeList/attribute/measurementScale/interval/numericDomain/bounds/maximum
KUBI,03993-metadata.xml,/eml:eml/dataset/spatialRaster/attributeList/attribute/measurementScale/interval/numericDomain/bounds/maximum/@exclusive
KUBI,03993-metadata.xml,/eml:eml/dataset/spatialRaster/spatialReference/horizCoordSysDef/@name
KUBI,03993-metadata.xml,/eml:eml/dataset/spatialRaster/spatialReference/horizCoordSysDef/geogCoordSys/datum/@name
KUBI,03993-metadata.xml,/eml:eml/dataset/spatialRaster/spatialReference/horizCoordSysDef/geogCoordSys/spheroid/@denomFlatRatio
KUBI,03993-metadata.xml,/eml:eml/dataset/spatialRaster/spatialReference/horizCoordSysDef/geogCoordSys/spheroid/@name
KUBI,03993-metadata.xml,/eml:eml/dataset/spatialRaster/spatialReference/horizCoordSysDef/geogCoordSys/spheroid/@semiAxisMajor
KUBI,03993-metadata.xml,/eml:eml/dataset/spatialRaster/spatialReference/horizCoordSysDef/geogCoordSys/primeMeridian/@longitude
KUBI,03993-metadata.xml,/eml:eml/dataset/spatialRaster/spatialReference/horizCoordSysDef/geogCoordSys/primeMeridian/@name
KUBI,03993-metadata.xml,/eml:eml/dataset/spatialRaster/spatialReference/horizCoordSysDef/geogCoordSys/unit/@name
KUBI,03993-metadata.xml,/eml:eml/dataset/spatialRaster/horizontalAccuracy/accuracyReport
KUBI,03993-metadata.xml,/eml:eml/dataset/spatialRaster/verticalAccuracy/accuracyReport
KUBI,03993-metadata.xml,/eml:eml/dataset/spatialRaster/cellSizeXDirection
KUBI,03993-metadata.xml,/eml:eml/dataset/spatialRaster/cellSizeYDirection
KUBI,03993-metadata.xml,/eml:eml/dataset/spatialRaster/numberOfBands
KUBI,03993-metadata.xml,/eml:eml/dataset/spatialRaster/rasterOrigin
KUBI,03993-metadata.xml,/eml:eml/dataset/spatialRaster/rows
KUBI,03993-metadata.xml,/eml:eml/dataset/spatialRaster/columns
KUBI,03993-metadata.xml,/eml:eml/dataset/spatialRaster/verticals
KUBI,03993-metadata.xml,/eml:eml/dataset/spatialRaster/cellGeometry
KUBI,03994-metadata.xml,/eml:eml/@packageId
KUBI,03994-metadata.xml,/eml:eml/@system
KUBI,03994-metadata.xml,/eml:eml/@xsi:schemaLocation
KUBI,03994-metadata.xml,/eml:eml/dataset/title
KUBI,03994-metadata.xml,/eml:eml/dataset/creator/organizationName
KUBI,03994-metadata.xml,/eml:eml/dataset/keywordSet/keyword
KUBI,03994-metadata.xml,/eml:eml/dataset/keywordSet/keyword
KUBI,03994-metadata.xml,/eml:eml/dataset/keywordSet/keyword
KUBI,03994-metadata.xml,/eml:eml/dataset/keywordSet/keyword
KUBI,03994-metadata.xml,/eml:eml/dataset/keywordSet/keyword
KUBI,03994-metadata.xml,/eml:eml/dataset/coverage/geographicCoverage/geographicDescription
KUBI,03994-metadata.xml,/eml:eml/dataset/coverage/geographicCoverage/boundingCoordinates/westBoundingCoordinate
KUBI,03994-metadata.xml,/eml:eml/dataset/coverage/geographicCoverage/boundingCoordinates/eastBoundingCoordinate
KUBI,03994-metadata.xml,/eml:eml/dataset/coverage/geographicCoverage/boundingCoordinates/northBoundingCoordinate
KUBI,03994-metadata.xml,/eml:eml/dataset/coverage/geographicCoverage/boundingCoordinates/southBoundingCoordinate
KUBI,03994-metadata.xml,/eml:eml/dataset/coverage/temporalCoverage/rangeOfDates/beginDate/calendarDate
KUBI,03994-metadata.xml,/eml:eml/dataset/coverage/temporalCoverage/rangeOfDates/endDate/calendarDate
KUBI,03994-metadata.xml,/eml:eml/dataset/contact/organizationName
KUBI,03994-metadata.xml,/eml:eml/dataset/contact/address/deliveryPoint
KUBI,03994-metadata.xml,/eml:eml/dataset/contact/address/city
KUBI,03994-metadata.xml,/eml:eml/dataset/contact/address/administrativeArea
KUBI,03994-metadata.xml,/eml:eml/dataset/contact/address/postalCode
KUBI,03994-metadata.xml,/eml:eml/dataset/contact/address/country
KUBI,03994-metadata.xml,/eml:eml/dataset/contact/electronicMailAddress
KUBI,03994-metadata.xml,/eml:eml/dataset/contact/onlineUrl
KUBI,03994-metadata.xml,/eml:eml/dataset/spatialRaster/entityName
KUBI,03994-metadata.xml,/eml:eml/dataset/spatialRaster/physical/objectName
KUBI,03994-metadata.xml,/eml:eml/dataset/spatialRaster/physical/dataFormat/externallyDefinedFormat/formatName
KUBI,03994-metadata.xml,/eml:eml/dataset/spatialRaster/physical/distribution/online/url
KUBI,03994-metadata.xml,/eml:eml/dataset/spatialRaster/physical/distribution/online/url/@function
KUBI,03994-metadata.xml,/eml:eml/dataset/spatialRaster/attributeList/attribute/attributeName
KUBI,03994-metadata.xml,/eml:eml/dataset/spatialRaster/attributeList/attribute/attributeDefinition
KUBI,03994-metadata.xml,/eml:eml/dataset/spatialRaster/attributeList/attribute/storageType
KUBI,03994-metadata.xml,/eml:eml/dataset/spatialRaster/attributeList/attribute/measurementScale/interval/unit/customUnit
KUBI,03994-metadata.xml,/eml:eml/dataset/spatialRaster/attributeList/attribute/measurementScale/interval/numericDomain/numberType
KUBI,03994-metadata.xml,/eml:eml/dataset/spatialRaster/attributeList/attribute/measurementScale/interval/numericDomain/bounds/minimum
KUBI,03994-metadata.xml,/eml:eml/dataset/spatialRaster/attributeList/attribute/measurementScale/interval/numericDomain/bounds/minimum/@exclusive
KUBI,03994-metadata.xml,/eml:eml/dataset/spatialRaster/attributeList/attribute/measurementScale/interval/numericDomain/bounds/maximum
KUBI,03994-metadata.xml,/eml:eml/dataset/spatialRaster/attributeList/attribute/measurementScale/interval/numericDomain/bounds/maximum/@exclusive
KUBI,03994-metadata.xml,/eml:eml/dataset/spatialRaster/spatialReference/horizCoordSysDef/@name
KUBI,03994-metadata.xml,/eml:eml/dataset/spatialRaster/spatialReference/horizCoordSysDef/geogCoordSys/datum/@name
KUBI,03994-metadata.xml,/eml:eml/dataset/spatialRaster/spatialReference/horizCoordSysDef/geogCoordSys/spheroid/@denomFlatRatio
KUBI,03994-metadata.xml,/eml:eml/dataset/spatialRaster/spatialReference/horizCoordSysDef/geogCoordSys/spheroid/@name
KUBI,03994-metadata.xml,/eml:eml/dataset/spatialRaster/spatialReference/horizCoordSysDef/geogCoordSys/spheroid/@semiAxisMajor
KUBI,03994-metadata.xml,/eml:eml/dataset/spatialRaster/spatialReference/horizCoordSysDef/geogCoordSys/primeMeridian/@longitude
KUBI,03994-metadata.xml,/eml:eml/dataset/spatialRaster/spatialReference/horizCoordSysDef/geogCoordSys/primeMeridian/@name
KUBI,03994-metadata.xml,/eml:eml/dataset/spatialRaster/spatialReference/horizCoordSysDef/geogCoordSys/unit/@name
KUBI,03994-metadata.xml,/eml:eml/dataset/spatialRaster/horizontalAccuracy/accuracyReport
KUBI,03994-metadata.xml,/eml:eml/dataset/spatialRaster/verticalAccuracy/accuracyReport
KUBI,03994-metadata.xml,/eml:eml/dataset/spatialRaster/cellSizeXDirection
KUBI,03994-metadata.xml,/eml:eml/dataset/spatialRaster/cellSizeYDirection
KUBI,03994-metadata.xml,/eml:eml/dataset/spatialRaster/numberOfBands
KUBI,03994-metadata.xml,/eml:eml/dataset/spatialRaster/rasterOrigin
KUBI,03994-metadata.xml,/eml:eml/dataset/spatialRaster/rows
KUBI,03994-metadata.xml,/eml:eml/dataset/spatialRaster/columns
KUBI,03994-metadata.xml,/eml:eml/dataset/spatialRaster/verticals
KUBI,03994-metadata.xml,/eml:eml/dataset/spatialRaster/cellGeometry
KUBI,03994-metadata.xml,/eml:eml/additionalMetadata/metadata/unitList/ns2:unit/@id
KUBI,03994-metadata.xml,/eml:eml/additionalMetadata/metadata/unitList/ns2:unit/@multiplierToSI
KUBI,03994-metadata.xml,/eml:eml/additionalMetadata/metadata/unitList/ns2:unit/@parentSI
KUBI,03994-metadata.xml,/eml:eml/additionalMetadata/metadata/unitList/ns2:unit/ns2:description
KUBI,03995-metadata.xml,/eml:eml/@packageId
KUBI,03995-metadata.xml,/eml:eml/@system
KUBI,03995-metadata.xml,/eml:eml/@xsi:schemaLocation
KUBI,03995-metadata.xml,/eml:eml/dataset/title
KUBI,03995-metadata.xml,/eml:eml/dataset/creator/organizationName
KUBI,03995-metadata.xml,/eml:eml/dataset/keywordSet/keyword
KUBI,03995-metadata.xml,/eml:eml/dataset/keywordSet/keyword
KUBI,03995-metadata.xml,/eml:eml/dataset/keywordSet/keyword
KUBI,03995-metadata.xml,/eml:eml/dataset/keywordSet/keyword
KUBI,03995-metadata.xml,/eml:eml/dataset/coverage/geographicCoverage/geographicDescription
KUBI,03995-metadata.xml,/eml:eml/dataset/coverage/geographicCoverage/boundingCoordinates/westBoundingCoordinate
KUBI,03995-metadata.xml,/eml:eml/dataset/coverage/geographicCoverage/boundingCoordinates/eastBoundingCoordinate
KUBI,03995-metadata.xml,/eml:eml/dataset/coverage/geographicCoverage/boundingCoordinates/northBoundingCoordinate
KUBI,03995-metadata.xml,/eml:eml/dataset/coverage/geographicCoverage/boundingCoordinates/southBoundingCoordinate
KUBI,03995-metadata.xml,/eml:eml/dataset/coverage/temporalCoverage/rangeOfDates/beginDate/calendarDate
KUBI,03995-metadata.xml,/eml:eml/dataset/coverage/temporalCoverage/rangeOfDates/endDate/calendarDate
KUBI,03995-metadata.xml,/eml:eml/dataset/contact/organizationName
KUBI,03995-metadata.xml,/eml:eml/dataset/contact/address/deliveryPoint
KUBI,03995-metadata.xml,/eml:eml/dataset/contact/address/city
KUBI,03995-metadata.xml,/eml:eml/dataset/contact/address/administrativeArea
KUBI,03995-metadata.xml,/eml:eml/dataset/contact/address/postalCode
KUBI,03995-metadata.xml,/eml:eml/dataset/contact/address/country
KUBI,03995-metadata.xml,/eml:eml/dataset/contact/electronicMailAddress
KUBI,03995-metadata.xml,/eml:eml/dataset/contact/onlineUrl
KUBI,03995-metadata.xml,/eml:eml/dataset/spatialRaster/entityName
KUBI,03995-metadata.xml,/eml:eml/dataset/spatialRaster/physical/objectName
KUBI,03995-metadata.xml,/eml:eml/dataset/spatialRaster/physical/dataFormat/externallyDefinedFormat/formatName
KUBI,03995-metadata.xml,/eml:eml/dataset/spatialRaster/physical/distribution/online/url
KUBI,03995-metadata.xml,/eml:eml/dataset/spatialRaster/physical/distribution/online/url/@function
KUBI,03995-metadata.xml,/eml:eml/dataset/spatialRaster/attributeList/attribute/attributeName
KUBI,03995-metadata.xml,/eml:eml/dataset/spatialRaster/attributeList/attribute/attributeDefinition
KUBI,03995-metadata.xml,/eml:eml/dataset/spatialRaster/attributeList/attribute/storageType
KUBI,03995-metadata.xml,/eml:eml/dataset/spatialRaster/attributeList/attribute/measurementScale/interval/unit/standardUnit
KUBI,03995-metadata.xml,/eml:eml/dataset/spatialRaster/attributeList/attribute/measurementScale/interval/numericDomain/numberType
KUBI,03995-metadata.xml,/eml:eml/dataset/spatialRaster/attributeList/attribute/measurementScale/interval/numericDomain/bounds/minimum
KUBI,03995-metadata.xml,/eml:eml/dataset/spatialRaster/attributeList/attribute/measurementScale/interval/numericDomain/bounds/minimum/@exclusive
KUBI,03995-metadata.xml,/eml:eml/dataset/spatialRaster/attributeList/attribute/measurementScale/interval/numericDomain/bounds/maximum
KUBI,03995-metadata.xml,/eml:eml/dataset/spatialRaster/attributeList/attribute/measurementScale/interval/numericDomain/bounds/maximum/@exclusive
KUBI,03995-metadata.xml,/eml:eml/dataset/spatialRaster/spatialReference/horizCoordSysDef/@name
KUBI,03995-metadata.xml,/eml:eml/dataset/spatialRaster/spatialReference/horizCoordSysDef/geogCoordSys/datum/@name
KUBI,03995-metadata.xml,/eml:eml/dataset/spatialRaster/spatialReference/horizCoordSysDef/geogCoordSys/spheroid/@denomFlatRatio
KUBI,03995-metadata.xml,/eml:eml/dataset/spatialRaster/spatialReference/horizCoordSysDef/geogCoordSys/spheroid/@name
KUBI,03995-metadata.xml,/eml:eml/dataset/spatialRaster/spatialReference/horizCoordSysDef/geogCoordSys/spheroid/@semiAxisMajor
KUBI,03995-metadata.xml,/eml:eml/dataset/spatialRaster/spatialReference/horizCoordSysDef/geogCoordSys/primeMeridian/@longitude
KUBI,03995-metadata.xml,/eml:eml/dataset/spatialRaster/spatialReference/horizCoordSysDef/geogCoordSys/primeMeridian/@name
KUBI,03995-metadata.xml,/eml:eml/dataset/spatialRaster/spatialReference/horizCoordSysDef/geogCoordSys/unit/@name
KUBI,03995-metadata.xml,/eml:eml/dataset/spatialRaster/horizontalAccuracy/accuracyReport
KUBI,03995-metadata.xml,/eml:eml/dataset/spatialRaster/verticalAccuracy/accuracyReport
KUBI,03995-metadata.xml,/eml:eml/dataset/spatialRaster/cellSizeXDirection
KUBI,03995-metadata.xml,/eml:eml/dataset/spatialRaster/cellSizeYDirection
KUBI,03995-metadata.xml,/eml:eml/dataset/spatialRaster/numberOfBands
KUBI,03995-metadata.xml,/eml:eml/dataset/spatialRaster/rasterOrigin
KUBI,03995-metadata.xml,/eml:eml/dataset/spatialRaster/rows
KUBI,03995-metadata.xml,/eml:eml/dataset/spatialRaster/columns
KUBI,03995-metadata.xml,/eml:eml/dataset/spatialRaster/verticals
KUBI,03995-metadata.xml,/eml:eml/dataset/spatialRaster/cellGeometry
KUBI,03996-metadata.xml,/eml:eml/@packageId
KUBI,03996-metadata.xml,/eml:eml/@system
KUBI,03996-metadata.xml,/eml:eml/@xsi:schemaLocation
KUBI,03996-metadata.xml,/eml:eml/dataset/title
KUBI,03996-metadata.xml,/eml:eml/dataset/creator/organizationName
KUBI,03996-metadata.xml,/eml:eml/dataset/keywordSet/keyword
KUBI,03996-metadata.xml,/eml:eml/dataset/keywordSet/keyword
KUBI,03996-metadata.xml,/eml:eml/dataset/keywordSet/keyword
KUBI,03996-metadata.xml,/eml:eml/dataset/keywordSet/keyword
KUBI,03996-metadata.xml,/eml:eml/dataset/keywordSet/keyword
KUBI,03996-metadata.xml,/eml:eml/dataset/coverage/geographicCoverage/geographicDescription
KUBI,03996-metadata.xml,/eml:eml/dataset/coverage/geographicCoverage/boundingCoordinates/westBoundingCoordinate
KUBI,03996-metadata.xml,/eml:eml/dataset/coverage/geographicCoverage/boundingCoordinates/eastBoundingCoordinate
KUBI,03996-metadata.xml,/eml:eml/dataset/coverage/geographicCoverage/boundingCoordinates/northBoundingCoordinate
KUBI,03996-metadata.xml,/eml:eml/dataset/coverage/geographicCoverage/boundingCoordinates/southBoundingCoordinate
KUBI,03996-metadata.xml,/eml:eml/dataset/coverage/temporalCoverage/rangeOfDates/beginDate/calendarDate
KUBI,03996-metadata.xml,/eml:eml/dataset/coverage/temporalCoverage/rangeOfDates/endDate/calendarDate
KUBI,03996-metadata.xml,/eml:eml/dataset/contact/organizationName
KUBI,03996-metadata.xml,/eml:eml/dataset/contact/address/deliveryPoint
KUBI,03996-metadata.xml,/eml:eml/dataset/contact/address/city
KUBI,03996-metadata.xml,/eml:eml/dataset/contact/address/administrativeArea
KUBI,03996-metadata.xml,/eml:eml/dataset/contact/address/postalCode
KUBI,03996-metadata.xml,/eml:eml/dataset/contact/address/country
KUBI,03996-metadata.xml,/eml:eml/dataset/contact/electronicMailAddress
KUBI,03996-metadata.xml,/eml:eml/dataset/contact/onlineUrl
KUBI,03996-metadata.xml,/eml:eml/dataset/spatialRaster/entityName
KUBI,03996-metadata.xml,/eml:eml/dataset/spatialRaster/physical/objectName
KUBI,03996-metadata.xml,/eml:eml/dataset/spatialRaster/physical/dataFormat/externallyDefinedFormat/formatName
KUBI,03996-metadata.xml,/eml:eml/dataset/spatialRaster/physical/distribution/online/url
KUBI,03996-metadata.xml,/eml:eml/dataset/spatialRaster/physical/distribution/online/url/@function
KUBI,03996-metadata.xml,/eml:eml/dataset/spatialRaster/attributeList/attribute/attributeName
KUBI,03996-metadata.xml,/eml:eml/dataset/spatialRaster/attributeList/attribute/attributeDefinition
KUBI,03996-metadata.xml,/eml:eml/dataset/spatialRaster/attributeList/attribute/storageType
KUBI,03996-metadata.xml,/eml:eml/dataset/spatialRaster/attributeList/attribute/measurementScale/interval/unit/customUnit
KUBI,03996-metadata.xml,/eml:eml/dataset/spatialRaster/attributeList/attribute/measurementScale/interval/numericDomain/numberType
KUBI,03996-metadata.xml,/eml:eml/dataset/spatialRaster/attributeList/attribute/measurementScale/interval/numericDomain/bounds/minimum
KUBI,03996-metadata.xml,/eml:eml/dataset/spatialRaster/attributeList/attribute/measurementScale/interval/numericDomain/bounds/minimum/@exclusive
KUBI,03996-metadata.xml,/eml:eml/dataset/spatialRaster/attributeList/attribute/measurementScale/interval/numericDomain/bounds/maximum
KUBI,03996-metadata.xml,/eml:eml/dataset/spatialRaster/attributeList/attribute/measurementScale/interval/numericDomain/bounds/maximum/@exclusive
KUBI,03996-metadata.xml,/eml:eml/dataset/spatialRaster/spatialReference/horizCoordSysDef/@name
KUBI,03996-metadata.xml,/eml:eml/dataset/spatialRaster/spatialReference/horizCoordSysDef/geogCoordSys/datum/@name
KUBI,03996-metadata.xml,/eml:eml/dataset/spatialRaster/spatialReference/horizCoordSysDef/geogCoordSys/spheroid/@denomFlatRatio
KUBI,03996-metadata.xml,/eml:eml/dataset/spatialRaster/spatialReference/horizCoordSysDef/geogCoordSys/spheroid/@name
KUBI,03996-metadata.xml,/eml:eml/dataset/spatialRaster/spatialReference/horizCoordSysDef/geogCoordSys/spheroid/@semiAxisMajor
KUBI,03996-metadata.xml,/eml:eml/dataset/spatialRaster/spatialReference/horizCoordSysDef/geogCoordSys/primeMeridian/@longitude
KUBI,03996-metadata.xml,/eml:eml/dataset/spatialRaster/spatialReference/horizCoordSysDef/geogCoordSys/primeMeridian/@name
KUBI,03996-metadata.xml,/eml:eml/dataset/spatialRaster/spatialReference/horizCoordSysDef/geogCoordSys/unit/@name
KUBI,03996-metadata.xml,/eml:eml/dataset/spatialRaster/horizontalAccuracy/accuracyReport
KUBI,03996-metadata.xml,/eml:eml/dataset/spatialRaster/verticalAccuracy/accuracyReport
KUBI,03996-metadata.xml,/eml:eml/dataset/spatialRaster/cellSizeXDirection
KUBI,03996-metadata.xml,/eml:eml/dataset/spatialRaster/cellSizeYDirection
KUBI,03996-metadata.xml,/eml:eml/dataset/spatialRaster/numberOfBands
KUBI,03996-metadata.xml,/eml:eml/dataset/spatialRaster/rasterOrigin
KUBI,03996-metadata.xml,/eml:eml/dataset/spatialRaster/rows
KUBI,03996-metadata.xml,/eml:eml/dataset/spatialRaster/columns
KUBI,03996-metadata.xml,/eml:eml/dataset/spatialRaster/verticals
KUBI,03996-metadata.xml,/eml:eml/dataset/spatialRaster/cellGeometry
KUBI,03996-metadata.xml,/eml:eml/additionalMetadata/metadata/unitList/ns2:unit/@id
KUBI,03996-metadata.xml,/eml:eml/additionalMetadata/metadata/unitList/ns2:unit/@multiplierToSI
KUBI,03996-metadata.xml,/eml:eml/additionalMetadata/metadata/unitList/ns2:unit/@parentSI
KUBI,03996-metadata.xml,/eml:eml/additionalMetadata/metadata/unitList/ns2:unit/ns2:description
KUBI,03997-metadata.xml,/eml:eml/@packageId
KUBI,03997-metadata.xml,/eml:eml/@system
KUBI,03997-metadata.xml,/eml:eml/@xsi:schemaLocation
KUBI,03997-metadata.xml,/eml:eml/dataset/title
KUBI,03997-metadata.xml,/eml:eml/dataset/creator/organizationName
KUBI,03997-metadata.xml,/eml:eml/dataset/keywordSet/keyword
KUBI,03997-metadata.xml,/eml:eml/dataset/keywordSet/keyword
KUBI,03997-metadata.xml,/eml:eml/dataset/keywordSet/keyword
KUBI,03997-metadata.xml,/eml:eml/dataset/keywordSet/keyword
KUBI,03997-metadata.xml,/eml:eml/dataset/coverage/geographicCoverage/geographicDescription
KUBI,03997-metadata.xml,/eml:eml/dataset/coverage/geographicCoverage/boundingCoordinates/westBoundingCoordinate
KUBI,03997-metadata.xml,/eml:eml/dataset/coverage/geographicCoverage/boundingCoordinates/eastBoundingCoordinate
KUBI,03997-metadata.xml,/eml:eml/dataset/coverage/geographicCoverage/boundingCoordinates/northBoundingCoordinate
KUBI,03997-metadata.xml,/eml:eml/dataset/coverage/geographicCoverage/boundingCoordinates/southBoundingCoordinate
KUBI,03997-metadata.xml,/eml:eml/dataset/coverage/temporalCoverage/rangeOfDates/beginDate/calendarDate
KUBI,03997-metadata.xml,/eml:eml/dataset/coverage/temporalCoverage/rangeOfDates/endDate/calendarDate
KUBI,03997-metadata.xml,/eml:eml/dataset/contact/organizationName
KUBI,03997-metadata.xml,/eml:eml/dataset/contact/address/deliveryPoint
KUBI,03997-metadata.xml,/eml:eml/dataset/contact/address/city
KUBI,03997-metadata.xml,/eml:eml/dataset/contact/address/administrativeArea
KUBI,03997-metadata.xml,/eml:eml/dataset/contact/address/postalCode
KUBI,03997-metadata.xml,/eml:eml/dataset/contact/address/country
KUBI,03997-metadata.xml,/eml:eml/dataset/contact/electronicMailAddress
KUBI,03997-metadata.xml,/eml:eml/dataset/contact/onlineUrl
KUBI,03997-metadata.xml,/eml:eml/dataset/spatialRaster/entityName
KUBI,03997-metadata.xml,/eml:eml/dataset/spatialRaster/physical/objectName
KUBI,03997-metadata.xml,/eml:eml/dataset/spatialRaster/physical/dataFormat/externallyDefinedFormat/formatName
KUBI,03997-metadata.xml,/eml:eml/dataset/spatialRaster/physical/distribution/online/url
KUBI,03997-metadata.xml,/eml:eml/dataset/spatialRaster/physical/distribution/online/url/@function
KUBI,03997-metadata.xml,/eml:eml/dataset/spatialRaster/attributeList/attribute/attributeName
KUBI,03997-metadata.xml,/eml:eml/dataset/spatialRaster/attributeList/attribute/attributeDefinition
KUBI,03997-metadata.xml,/eml:eml/dataset/spatialRaster/attributeList/attribute/storageType
KUBI,03997-metadata.xml,/eml:eml/dataset/spatialRaster/attributeList/attribute/measurementScale/interval/unit/customUnit
KUBI,03997-metadata.xml,/eml:eml/dataset/spatialRaster/attributeList/attribute/measurementScale/interval/numericDomain/numberType
KUBI,03997-metadata.xml,/eml:eml/dataset/spatialRaster/attributeList/attribute/measurementScale/interval/numericDomain/bounds/minimum
KUBI,03997-metadata.xml,/eml:eml/dataset/spatialRaster/attributeList/attribute/measurementScale/interval/numericDomain/bounds/minimum/@exclusive
KUBI,03997-metadata.xml,/eml:eml/dataset/spatialRaster/attributeList/attribute/measurementScale/interval/numericDomain/bounds/maximum
KUBI,03997-metadata.xml,/eml:eml/dataset/spatialRaster/attributeList/attribute/measurementScale/interval/numericDomain/bounds/maximum/@exclusive
KUBI,03997-metadata.xml,/eml:eml/dataset/spatialRaster/spatialReference/horizCoordSysDef/@name
KUBI,03997-metadata.xml,/eml:eml/dataset/spatialRaster/spatialReference/horizCoordSysDef/geogCoordSys/datum/@name
KUBI,03997-metadata.xml,/eml:eml/dataset/spatialRaster/spatialReference/horizCoordSysDef/geogCoordSys/spheroid/@denomFlatRatio
KUBI,03997-metadata.xml,/eml:eml/dataset/spatialRaster/spatialReference/horizCoordSysDef/geogCoordSys/spheroid/@name
KUBI,03997-metadata.xml,/eml:eml/dataset/spatialRaster/spatialReference/horizCoordSysDef/geogCoordSys/spheroid/@semiAxisMajor
KUBI,03997-metadata.xml,/eml:eml/dataset/spatialRaster/spatialReference/horizCoordSysDef/geogCoordSys/primeMeridian/@longitude
KUBI,03997-metadata.xml,/eml:eml/dataset/spatialRaster/spatialReference/horizCoordSysDef/geogCoordSys/primeMeridian/@name
KUBI,03997-metadata.xml,/eml:eml/dataset/spatialRaster/spatialReference/horizCoordSysDef/geogCoordSys/unit/@name
KUBI,03997-metadata.xml,/eml:eml/dataset/spatialRaster/horizontalAccuracy/accuracyReport
KUBI,03997-metadata.xml,/eml:eml/dataset/spatialRaster/verticalAccuracy/accuracyReport
KUBI,03997-metadata.xml,/eml:eml/dataset/spatialRaster/cellSizeXDirection
KUBI,03997-metadata.xml,/eml:eml/dataset/spatialRaster/cellSizeYDirection
KUBI,03997-metadata.xml,/eml:eml/dataset/spatialRaster/numberOfBands
KUBI,03997-metadata.xml,/eml:eml/dataset/spatialRaster/rasterOrigin
KUBI,03997-metadata.xml,/eml:eml/dataset/spatialRaster/rows
KUBI,03997-metadata.xml,/eml:eml/dataset/spatialRaster/columns
KUBI,03997-metadata.xml,/eml:eml/dataset/spatialRaster/verticals
KUBI,03997-metadata.xml,/eml:eml/dataset/spatialRaster/cellGeometry
KUBI,03997-metadata.xml,/eml:eml/additionalMetadata/metadata/unitList/ns2:unit/@id
KUBI,03997-metadata.xml,/eml:eml/additionalMetadata/metadata/unitList/ns2:unit/ns2:description
KUBI,03998-metadata.xml,/eml:eml/@packageId
KUBI,03998-metadata.xml,/eml:eml/@system
KUBI,03998-metadata.xml,/eml:eml/@xsi:schemaLocation
KUBI,03998-metadata.xml,/eml:eml/dataset/title
KUBI,03998-metadata.xml,/eml:eml/dataset/creator/organizationName
KUBI,03998-metadata.xml,/eml:eml/dataset/keywordSet/keyword
KUBI,03998-metadata.xml,/eml:eml/dataset/keywordSet/keyword
KUBI,03998-metadata.xml,/eml:eml/dataset/keywordSet/keyword
KUBI,03998-metadata.xml,/eml:eml/dataset/keywordSet/keyword
KUBI,03998-metadata.xml,/eml:eml/dataset/keywordSet/keyword
KUBI,03998-metadata.xml,/eml:eml/dataset/coverage/geographicCoverage/geographicDescription
KUBI,03998-metadata.xml,/eml:eml/dataset/coverage/geographicCoverage/boundingCoordinates/westBoundingCoordinate
KUBI,03998-metadata.xml,/eml:eml/dataset/coverage/geographicCoverage/boundingCoordinates/eastBoundingCoordinate
KUBI,03998-metadata.xml,/eml:eml/dataset/coverage/geographicCoverage/boundingCoordinates/northBoundingCoordinate
KUBI,03998-metadata.xml,/eml:eml/dataset/coverage/geographicCoverage/boundingCoordinates/southBoundingCoordinate
KUBI,03998-metadata.xml,/eml:eml/dataset/coverage/temporalCoverage/rangeOfDates/beginDate/calendarDate
KUBI,03998-metadata.xml,/eml:eml/dataset/coverage/temporalCoverage/rangeOfDates/endDate/calendarDate
KUBI,03998-metadata.xml,/eml:eml/dataset/contact/organizationName
KUBI,03998-metadata.xml,/eml:eml/dataset/contact/address/deliveryPoint
KUBI,03998-metadata.xml,/eml:eml/dataset/contact/address/city
KUBI,03998-metadata.xml,/eml:eml/dataset/contact/address/administrativeArea
KUBI,03998-metadata.xml,/eml:eml/dataset/contact/address/postalCode
KUBI,03998-metadata.xml,/eml:eml/dataset/contact/address/country
KUBI,03998-metadata.xml,/eml:eml/dataset/contact/electronicMailAddress
KUBI,03998-metadata.xml,/eml:eml/dataset/contact/onlineUrl
KUBI,03998-metadata.xml,/eml:eml/dataset/spatialRaster/entityName
KUBI,03998-metadata.xml,/eml:eml/dataset/spatialRaster/physical/objectName
KUBI,03998-metadata.xml,/eml:eml/dataset/spatialRaster/physical/dataFormat/externallyDefinedFormat/formatName
KUBI,03998-metadata.xml,/eml:eml/dataset/spatialRaster/physical/distribution/online/url
KUBI,03998-metadata.xml,/eml:eml/dataset/spatialRaster/physical/distribution/online/url/@function
KUBI,03998-metadata.xml,/eml:eml/dataset/spatialRaster/attributeList/attribute/attributeName
KUBI,03998-metadata.xml,/eml:eml/dataset/spatialRaster/attributeList/attribute/attributeDefinition
KUBI,03998-metadata.xml,/eml:eml/dataset/spatialRaster/attributeList/attribute/storageType
KUBI,03998-metadata.xml,/eml:eml/dataset/spatialRaster/attributeList/attribute/measurementScale/interval/unit/customUnit
KUBI,03998-metadata.xml,/eml:eml/dataset/spatialRaster/attributeList/attribute/measurementScale/interval/numericDomain/numberType
KUBI,03998-metadata.xml,/eml:eml/dataset/spatialRaster/attributeList/attribute/measurementScale/interval/numericDomain/bounds/minimum
KUBI,03998-metadata.xml,/eml:eml/dataset/spatialRaster/attributeList/attribute/measurementScale/interval/numericDomain/bounds/minimum/@exclusive
KUBI,03998-metadata.xml,/eml:eml/dataset/spatialRaster/attributeList/attribute/measurementScale/interval/numericDomain/bounds/maximum
KUBI,03998-metadata.xml,/eml:eml/dataset/spatialRaster/attributeList/attribute/measurementScale/interval/numericDomain/bounds/maximum/@exclusive
KUBI,03998-metadata.xml,/eml:eml/dataset/spatialRaster/spatialReference/horizCoordSysDef/@name
KUBI,03998-metadata.xml,/eml:eml/dataset/spatialRaster/spatialReference/horizCoordSysDef/geogCoordSys/datum/@name
KUBI,03998-metadata.xml,/eml:eml/dataset/spatialRaster/spatialReference/horizCoordSysDef/geogCoordSys/spheroid/@denomFlatRatio
KUBI,03998-metadata.xml,/eml:eml/dataset/spatialRaster/spatialReference/horizCoordSysDef/geogCoordSys/spheroid/@name
KUBI,03998-metadata.xml,/eml:eml/dataset/spatialRaster/spatialReference/horizCoordSysDef/geogCoordSys/spheroid/@semiAxisMajor
KUBI,03998-metadata.xml,/eml:eml/dataset/spatialRaster/spatialReference/horizCoordSysDef/geogCoordSys/primeMeridian/@longitude
KUBI,03998-metadata.xml,/eml:eml/dataset/spatialRaster/spatialReference/horizCoordSysDef/geogCoordSys/primeMeridian/@name
KUBI,03998-metadata.xml,/eml:eml/dataset/spatialRaster/spatialReference/horizCoordSysDef/geogCoordSys/unit/@name
KUBI,03998-metadata.xml,/eml:eml/dataset/spatialRaster/horizontalAccuracy/accuracyReport
KUBI,03998-metadata.xml,/eml:eml/dataset/spatialRaster/verticalAccuracy/accuracyReport
KUBI,03998-metadata.xml,/eml:eml/dataset/spatialRaster/cellSizeXDirection
KUBI,03998-metadata.xml,/eml:eml/dataset/spatialRaster/cellSizeYDirection
KUBI,03998-metadata.xml,/eml:eml/dataset/spatialRaster/numberOfBands
KUBI,03998-metadata.xml,/eml:eml/dataset/spatialRaster/rasterOrigin
KUBI,03998-metadata.xml,/eml:eml/dataset/spatialRaster/rows
KUBI,03998-metadata.xml,/eml:eml/dataset/spatialRaster/columns
KUBI,03998-metadata.xml,/eml:eml/dataset/spatialRaster/verticals
KUBI,03998-metadata.xml,/eml:eml/dataset/spatialRaster/cellGeometry
KUBI,03998-metadata.xml,/eml:eml/additionalMetadata/metadata/unitList/ns2:unit/@id
KUBI,03998-metadata.xml,/eml:eml/additionalMetadata/metadata/unitList/ns2:unit/@multiplierToSI
KUBI,03998-metadata.xml,/eml:eml/additionalMetadata/metadata/unitList/ns2:unit/@parentSI
KUBI,03998-metadata.xml,/eml:eml/additionalMetadata/metadata/unitList/ns2:unit/ns2:description
KUBI,03999-metadata.xml,/eml:eml/@packageId
KUBI,03999-metadata.xml,/eml:eml/@system
KUBI,03999-metadata.xml,/eml:eml/@xsi:schemaLocation
KUBI,03999-metadata.xml,/eml:eml/dataset/title
KUBI,03999-metadata.xml,/eml:eml/dataset/creator/organizationName
KUBI,03999-metadata.xml,/eml:eml/dataset/keywordSet/keyword
KUBI,03999-metadata.xml,/eml:eml/dataset/keywordSet/keyword
KUBI,03999-metadata.xml,/eml:eml/dataset/keywordSet/keyword
KUBI,03999-metadata.xml,/eml:eml/dataset/keywordSet/keyword
KUBI,03999-metadata.xml,/eml:eml/dataset/coverage/geographicCoverage/geographicDescription
KUBI,03999-metadata.xml,/eml:eml/dataset/coverage/geographicCoverage/boundingCoordinates/westBoundingCoordinate
KUBI,03999-metadata.xml,/eml:eml/dataset/coverage/geographicCoverage/boundingCoordinates/eastBoundingCoordinate
KUBI,03999-metadata.xml,/eml:eml/dataset/coverage/geographicCoverage/boundingCoordinates/northBoundingCoordinate
KUBI,03999-metadata.xml,/eml:eml/dataset/coverage/geographicCoverage/boundingCoordinates/southBoundingCoordinate
KUBI,03999-metadata.xml,/eml:eml/dataset/coverage/temporalCoverage/rangeOfDates/beginDate/calendarDate
KUBI,03999-metadata.xml,/eml:eml/dataset/coverage/temporalCoverage/rangeOfDates/endDate/calendarDate
KUBI,03999-metadata.xml,/eml:eml/dataset/contact/organizationName
KUBI,03999-metadata.xml,/eml:eml/dataset/contact/address/deliveryPoint
KUBI,03999-metadata.xml,/eml:eml/dataset/contact/address/city
KUBI,03999-metadata.xml,/eml:eml/dataset/contact/address/administrativeArea
KUBI,03999-metadata.xml,/eml:eml/dataset/contact/address/postalCode
KUBI,03999-metadata.xml,/eml:eml/dataset/contact/address/country
KUBI,03999-metadata.xml,/eml:eml/dataset/contact/electronicMailAddress
KUBI,03999-metadata.xml,/eml:eml/dataset/contact/onlineUrl
KUBI,03999-metadata.xml,/eml:eml/dataset/spatialRaster/entityName
KUBI,03999-metadata.xml,/eml:eml/dataset/spatialRaster/physical/objectName
KUBI,03999-metadata.xml,/eml:eml/dataset/spatialRaster/physical/dataFormat/externallyDefinedFormat/formatName
KUBI,03999-metadata.xml,/eml:eml/dataset/spatialRaster/physical/distribution/online/url
KUBI,03999-metadata.xml,/eml:eml/dataset/spatialRaster/physical/distribution/online/url/@function
KUBI,03999-metadata.xml,/eml:eml/dataset/spatialRaster/attributeList/attribute/attributeName
KUBI,03999-metadata.xml,/eml:eml/dataset/spatialRaster/attributeList/attribute/attributeDefinition
KUBI,03999-metadata.xml,/eml:eml/dataset/spatialRaster/attributeList/attribute/storageType
KUBI,03999-metadata.xml,/eml:eml/dataset/spatialRaster/attributeList/attribute/measurementScale/interval/unit/customUnit
KUBI,03999-metadata.xml,/eml:eml/dataset/spatialRaster/attributeList/attribute/measurementScale/interval/numericDomain/numberType
KUBI,03999-metadata.xml,/eml:eml/dataset/spatialRaster/attributeList/attribute/measurementScale/interval/numericDomain/bounds/minimum
KUBI,03999-metadata.xml,/eml:eml/dataset/spatialRaster/attributeList/attribute/measurementScale/interval/numericDomain/bounds/minimum/@exclusive
KUBI,03999-metadata.xml,/eml:eml/dataset/spatialRaster/attributeList/attribute/measurementScale/interval/numericDomain/bounds/maximum
KUBI,03999-metadata.xml,/eml:eml/dataset/spatialRaster/attributeList/attribute/measurementScale/interval/numericDomain/bounds/maximum/@exclusive
KUBI,03999-metadata.xml,/eml:eml/dataset/spatialRaster/spatialReference/horizCoordSysDef/@name
KUBI,03999-metadata.xml,/eml:eml/dataset/spatialRaster/spatialReference/horizCoordSysDef/geogCoordSys/datum/@name
KUBI,03999-metadata.xml,/eml:eml/dataset/spatialRaster/spatialReference/horizCoordSysDef/geogCoordSys/spheroid/@denomFlatRatio
KUBI,03999-metadata.xml,/eml:eml/dataset/spatialRaster/spatialReference/horizCoordSysDef/geogCoordSys/spheroid/@name
KUBI,03999-metadata.xml,/eml:eml/dataset/spatialRaster/spatialReference/horizCoordSysDef/geogCoordSys/spheroid/@semiAxisMajor
KUBI,03999-metadata.xml,/eml:eml/dataset/spatialRaster/spatialReference/horizCoordSysDef/geogCoordSys/primeMeridian/@longitude
KUBI,03999-metadata.xml,/eml:eml/dataset/spatialRaster/spatialReference/horizCoordSysDef/geogCoordSys/primeMeridian/@name
KUBI,03999-metadata.xml,/eml:eml/dataset/spatialRaster/spatialReference/horizCoordSysDef/geogCoordSys/unit/@name
KUBI,03999-metadata.xml,/eml:eml/dataset/spatialRaster/horizontalAccuracy/accuracyReport
KUBI,03999-metadata.xml,/eml:eml/dataset/spatialRaster/verticalAccuracy/accuracyReport
KUBI,03999-metadata.xml,/eml:eml/dataset/spatialRaster/cellSizeXDirection
KUBI,03999-metadata.xml,/eml:eml/dataset/spatialRaster/cellSizeYDirection
KUBI,03999-metadata.xml,/eml:eml/dataset/spatialRaster/numberOfBands
KUBI,03999-metadata.xml,/eml:eml/dataset/spatialRaster/rasterOrigin
KUBI,03999-metadata.xml,/eml:eml/dataset/spatialRaster/rows
KUBI,03999-metadata.xml,/eml:eml/dataset/spatialRaster/columns
KUBI,03999-metadata.xml,/eml:eml/dataset/spatialRaster/verticals
KUBI,03999-metadata.xml,/eml:eml/dataset/spatialRaster/cellGeometry
KUBI,03999-metadata.xml,/eml:eml/additionalMetadata/metadata/unitList/ns2:unit/@id
KUBI,03999-metadata.xml,/eml:eml/additionalMetadata/metadata/unitList/ns2:unit/@multiplierToSI
KUBI,03999-metadata.xml,/eml:eml/additionalMetadata/metadata/unitList/ns2:unit/@parentSI
KUBI,03999-metadata.xml,/eml:eml/additionalMetadata/metadata/unitList/ns2:unit/ns2:description
KUBI,04000-metadata.xml,/eml:eml/@packageId
KUBI,04000-metadata.xml,/eml:eml/@system
KUBI,04000-metadata.xml,/eml:eml/@xsi:schemaLocation
KUBI,04000-metadata.xml,/eml:eml/dataset/title
KUBI,04000-metadata.xml,/eml:eml/dataset/creator/organizationName
KUBI,04000-metadata.xml,/eml:eml/dataset/keywordSet/keyword
KUBI,04000-metadata.xml,/eml:eml/dataset/keywordSet/keyword
KUBI,04000-metadata.xml,/eml:eml/dataset/keywordSet/keyword
KUBI,04000-metadata.xml,/eml:eml/dataset/coverage/geographicCoverage/geographicDescription
KUBI,04000-metadata.xml,/eml:eml/dataset/coverage/geographicCoverage/boundingCoordinates/westBoundingCoordinate
KUBI,04000-metadata.xml,/eml:eml/dataset/coverage/geographicCoverage/boundingCoordinates/eastBoundingCoordinate
KUBI,04000-metadata.xml,/eml:eml/dataset/coverage/geographicCoverage/boundingCoordinates/northBoundingCoordinate
KUBI,04000-metadata.xml,/eml:eml/dataset/coverage/geographicCoverage/boundingCoordinates/southBoundingCoordinate
KUBI,04000-metadata.xml,/eml:eml/dataset/coverage/temporalCoverage/rangeOfDates/beginDate/calendarDate
KUBI,04000-metadata.xml,/eml:eml/dataset/coverage/temporalCoverage/rangeOfDates/endDate/calendarDate
KUBI,04000-metadata.xml,/eml:eml/dataset/contact/organizationName
KUBI,04000-metadata.xml,/eml:eml/dataset/contact/address/deliveryPoint
KUBI,04000-metadata.xml,/eml:eml/dataset/contact/address/city
KUBI,04000-metadata.xml,/eml:eml/dataset/contact/address/administrativeArea
KUBI,04000-metadata.xml,/eml:eml/dataset/contact/address/postalCode
KUBI,04000-metadata.xml,/eml:eml/dataset/contact/address/country
KUBI,04000-metadata.xml,/eml:eml/dataset/contact/electronicMailAddress
KUBI,04000-metadata.xml,/eml:eml/dataset/contact/onlineUrl
KUBI,04000-metadata.xml,/eml:eml/dataset/spatialRaster/entityName
KUBI,04000-metadata.xml,/eml:eml/dataset/spatialRaster/physical/objectName
KUBI,04000-metadata.xml,/eml:eml/dataset/spatialRaster/physical/dataFormat/externallyDefinedFormat/formatName
KUBI,04000-metadata.xml,/eml:eml/dataset/spatialRaster/physical/distribution/online/url
KUBI,04000-metadata.xml,/eml:eml/dataset/spatialRaster/physical/distribution/online/url/@function
KUBI,04000-metadata.xml,/eml:eml/dataset/spatialRaster/attributeList/attribute/attributeName
KUBI,04000-metadata.xml,/eml:eml/dataset/spatialRaster/attributeList/attribute/attributeDefinition
KUBI,04000-metadata.xml,/eml:eml/dataset/spatialRaster/attributeList/attribute/storageType
KUBI,04000-metadata.xml,/eml:eml/dataset/spatialRaster/attributeList/attribute/measurementScale/interval/unit/standardUnit
KUBI,04000-metadata.xml,/eml:eml/dataset/spatialRaster/attributeList/attribute/measurementScale/interval/numericDomain/numberType
KUBI,04000-metadata.xml,/eml:eml/dataset/spatialRaster/attributeList/attribute/measurementScale/interval/numericDomain/bounds/minimum
KUBI,04000-metadata.xml,/eml:eml/dataset/spatialRaster/attributeList/attribute/measurementScale/interval/numericDomain/bounds/minimum/@exclusive
KUBI,04000-metadata.xml,/eml:eml/dataset/spatialRaster/attributeList/attribute/measurementScale/interval/numericDomain/bounds/maximum
KUBI,04000-metadata.xml,/eml:eml/dataset/spatialRaster/attributeList/attribute/measurementScale/interval/numericDomain/bounds/maximum/@exclusive
KUBI,04000-metadata.xml,/eml:eml/dataset/spatialRaster/spatialReference/horizCoordSysDef/@name
KUBI,04000-metadata.xml,/eml:eml/dataset/spatialRaster/spatialReference/horizCoordSysDef/geogCoordSys/datum/@name
KUBI,04000-metadata.xml,/eml:eml/dataset/spatialRaster/spatialReference/horizCoordSysDef/geogCoordSys/spheroid/@denomFlatRatio
KUBI,04000-metadata.xml,/eml:eml/dataset/spatialRaster/spatialReference/horizCoordSysDef/geogCoordSys/spheroid/@name
KUBI,04000-metadata.xml,/eml:eml/dataset/spatialRaster/spatialReference/horizCoordSysDef/geogCoordSys/spheroid/@semiAxisMajor
KUBI,04000-metadata.xml,/eml:eml/dataset/spatialRaster/spatialReference/horizCoordSysDef/geogCoordSys/primeMeridian/@longitude
KUBI,04000-metadata.xml,/eml:eml/dataset/spatialRaster/spatialReference/horizCoordSysDef/geogCoordSys/primeMeridian/@name
KUBI,04000-metadata.xml,/eml:eml/dataset/spatialRaster/spatialReference/horizCoordSysDef/geogCoordSys/unit/@name
KUBI,04000-metadata.xml,/eml:eml/dataset/spatialRaster/horizontalAccuracy/accuracyReport
KUBI,04000-metadata.xml,/eml:eml/dataset/spatialRaster/verticalAccuracy/accuracyReport
KUBI,04000-metadata.xml,/eml:eml/dataset/spatialRaster/cellSizeXDirection
KUBI,04000-metadata.xml,/eml:eml/dataset/spatialRaster/cellSizeYDirection
KUBI,04000-metadata.xml,/eml:eml/dataset/spatialRaster/numberOfBands
KUBI,04000-metadata.xml,/eml:eml/dataset/spatialRaster/rasterOrigin
KUBI,04000-metadata.xml,/eml:eml/dataset/spatialRaster/rows
KUBI,04000-metadata.xml,/eml:eml/dataset/spatialRaster/columns
KUBI,04000-metadata.xml,/eml:eml/dataset/spatialRaster/verticals
KUBI,04000-metadata.xml,/eml:eml/dataset/spatialRaster/cellGeometry
KUBI,04001-metadata.xml,/eml:eml/@packageId
KUBI,04001-metadata.xml,/eml:eml/@system
KUBI,04001-metadata.xml,/eml:eml/@xsi:schemaLocation
KUBI,04001-metadata.xml,/eml:eml/dataset/title
KUBI,04001-metadata.xml,/eml:eml/dataset/creator/organizationName
KUBI,04001-metadata.xml,/eml:eml/dataset/keywordSet/keyword
KUBI,04001-metadata.xml,/eml:eml/dataset/keywordSet/keyword
KUBI,04001-metadata.xml,/eml:eml/dataset/keywordSet/keyword
KUBI,04001-metadata.xml,/eml:eml/dataset/keywordSet/keyword
KUBI,04001-metadata.xml,/eml:eml/dataset/coverage/geographicCoverage/geographicDescription
KUBI,04001-metadata.xml,/eml:eml/dataset/coverage/geographicCoverage/boundingCoordinates/westBoundingCoordinate
KUBI,04001-metadata.xml,/eml:eml/dataset/coverage/geographicCoverage/boundingCoordinates/eastBoundingCoordinate
KUBI,04001-metadata.xml,/eml:eml/dataset/coverage/geographicCoverage/boundingCoordinates/northBoundingCoordinate
KUBI,04001-metadata.xml,/eml:eml/dataset/coverage/geographicCoverage/boundingCoordinates/southBoundingCoordinate
KUBI,04001-metadata.xml,/eml:eml/dataset/coverage/temporalCoverage/rangeOfDates/beginDate/calendarDate
KUBI,04001-metadata.xml,/eml:eml/dataset/coverage/temporalCoverage/rangeOfDates/endDate/calendarDate
KUBI,04001-metadata.xml,/eml:eml/dataset/contact/organizationName
KUBI,04001-metadata.xml,/eml:eml/dataset/contact/address/deliveryPoint
KUBI,04001-metadata.xml,/eml:eml/dataset/contact/address/city
KUBI,04001-metadata.xml,/eml:eml/dataset/contact/address/administrativeArea
KUBI,04001-metadata.xml,/eml:eml/dataset/contact/address/postalCode
KUBI,04001-metadata.xml,/eml:eml/dataset/contact/address/country
KUBI,04001-metadata.xml,/eml:eml/dataset/contact/electronicMailAddress
KUBI,04001-metadata.xml,/eml:eml/dataset/contact/onlineUrl
KUBI,04001-metadata.xml,/eml:eml/dataset/spatialRaster/entityName
KUBI,04001-metadata.xml,/eml:eml/dataset/spatialRaster/physical/objectName
KUBI,04001-metadata.xml,/eml:eml/dataset/spatialRaster/physical/dataFormat/externallyDefinedFormat/formatName
KUBI,04001-metadata.xml,/eml:eml/dataset/spatialRaster/physical/distribution/online/url
KUBI,04001-metadata.xml,/eml:eml/dataset/spatialRaster/physical/distribution/online/url/@function
KUBI,04001-metadata.xml,/eml:eml/dataset/spatialRaster/attributeList/attribute/attributeName
KUBI,04001-metadata.xml,/eml:eml/dataset/spatialRaster/attributeList/attribute/attributeDefinition
KUBI,04001-metadata.xml,/eml:eml/dataset/spatialRaster/attributeList/attribute/storageType
KUBI,04001-metadata.xml,/eml:eml/dataset/spatialRaster/attributeList/attribute/measurementScale/interval/unit/standardUnit
KUBI,04001-metadata.xml,/eml:eml/dataset/spatialRaster/attributeList/attribute/measurementScale/interval/numericDomain/numberType
KUBI,04001-metadata.xml,/eml:eml/dataset/spatialRaster/attributeList/attribute/measurementScale/interval/numericDomain/bounds/minimum
KUBI,04001-metadata.xml,/eml:eml/dataset/spatialRaster/attributeList/attribute/measurementScale/interval/numericDomain/bounds/minimum/@exclusive
KUBI,04001-metadata.xml,/eml:eml/dataset/spatialRaster/attributeList/attribute/measurementScale/interval/numericDomain/bounds/maximum
KUBI,04001-metadata.xml,/eml:eml/dataset/spatialRaster/attributeList/attribute/measurementScale/interval/numericDomain/bounds/maximum/@exclusive
KUBI,04001-metadata.xml,/eml:eml/dataset/spatialRaster/spatialReference/horizCoordSysDef/@name
KUBI,04001-metadata.xml,/eml:eml/dataset/spatialRaster/spatialReference/horizCoordSysDef/geogCoordSys/datum/@name
KUBI,04001-metadata.xml,/eml:eml/dataset/spatialRaster/spatialReference/horizCoordSysDef/geogCoordSys/spheroid/@denomFlatRatio
KUBI,04001-metadata.xml,/eml:eml/dataset/spatialRaster/spatialReference/horizCoordSysDef/geogCoordSys/spheroid/@name
KUBI,04001-metadata.xml,/eml:eml/dataset/spatialRaster/spatialReference/horizCoordSysDef/geogCoordSys/spheroid/@semiAxisMajor
KUBI,04001-metadata.xml,/eml:eml/dataset/spatialRaster/spatialReference/horizCoordSysDef/geogCoordSys/primeMeridian/@longitude
KUBI,04001-metadata.xml,/eml:eml/dataset/spatialRaster/spatialReference/horizCoordSysDef/geogCoordSys/primeMeridian/@name
KUBI,04001-metadata.xml,/eml:eml/dataset/spatialRaster/spatialReference/horizCoordSysDef/geogCoordSys/unit/@name
KUBI,04001-metadata.xml,/eml:eml/dataset/spatialRaster/horizontalAccuracy/accuracyReport
KUBI,04001-metadata.xml,/eml:eml/dataset/spatialRaster/verticalAccuracy/accuracyReport
KUBI,04001-metadata.xml,/eml:eml/dataset/spatialRaster/cellSizeXDirection
KUBI,04001-metadata.xml,/eml:eml/dataset/spatialRaster/cellSizeYDirection
KUBI,04001-metadata.xml,/eml:eml/dataset/spatialRaster/numberOfBands
KUBI,04001-metadata.xml,/eml:eml/dataset/spatialRaster/rasterOrigin
KUBI,04001-metadata.xml,/eml:eml/dataset/spatialRaster/rows
KUBI,04001-metadata.xml,/eml:eml/dataset/spatialRaster/columns
KUBI,04001-metadata.xml,/eml:eml/dataset/spatialRaster/verticals
KUBI,04001-metadata.xml,/eml:eml/dataset/spatialRaster/cellGeometry
KUBI,04002-metadata.xml,/eml:eml/@packageId
KUBI,04002-metadata.xml,/eml:eml/@system
KUBI,04002-metadata.xml,/eml:eml/@xsi:schemaLocation
KUBI,04002-metadata.xml,/eml:eml/dataset/title
KUBI,04002-metadata.xml,/eml:eml/dataset/creator/organizationName
KUBI,04002-metadata.xml,/eml:eml/dataset/keywordSet/keyword
KUBI,04002-metadata.xml,/eml:eml/dataset/keywordSet/keyword
KUBI,04002-metadata.xml,/eml:eml/dataset/keywordSet/keyword
KUBI,04002-metadata.xml,/eml:eml/dataset/coverage/geographicCoverage/geographicDescription
KUBI,04002-metadata.xml,/eml:eml/dataset/coverage/geographicCoverage/boundingCoordinates/westBoundingCoordinate
KUBI,04002-metadata.xml,/eml:eml/dataset/coverage/geographicCoverage/boundingCoordinates/eastBoundingCoordinate
KUBI,04002-metadata.xml,/eml:eml/dataset/coverage/geographicCoverage/boundingCoordinates/northBoundingCoordinate
KUBI,04002-metadata.xml,/eml:eml/dataset/coverage/geographicCoverage/boundingCoordinates/southBoundingCoordinate
KUBI,04002-metadata.xml,/eml:eml/dataset/coverage/temporalCoverage/rangeOfDates/beginDate/calendarDate
KUBI,04002-metadata.xml,/eml:eml/dataset/coverage/temporalCoverage/rangeOfDates/endDate/calendarDate
KUBI,04002-metadata.xml,/eml:eml/dataset/contact/organizationName
KUBI,04002-metadata.xml,/eml:eml/dataset/contact/address/deliveryPoint
KUBI,04002-metadata.xml,/eml:eml/dataset/contact/address/city
KUBI,04002-metadata.xml,/eml:eml/dataset/contact/address/administrativeArea
KUBI,04002-metadata.xml,/eml:eml/dataset/contact/address/postalCode
KUBI,04002-metadata.xml,/eml:eml/dataset/contact/address/country
KUBI,04002-metadata.xml,/eml:eml/dataset/contact/electronicMailAddress
KUBI,04002-metadata.xml,/eml:eml/dataset/contact/onlineUrl
KUBI,04002-metadata.xml,/eml:eml/dataset/spatialRaster/entityName
KUBI,04002-metadata.xml,/eml:eml/dataset/spatialRaster/physical/objectName
KUBI,04002-metadata.xml,/eml:eml/dataset/spatialRaster/physical/dataFormat/externallyDefinedFormat/formatName
KUBI,04002-metadata.xml,/eml:eml/dataset/spatialRaster/physical/distribution/online/url
KUBI,04002-metadata.xml,/eml:eml/dataset/spatialRaster/physical/distribution/online/url/@function
KUBI,04002-metadata.xml,/eml:eml/dataset/spatialRaster/attributeList/attribute/attributeName
KUBI,04002-metadata.xml,/eml:eml/dataset/spatialRaster/attributeList/attribute/attributeDefinition
KUBI,04002-metadata.xml,/eml:eml/dataset/spatialRaster/attributeList/attribute/storageType
KUBI,04002-metadata.xml,/eml:eml/dataset/spatialRaster/attributeList/attribute/measurementScale/interval/unit/standardUnit
KUBI,04002-metadata.xml,/eml:eml/dataset/spatialRaster/attributeList/attribute/measurementScale/interval/numericDomain/numberType
KUBI,04002-metadata.xml,/eml:eml/dataset/spatialRaster/attributeList/attribute/measurementScale/interval/numericDomain/bounds/minimum
KUBI,04002-metadata.xml,/eml:eml/dataset/spatialRaster/attributeList/attribute/measurementScale/interval/numericDomain/bounds/minimum/@exclusive
KUBI,04002-metadata.xml,/eml:eml/dataset/spatialRaster/attributeList/attribute/measurementScale/interval/numericDomain/bounds/maximum
KUBI,04002-metadata.xml,/eml:eml/dataset/spatialRaster/attributeList/attribute/measurementScale/interval/numericDomain/bounds/maximum/@exclusive
KUBI,04002-metadata.xml,/eml:eml/dataset/spatialRaster/spatialReference/horizCoordSysDef/@name
KUBI,04002-metadata.xml,/eml:eml/dataset/spatialRaster/spatialReference/horizCoordSysDef/geogCoordSys/datum/@name
KUBI,04002-metadata.xml,/eml:eml/dataset/spatialRaster/spatialReference/horizCoordSysDef/geogCoordSys/spheroid/@denomFlatRatio
KUBI,04002-metadata.xml,/eml:eml/dataset/spatialRaster/spatialReference/horizCoordSysDef/geogCoordSys/spheroid/@name
KUBI,04002-metadata.xml,/eml:eml/dataset/spatialRaster/spatialReference/horizCoordSysDef/geogCoordSys/spheroid/@semiAxisMajor
KUBI,04002-metadata.xml,/eml:eml/dataset/spatialRaster/spatialReference/horizCoordSysDef/geogCoordSys/primeMeridian/@longitude
KUBI,04002-metadata.xml,/eml:eml/dataset/spatialRaster/spatialReference/horizCoordSysDef/geogCoordSys/primeMeridian/@name
KUBI,04002-metadata.xml,/eml:eml/dataset/spatialRaster/spatialReference/horizCoordSysDef/geogCoordSys/unit/@name
KUBI,04002-metadata.xml,/eml:eml/dataset/spatialRaster/horizontalAccuracy/accuracyReport
KUBI,04002-metadata.xml,/eml:eml/dataset/spatialRaster/verticalAccuracy/accuracyReport
KUBI,04002-metadata.xml,/eml:eml/dataset/spatialRaster/cellSizeXDirection
KUBI,04002-metadata.xml,/eml:eml/dataset/spatialRaster/cellSizeYDirection
KUBI,04002-metadata.xml,/eml:eml/dataset/spatialRaster/numberOfBands
KUBI,04002-metadata.xml,/eml:eml/dataset/spatialRaster/rasterOrigin
KUBI,04002-metadata.xml,/eml:eml/dataset/spatialRaster/rows
KUBI,04002-metadata.xml,/eml:eml/dataset/spatialRaster/columns
KUBI,04002-metadata.xml,/eml:eml/dataset/spatialRaster/verticals
KUBI,04002-metadata.xml,/eml:eml/dataset/spatialRaster/cellGeometry
KUBI,04003-metadata.xml,/eml:eml/@packageId
KUBI,04003-metadata.xml,/eml:eml/@system
KUBI,04003-metadata.xml,/eml:eml/@xsi:schemaLocation
KUBI,04003-metadata.xml,/eml:eml/dataset/title
KUBI,04003-metadata.xml,/eml:eml/dataset/creator/organizationName
KUBI,04003-metadata.xml,/eml:eml/dataset/keywordSet/keyword
KUBI,04003-metadata.xml,/eml:eml/dataset/keywordSet/keyword
KUBI,04003-metadata.xml,/eml:eml/dataset/keywordSet/keyword
KUBI,04003-metadata.xml,/eml:eml/dataset/keywordSet/keyword
KUBI,04003-metadata.xml,/eml:eml/dataset/keywordSet/keyword
KUBI,04003-metadata.xml,/eml:eml/dataset/coverage/geographicCoverage/geographicDescription
KUBI,04003-metadata.xml,/eml:eml/dataset/coverage/geographicCoverage/boundingCoordinates/westBoundingCoordinate
KUBI,04003-metadata.xml,/eml:eml/dataset/coverage/geographicCoverage/boundingCoordinates/eastBoundingCoordinate
KUBI,04003-metadata.xml,/eml:eml/dataset/coverage/geographicCoverage/boundingCoordinates/northBoundingCoordinate
KUBI,04003-metadata.xml,/eml:eml/dataset/coverage/geographicCoverage/boundingCoordinates/southBoundingCoordinate
KUBI,04003-metadata.xml,/eml:eml/dataset/coverage/temporalCoverage/rangeOfDates/beginDate/calendarDate
KUBI,04003-metadata.xml,/eml:eml/dataset/coverage/temporalCoverage/rangeOfDates/endDate/calendarDate
KUBI,04003-metadata.xml,/eml:eml/dataset/contact/organizationName
KUBI,04003-metadata.xml,/eml:eml/dataset/contact/address/deliveryPoint
KUBI,04003-metadata.xml,/eml:eml/dataset/contact/address/city
KUBI,04003-metadata.xml,/eml:eml/dataset/contact/address/administrativeArea
KUBI,04003-metadata.xml,/eml:eml/dataset/contact/address/postalCode
KUBI,04003-metadata.xml,/eml:eml/dataset/contact/address/country
KUBI,04003-metadata.xml,/eml:eml/dataset/contact/electronicMailAddress
KUBI,04003-metadata.xml,/eml:eml/dataset/contact/onlineUrl
KUBI,04003-metadata.xml,/eml:eml/dataset/spatialRaster/entityName
KUBI,04003-metadata.xml,/eml:eml/dataset/spatialRaster/physical/objectName
KUBI,04003-metadata.xml,/eml:eml/dataset/spatialRaster/physical/dataFormat/externallyDefinedFormat/formatName
KUBI,04003-metadata.xml,/eml:eml/dataset/spatialRaster/physical/distribution/online/url
KUBI,04003-metadata.xml,/eml:eml/dataset/spatialRaster/physical/distribution/online/url/@function
KUBI,04003-metadata.xml,/eml:eml/dataset/spatialRaster/attributeList/attribute/attributeName
KUBI,04003-metadata.xml,/eml:eml/dataset/spatialRaster/attributeList/attribute/attributeDefinition
KUBI,04003-metadata.xml,/eml:eml/dataset/spatialRaster/attributeList/attribute/storageType
KUBI,04003-metadata.xml,/eml:eml/dataset/spatialRaster/attributeList/attribute/measurementScale/interval/unit/customUnit
KUBI,04003-metadata.xml,/eml:eml/dataset/spatialRaster/attributeList/attribute/measurementScale/interval/numericDomain/numberType
KUBI,04003-metadata.xml,/eml:eml/dataset/spatialRaster/attributeList/attribute/measurementScale/interval/numericDomain/bounds/minimum
KUBI,04003-metadata.xml,/eml:eml/dataset/spatialRaster/attributeList/attribute/measurementScale/interval/numericDomain/bounds/minimum/@exclusive
KUBI,04003-metadata.xml,/eml:eml/dataset/spatialRaster/attributeList/attribute/measurementScale/interval/numericDomain/bounds/maximum
KUBI,04003-metadata.xml,/eml:eml/dataset/spatialRaster/attributeList/attribute/measurementScale/interval/numericDomain/bounds/maximum/@exclusive
KUBI,04003-metadata.xml,/eml:eml/dataset/spatialRaster/spatialReference/horizCoordSysDef/@name
KUBI,04003-metadata.xml,/eml:eml/dataset/spatialRaster/spatialReference/horizCoordSysDef/geogCoordSys/datum/@name
KUBI,04003-metadata.xml,/eml:eml/dataset/spatialRaster/spatialReference/horizCoordSysDef/geogCoordSys/spheroid/@denomFlatRatio
KUBI,04003-metadata.xml,/eml:eml/dataset/spatialRaster/spatialReference/horizCoordSysDef/geogCoordSys/spheroid/@name
KUBI,04003-metadata.xml,/eml:eml/dataset/spatialRaster/spatialReference/horizCoordSysDef/geogCoordSys/spheroid/@semiAxisMajor
KUBI,04003-metadata.xml,/eml:eml/dataset/spatialRaster/spatialReference/horizCoordSysDef/geogCoordSys/primeMeridian/@longitude
KUBI,04003-metadata.xml,/eml:eml/dataset/spatialRaster/spatialReference/horizCoordSysDef/geogCoordSys/primeMeridian/@name
KUBI,04003-metadata.xml,/eml:eml/dataset/spatialRaster/spatialReference/horizCoordSysDef/geogCoordSys/unit/@name
KUBI,04003-metadata.xml,/eml:eml/dataset/spatialRaster/horizontalAccuracy/accuracyReport
KUBI,04003-metadata.xml,/eml:eml/dataset/spatialRaster/verticalAccuracy/accuracyReport
KUBI,04003-metadata.xml,/eml:eml/dataset/spatialRaster/cellSizeXDirection
KUBI,04003-metadata.xml,/eml:eml/dataset/spatialRaster/cellSizeYDirection
KUBI,04003-metadata.xml,/eml:eml/dataset/spatialRaster/numberOfBands
KUBI,04003-metadata.xml,/eml:eml/dataset/spatialRaster/rasterOrigin
KUBI,04003-metadata.xml,/eml:eml/dataset/spatialRaster/rows
KUBI,04003-metadata.xml,/eml:eml/dataset/spatialRaster/columns
KUBI,04003-metadata.xml,/eml:eml/dataset/spatialRaster/verticals
KUBI,04003-metadata.xml,/eml:eml/dataset/spatialRaster/cellGeometry
KUBI,04003-metadata.xml,/eml:eml/additionalMetadata/metadata/unitList/ns2:unit/@id
KUBI,04003-metadata.xml,/eml:eml/additionalMetadata/metadata/unitList/ns2:unit/@multiplierToSI
KUBI,04003-metadata.xml,/eml:eml/additionalMetadata/metadata/unitList/ns2:unit/@parentSI
KUBI,04003-metadata.xml,/eml:eml/additionalMetadata/metadata/unitList/ns2:unit/ns2:description
KUBI,04004-metadata.xml,/eml:eml/@packageId
KUBI,04004-metadata.xml,/eml:eml/@system
KUBI,04004-metadata.xml,/eml:eml/@xsi:schemaLocation
KUBI,04004-metadata.xml,/eml:eml/dataset/title
KUBI,04004-metadata.xml,/eml:eml/dataset/creator/organizationName
KUBI,04004-metadata.xml,/eml:eml/dataset/keywordSet/keyword
KUBI,04004-metadata.xml,/eml:eml/dataset/keywordSet/keyword
KUBI,04004-metadata.xml,/eml:eml/dataset/keywordSet/keyword
KUBI,04004-metadata.xml,/eml:eml/dataset/keywordSet/keyword
KUBI,04004-metadata.xml,/eml:eml/dataset/keywordSet/keyword
KUBI,04004-metadata.xml,/eml:eml/dataset/coverage/geographicCoverage/geographicDescription
KUBI,04004-metadata.xml,/eml:eml/dataset/coverage/geographicCoverage/boundingCoordinates/westBoundingCoordinate
KUBI,04004-metadata.xml,/eml:eml/dataset/coverage/geographicCoverage/boundingCoordinates/eastBoundingCoordinate
KUBI,04004-metadata.xml,/eml:eml/dataset/coverage/geographicCoverage/boundingCoordinates/northBoundingCoordinate
KUBI,04004-metadata.xml,/eml:eml/dataset/coverage/geographicCoverage/boundingCoordinates/southBoundingCoordinate
KUBI,04004-metadata.xml,/eml:eml/dataset/coverage/temporalCoverage/rangeOfDates/beginDate/calendarDate
KUBI,04004-metadata.xml,/eml:eml/dataset/coverage/temporalCoverage/rangeOfDates/endDate/calendarDate
KUBI,04004-metadata.xml,/eml:eml/dataset/contact/organizationName
KUBI,04004-metadata.xml,/eml:eml/dataset/contact/address/deliveryPoint
KUBI,04004-metadata.xml,/eml:eml/dataset/contact/address/city
KUBI,04004-metadata.xml,/eml:eml/dataset/contact/address/administrativeArea
KUBI,04004-metadata.xml,/eml:eml/dataset/contact/address/postalCode
KUBI,04004-metadata.xml,/eml:eml/dataset/contact/address/country
KUBI,04004-metadata.xml,/eml:eml/dataset/contact/electronicMailAddress
KUBI,04004-metadata.xml,/eml:eml/dataset/contact/onlineUrl
KUBI,04004-metadata.xml,/eml:eml/dataset/spatialRaster/entityName
KUBI,04004-metadata.xml,/eml:eml/dataset/spatialRaster/physical/objectName
KUBI,04004-metadata.xml,/eml:eml/dataset/spatialRaster/physical/dataFormat/externallyDefinedFormat/formatName
KUBI,04004-metadata.xml,/eml:eml/dataset/spatialRaster/physical/distribution/online/url
KUBI,04004-metadata.xml,/eml:eml/dataset/spatialRaster/physical/distribution/online/url/@function
KUBI,04004-metadata.xml,/eml:eml/dataset/spatialRaster/attributeList/attribute/attributeName
KUBI,04004-metadata.xml,/eml:eml/dataset/spatialRaster/attributeList/attribute/attributeDefinition
KUBI,04004-metadata.xml,/eml:eml/dataset/spatialRaster/attributeList/attribute/storageType
KUBI,04004-metadata.xml,/eml:eml/dataset/spatialRaster/attributeList/attribute/measurementScale/interval/unit/customUnit
KUBI,04004-metadata.xml,/eml:eml/dataset/spatialRaster/attributeList/attribute/measurementScale/interval/numericDomain/numberType
KUBI,04004-metadata.xml,/eml:eml/dataset/spatialRaster/attributeList/attribute/measurementScale/interval/numericDomain/bounds/minimum
KUBI,04004-metadata.xml,/eml:eml/dataset/spatialRaster/attributeList/attribute/measurementScale/interval/numericDomain/bounds/minimum/@exclusive
KUBI,04004-metadata.xml,/eml:eml/dataset/spatialRaster/attributeList/attribute/measurementScale/interval/numericDomain/bounds/maximum
KUBI,04004-metadata.xml,/eml:eml/dataset/spatialRaster/attributeList/attribute/measurementScale/interval/numericDomain/bounds/maximum/@exclusive
KUBI,04004-metadata.xml,/eml:eml/dataset/spatialRaster/spatialReference/horizCoordSysDef/@name
KUBI,04004-metadata.xml,/eml:eml/dataset/spatialRaster/spatialReference/horizCoordSysDef/geogCoordSys/datum/@name
KUBI,04004-metadata.xml,/eml:eml/dataset/spatialRaster/spatialReference/horizCoordSysDef/geogCoordSys/spheroid/@denomFlatRatio
KUBI,04004-metadata.xml,/eml:eml/dataset/spatialRaster/spatialReference/horizCoordSysDef/geogCoordSys/spheroid/@name
KUBI,04004-metadata.xml,/eml:eml/dataset/spatialRaster/spatialReference/horizCoordSysDef/geogCoordSys/spheroid/@semiAxisMajor
KUBI,04004-metadata.xml,/eml:eml/dataset/spatialRaster/spatialReference/horizCoordSysDef/geogCoordSys/primeMeridian/@longitude
KUBI,04004-metadata.xml,/eml:eml/dataset/spatialRaster/spatialReference/horizCoordSysDef/geogCoordSys/primeMeridian/@name
KUBI,04004-metadata.xml,/eml:eml/dataset/spatialRaster/spatialReference/horizCoordSysDef/geogCoordSys/unit/@name
KUBI,04004-metadata.xml,/eml:eml/dataset/spatialRaster/horizontalAccuracy/accuracyReport
KUBI,04004-metadata.xml,/eml:eml/dataset/spatialRaster/verticalAccuracy/accuracyReport
KUBI,04004-metadata.xml,/eml:eml/dataset/spatialRaster/cellSizeXDirection
KUBI,04004-metadata.xml,/eml:eml/dataset/spatialRaster/cellSizeYDirection
KUBI,04004-metadata.xml,/eml:eml/dataset/spatialRaster/numberOfBands
KUBI,04004-metadata.xml,/eml:eml/dataset/spatialRaster/rasterOrigin
KUBI,04004-metadata.xml,/eml:eml/dataset/spatialRaster/rows
KUBI,04004-metadata.xml,/eml:eml/dataset/spatialRaster/columns
KUBI,04004-metadata.xml,/eml:eml/dataset/spatialRaster/verticals
KUBI,04004-metadata.xml,/eml:eml/dataset/spatialRaster/cellGeometry
KUBI,04004-metadata.xml,/eml:eml/additionalMetadata/metadata/unitList/ns2:unit/@id
KUBI,04004-metadata.xml,/eml:eml/additionalMetadata/metadata/unitList/ns2:unit/@multiplierToSI
KUBI,04004-metadata.xml,/eml:eml/additionalMetadata/metadata/unitList/ns2:unit/@parentSI
KUBI,04004-metadata.xml,/eml:eml/additionalMetadata/metadata/unitList/ns2:unit/ns2:description
KUBI,04005-metadata.xml,/eml:eml/@packageId
KUBI,04005-metadata.xml,/eml:eml/@system
KUBI,04005-metadata.xml,/eml:eml/@xsi:schemaLocation
KUBI,04005-metadata.xml,/eml:eml/dataset/title
KUBI,04005-metadata.xml,/eml:eml/dataset/creator/organizationName
KUBI,04005-metadata.xml,/eml:eml/dataset/keywordSet/keyword
KUBI,04005-metadata.xml,/eml:eml/dataset/keywordSet/keyword
KUBI,04005-metadata.xml,/eml:eml/dataset/keywordSet/keyword
KUBI,04005-metadata.xml,/eml:eml/dataset/keywordSet/keyword
KUBI,04005-metadata.xml,/eml:eml/dataset/coverage/geographicCoverage/geographicDescription
KUBI,04005-metadata.xml,/eml:eml/dataset/coverage/geographicCoverage/boundingCoordinates/westBoundingCoordinate
KUBI,04005-metadata.xml,/eml:eml/dataset/coverage/geographicCoverage/boundingCoordinates/eastBoundingCoordinate
KUBI,04005-metadata.xml,/eml:eml/dataset/coverage/geographicCoverage/boundingCoordinates/northBoundingCoordinate
KUBI,04005-metadata.xml,/eml:eml/dataset/coverage/geographicCoverage/boundingCoordinates/southBoundingCoordinate
KUBI,04005-metadata.xml,/eml:eml/dataset/coverage/temporalCoverage/rangeOfDates/beginDate/calendarDate
KUBI,04005-metadata.xml,/eml:eml/dataset/coverage/temporalCoverage/rangeOfDates/endDate/calendarDate
KUBI,04005-metadata.xml,/eml:eml/dataset/contact/organizationName
KUBI,04005-metadata.xml,/eml:eml/dataset/contact/address/deliveryPoint
KUBI,04005-metadata.xml,/eml:eml/dataset/contact/address/city
KUBI,04005-metadata.xml,/eml:eml/dataset/contact/address/administrativeArea
KUBI,04005-metadata.xml,/eml:eml/dataset/contact/address/postalCode
KUBI,04005-metadata.xml,/eml:eml/dataset/contact/address/country
KUBI,04005-metadata.xml,/eml:eml/dataset/contact/electronicMailAddress
KUBI,04005-metadata.xml,/eml:eml/dataset/contact/onlineUrl
KUBI,04005-metadata.xml,/eml:eml/dataset/spatialRaster/entityName
KUBI,04005-metadata.xml,/eml:eml/dataset/spatialRaster/physical/objectName
KUBI,04005-metadata.xml,/eml:eml/dataset/spatialRaster/physical/dataFormat/externallyDefinedFormat/formatName
KUBI,04005-metadata.xml,/eml:eml/dataset/spatialRaster/physical/distribution/online/url
KUBI,04005-metadata.xml,/eml:eml/dataset/spatialRaster/physical/distribution/online/url/@function
KUBI,04005-metadata.xml,/eml:eml/dataset/spatialRaster/attributeList/attribute/attributeName
KUBI,04005-metadata.xml,/eml:eml/dataset/spatialRaster/attributeList/attribute/attributeDefinition
KUBI,04005-metadata.xml,/eml:eml/dataset/spatialRaster/attributeList/attribute/storageType
KUBI,04005-metadata.xml,/eml:eml/dataset/spatialRaster/attributeList/attribute/measurementScale/interval/unit/standardUnit
KUBI,04005-metadata.xml,/eml:eml/dataset/spatialRaster/attributeList/attribute/measurementScale/interval/numericDomain/numberType
KUBI,04005-metadata.xml,/eml:eml/dataset/spatialRaster/attributeList/attribute/measurementScale/interval/numericDomain/bounds/minimum
KUBI,04005-metadata.xml,/eml:eml/dataset/spatialRaster/attributeList/attribute/measurementScale/interval/numericDomain/bounds/minimum/@exclusive
KUBI,04005-metadata.xml,/eml:eml/dataset/spatialRaster/attributeList/attribute/measurementScale/interval/numericDomain/bounds/maximum
KUBI,04005-metadata.xml,/eml:eml/dataset/spatialRaster/attributeList/attribute/measurementScale/interval/numericDomain/bounds/maximum/@exclusive
KUBI,04005-metadata.xml,/eml:eml/dataset/spatialRaster/spatialReference/horizCoordSysDef/@name
KUBI,04005-metadata.xml,/eml:eml/dataset/spatialRaster/spatialReference/horizCoordSysDef/geogCoordSys/datum/@name
KUBI,04005-metadata.xml,/eml:eml/dataset/spatialRaster/spatialReference/horizCoordSysDef/geogCoordSys/spheroid/@denomFlatRatio
KUBI,04005-metadata.xml,/eml:eml/dataset/spatialRaster/spatialReference/horizCoordSysDef/geogCoordSys/spheroid/@name
KUBI,04005-metadata.xml,/eml:eml/dataset/spatialRaster/spatialReference/horizCoordSysDef/geogCoordSys/spheroid/@semiAxisMajor
KUBI,04005-metadata.xml,/eml:eml/dataset/spatialRaster/spatialReference/horizCoordSysDef/geogCoordSys/primeMeridian/@longitude
KUBI,04005-metadata.xml,/eml:eml/dataset/spatialRaster/spatialReference/horizCoordSysDef/geogCoordSys/primeMeridian/@name
KUBI,04005-metadata.xml,/eml:eml/dataset/spatialRaster/spatialReference/horizCoordSysDef/geogCoordSys/unit/@name
KUBI,04005-metadata.xml,/eml:eml/dataset/spatialRaster/horizontalAccuracy/accuracyReport
KUBI,04005-metadata.xml,/eml:eml/dataset/spatialRaster/verticalAccuracy/accuracyReport
KUBI,04005-metadata.xml,/eml:eml/dataset/spatialRaster/cellSizeXDirection
KUBI,04005-metadata.xml,/eml:eml/dataset/spatialRaster/cellSizeYDirection
KUBI,04005-metadata.xml,/eml:eml/dataset/spatialRaster/numberOfBands
KUBI,04005-metadata.xml,/eml:eml/dataset/spatialRaster/rasterOrigin
KUBI,04005-metadata.xml,/eml:eml/dataset/spatialRaster/rows
KUBI,04005-metadata.xml,/eml:eml/dataset/spatialRaster/columns
KUBI,04005-metadata.xml,/eml:eml/dataset/spatialRaster/verticals
KUBI,04005-metadata.xml,/eml:eml/dataset/spatialRaster/cellGeometry
KUBI,04006-metadata.xml,/eml:eml/@packageId
KUBI,04006-metadata.xml,/eml:eml/@system
KUBI,04006-metadata.xml,/eml:eml/@xsi:schemaLocation
KUBI,04006-metadata.xml,/eml:eml/dataset/title
KUBI,04006-metadata.xml,/eml:eml/dataset/creator/organizationName
KUBI,04006-metadata.xml,/eml:eml/dataset/keywordSet/keyword
KUBI,04006-metadata.xml,/eml:eml/dataset/keywordSet/keyword
KUBI,04006-metadata.xml,/eml:eml/dataset/keywordSet/keyword
KUBI,04006-metadata.xml,/eml:eml/dataset/keywordSet/keyword
KUBI,04006-metadata.xml,/eml:eml/dataset/keywordSet/keyword
KUBI,04006-metadata.xml,/eml:eml/dataset/coverage/geographicCoverage/geographicDescription
KUBI,04006-metadata.xml,/eml:eml/dataset/coverage/geographicCoverage/boundingCoordinates/westBoundingCoordinate
KUBI,04006-metadata.xml,/eml:eml/dataset/coverage/geographicCoverage/boundingCoordinates/eastBoundingCoordinate
KUBI,04006-metadata.xml,/eml:eml/dataset/coverage/geographicCoverage/boundingCoordinates/northBoundingCoordinate
KUBI,04006-metadata.xml,/eml:eml/dataset/coverage/geographicCoverage/boundingCoordinates/southBoundingCoordinate
KUBI,04006-metadata.xml,/eml:eml/dataset/coverage/temporalCoverage/rangeOfDates/beginDate/calendarDate
KUBI,04006-metadata.xml,/eml:eml/dataset/coverage/temporalCoverage/rangeOfDates/endDate/calendarDate
KUBI,04006-metadata.xml,/eml:eml/dataset/contact/organizationName
KUBI,04006-metadata.xml,/eml:eml/dataset/contact/address/deliveryPoint
KUBI,04006-metadata.xml,/eml:eml/dataset/contact/address/city
KUBI,04006-metadata.xml,/eml:eml/dataset/contact/address/administrativeArea
KUBI,04006-metadata.xml,/eml:eml/dataset/contact/address/postalCode
KUBI,04006-metadata.xml,/eml:eml/dataset/contact/address/country
KUBI,04006-metadata.xml,/eml:eml/dataset/contact/electronicMailAddress
KUBI,04006-metadata.xml,/eml:eml/dataset/contact/onlineUrl
KUBI,04006-metadata.xml,/eml:eml/dataset/spatialRaster/entityName
KUBI,04006-metadata.xml,/eml:eml/dataset/spatialRaster/physical/objectName
KUBI,04006-metadata.xml,/eml:eml/dataset/spatialRaster/physical/dataFormat/externallyDefinedFormat/formatName
KUBI,04006-metadata.xml,/eml:eml/dataset/spatialRaster/physical/distribution/online/url
KUBI,04006-metadata.xml,/eml:eml/dataset/spatialRaster/physical/distribution/online/url/@function
KUBI,04006-metadata.xml,/eml:eml/dataset/spatialRaster/attributeList/attribute/attributeName
KUBI,04006-metadata.xml,/eml:eml/dataset/spatialRaster/attributeList/attribute/attributeDefinition
KUBI,04006-metadata.xml,/eml:eml/dataset/spatialRaster/attributeList/attribute/storageType
KUBI,04006-metadata.xml,/eml:eml/dataset/spatialRaster/attributeList/attribute/measurementScale/interval/unit/customUnit
KUBI,04006-metadata.xml,/eml:eml/dataset/spatialRaster/attributeList/attribute/measurementScale/interval/numericDomain/numberType
KUBI,04006-metadata.xml,/eml:eml/dataset/spatialRaster/attributeList/attribute/measurementScale/interval/numericDomain/bounds/minimum
KUBI,04006-metadata.xml,/eml:eml/dataset/spatialRaster/attributeList/attribute/measurementScale/interval/numericDomain/bounds/minimum/@exclusive
KUBI,04006-metadata.xml,/eml:eml/dataset/spatialRaster/attributeList/attribute/measurementScale/interval/numericDomain/bounds/maximum
KUBI,04006-metadata.xml,/eml:eml/dataset/spatialRaster/attributeList/attribute/measurementScale/interval/numericDomain/bounds/maximum/@exclusive
KUBI,04006-metadata.xml,/eml:eml/dataset/spatialRaster/spatialReference/horizCoordSysDef/@name
KUBI,04006-metadata.xml,/eml:eml/dataset/spatialRaster/spatialReference/horizCoordSysDef/geogCoordSys/datum/@name
KUBI,04006-metadata.xml,/eml:eml/dataset/spatialRaster/spatialReference/horizCoordSysDef/geogCoordSys/spheroid/@denomFlatRatio
KUBI,04006-metadata.xml,/eml:eml/dataset/spatialRaster/spatialReference/horizCoordSysDef/geogCoordSys/spheroid/@name
KUBI,04006-metadata.xml,/eml:eml/dataset/spatialRaster/spatialReference/horizCoordSysDef/geogCoordSys/spheroid/@semiAxisMajor
KUBI,04006-metadata.xml,/eml:eml/dataset/spatialRaster/spatialReference/horizCoordSysDef/geogCoordSys/primeMeridian/@longitude
KUBI,04006-metadata.xml,/eml:eml/dataset/spatialRaster/spatialReference/horizCoordSysDef/geogCoordSys/primeMeridian/@name
KUBI,04006-metadata.xml,/eml:eml/dataset/spatialRaster/spatialReference/horizCoordSysDef/geogCoordSys/unit/@name
KUBI,04006-metadata.xml,/eml:eml/dataset/spatialRaster/horizontalAccuracy/accuracyReport
KUBI,04006-metadata.xml,/eml:eml/dataset/spatialRaster/verticalAccuracy/accuracyReport
KUBI,04006-metadata.xml,/eml:eml/dataset/spatialRaster/cellSizeXDirection
KUBI,04006-metadata.xml,/eml:eml/dataset/spatialRaster/cellSizeYDirection
KUBI,04006-metadata.xml,/eml:eml/dataset/spatialRaster/numberOfBands
KUBI,04006-metadata.xml,/eml:eml/dataset/spatialRaster/rasterOrigin
KUBI,04006-metadata.xml,/eml:eml/dataset/spatialRaster/rows
KUBI,04006-metadata.xml,/eml:eml/dataset/spatialRaster/columns
KUBI,04006-metadata.xml,/eml:eml/dataset/spatialRaster/verticals
KUBI,04006-metadata.xml,/eml:eml/dataset/spatialRaster/cellGeometry
KUBI,04006-metadata.xml,/eml:eml/additionalMetadata/metadata/unitList/ns2:unit/@id
KUBI,04006-metadata.xml,/eml:eml/additionalMetadata/metadata/unitList/ns2:unit/@multiplierToSI
KUBI,04006-metadata.xml,/eml:eml/additionalMetadata/metadata/unitList/ns2:unit/@parentSI
KUBI,04006-metadata.xml,/eml:eml/additionalMetadata/metadata/unitList/ns2:unit/ns2:description
KUBI,04007-metadata.xml,/eml:eml/@packageId
KUBI,04007-metadata.xml,/eml:eml/@system
KUBI,04007-metadata.xml,/eml:eml/@xsi:schemaLocation
KUBI,04007-metadata.xml,/eml:eml/dataset/title
KUBI,04007-metadata.xml,/eml:eml/dataset/creator/organizationName
KUBI,04007-metadata.xml,/eml:eml/dataset/keywordSet/keyword
KUBI,04007-metadata.xml,/eml:eml/dataset/keywordSet/keyword
KUBI,04007-metadata.xml,/eml:eml/dataset/keywordSet/keyword
KUBI,04007-metadata.xml,/eml:eml/dataset/keywordSet/keyword
KUBI,04007-metadata.xml,/eml:eml/dataset/coverage/geographicCoverage/geographicDescription
KUBI,04007-metadata.xml,/eml:eml/dataset/coverage/geographicCoverage/boundingCoordinates/westBoundingCoordinate
KUBI,04007-metadata.xml,/eml:eml/dataset/coverage/geographicCoverage/boundingCoordinates/eastBoundingCoordinate
KUBI,04007-metadata.xml,/eml:eml/dataset/coverage/geographicCoverage/boundingCoordinates/northBoundingCoordinate
KUBI,04007-metadata.xml,/eml:eml/dataset/coverage/geographicCoverage/boundingCoordinates/southBoundingCoordinate
KUBI,04007-metadata.xml,/eml:eml/dataset/coverage/temporalCoverage/rangeOfDates/beginDate/calendarDate
KUBI,04007-metadata.xml,/eml:eml/dataset/coverage/temporalCoverage/rangeOfDates/endDate/calendarDate
KUBI,04007-metadata.xml,/eml:eml/dataset/contact/organizationName
KUBI,04007-metadata.xml,/eml:eml/dataset/contact/address/deliveryPoint
KUBI,04007-metadata.xml,/eml:eml/dataset/contact/address/city
KUBI,04007-metadata.xml,/eml:eml/dataset/contact/address/administrativeArea
KUBI,04007-metadata.xml,/eml:eml/dataset/contact/address/postalCode
KUBI,04007-metadata.xml,/eml:eml/dataset/contact/address/country
KUBI,04007-metadata.xml,/eml:eml/dataset/contact/electronicMailAddress
KUBI,04007-metadata.xml,/eml:eml/dataset/contact/onlineUrl
KUBI,04007-metadata.xml,/eml:eml/dataset/spatialRaster/entityName
KUBI,04007-metadata.xml,/eml:eml/dataset/spatialRaster/physical/objectName
KUBI,04007-metadata.xml,/eml:eml/dataset/spatialRaster/physical/dataFormat/externallyDefinedFormat/formatName
KUBI,04007-metadata.xml,/eml:eml/dataset/spatialRaster/physical/distribution/online/url
KUBI,04007-metadata.xml,/eml:eml/dataset/spatialRaster/physical/distribution/online/url/@function
KUBI,04007-metadata.xml,/eml:eml/dataset/spatialRaster/attributeList/attribute/attributeName
KUBI,04007-metadata.xml,/eml:eml/dataset/spatialRaster/attributeList/attribute/attributeDefinition
KUBI,04007-metadata.xml,/eml:eml/dataset/spatialRaster/attributeList/attribute/storageType
KUBI,04007-metadata.xml,/eml:eml/dataset/spatialRaster/attributeList/attribute/measurementScale/interval/unit/customUnit
KUBI,04007-metadata.xml,/eml:eml/dataset/spatialRaster/attributeList/attribute/measurementScale/interval/numericDomain/numberType
KUBI,04007-metadata.xml,/eml:eml/dataset/spatialRaster/attributeList/attribute/measurementScale/interval/numericDomain/bounds/minimum
KUBI,04007-metadata.xml,/eml:eml/dataset/spatialRaster/attributeList/attribute/measurementScale/interval/numericDomain/bounds/minimum/@exclusive
KUBI,04007-metadata.xml,/eml:eml/dataset/spatialRaster/attributeList/attribute/measurementScale/interval/numericDomain/bounds/maximum
KUBI,04007-metadata.xml,/eml:eml/dataset/spatialRaster/attributeList/attribute/measurementScale/interval/numericDomain/bounds/maximum/@exclusive
KUBI,04007-metadata.xml,/eml:eml/dataset/spatialRaster/spatialReference/horizCoordSysDef/@name
KUBI,04007-metadata.xml,/eml:eml/dataset/spatialRaster/spatialReference/horizCoordSysDef/geogCoordSys/datum/@name
KUBI,04007-metadata.xml,/eml:eml/dataset/spatialRaster/spatialReference/horizCoordSysDef/geogCoordSys/spheroid/@denomFlatRatio
KUBI,04007-metadata.xml,/eml:eml/dataset/spatialRaster/spatialReference/horizCoordSysDef/geogCoordSys/spheroid/@name
KUBI,04007-metadata.xml,/eml:eml/dataset/spatialRaster/spatialReference/horizCoordSysDef/geogCoordSys/spheroid/@semiAxisMajor
KUBI,04007-metadata.xml,/eml:eml/dataset/spatialRaster/spatialReference/horizCoordSysDef/geogCoordSys/primeMeridian/@longitude
KUBI,04007-metadata.xml,/eml:eml/dataset/spatialRaster/spatialReference/horizCoordSysDef/geogCoordSys/primeMeridian/@name
KUBI,04007-metadata.xml,/eml:eml/dataset/spatialRaster/spatialReference/horizCoordSysDef/geogCoordSys/unit/@name
KUBI,04007-metadata.xml,/eml:eml/dataset/spatialRaster/horizontalAccuracy/accuracyReport
KUBI,04007-metadata.xml,/eml:eml/dataset/spatialRaster/verticalAccuracy/accuracyReport
KUBI,04007-metadata.xml,/eml:eml/dataset/spatialRaster/cellSizeXDirection
KUBI,04007-metadata.xml,/eml:eml/dataset/spatialRaster/cellSizeYDirection
KUBI,04007-metadata.xml,/eml:eml/dataset/spatialRaster/numberOfBands
KUBI,04007-metadata.xml,/eml:eml/dataset/spatialRaster/rasterOrigin
KUBI,04007-metadata.xml,/eml:eml/dataset/spatialRaster/rows
KUBI,04007-metadata.xml,/eml:eml/dataset/spatialRaster/columns
KUBI,04007-metadata.xml,/eml:eml/dataset/spatialRaster/verticals
KUBI,04007-metadata.xml,/eml:eml/dataset/spatialRaster/cellGeometry
KUBI,04007-metadata.xml,/eml:eml/additionalMetadata/metadata/unitList/ns2:unit/@id
KUBI,04007-metadata.xml,/eml:eml/additionalMetadata/metadata/unitList/ns2:unit/ns2:description
KUBI,04008-metadata.xml,/eml:eml/@packageId
KUBI,04008-metadata.xml,/eml:eml/@system
KUBI,04008-metadata.xml,/eml:eml/@xsi:schemaLocation
KUBI,04008-metadata.xml,/eml:eml/dataset/title
KUBI,04008-metadata.xml,/eml:eml/dataset/creator/organizationName
KUBI,04008-metadata.xml,/eml:eml/dataset/keywordSet/keyword
KUBI,04008-metadata.xml,/eml:eml/dataset/keywordSet/keyword
KUBI,04008-metadata.xml,/eml:eml/dataset/keywordSet/keyword
KUBI,04008-metadata.xml,/eml:eml/dataset/keywordSet/keyword
KUBI,04008-metadata.xml,/eml:eml/dataset/coverage/geographicCoverage/geographicDescription
KUBI,04008-metadata.xml,/eml:eml/dataset/coverage/geographicCoverage/boundingCoordinates/westBoundingCoordinate
KUBI,04008-metadata.xml,/eml:eml/dataset/coverage/geographicCoverage/boundingCoordinates/eastBoundingCoordinate
KUBI,04008-metadata.xml,/eml:eml/dataset/coverage/geographicCoverage/boundingCoordinates/northBoundingCoordinate
KUBI,04008-metadata.xml,/eml:eml/dataset/coverage/geographicCoverage/boundingCoordinates/southBoundingCoordinate
KUBI,04008-metadata.xml,/eml:eml/dataset/coverage/temporalCoverage/rangeOfDates/beginDate/calendarDate
KUBI,04008-metadata.xml,/eml:eml/dataset/coverage/temporalCoverage/rangeOfDates/endDate/calendarDate
KUBI,04008-metadata.xml,/eml:eml/dataset/contact/organizationName
KUBI,04008-metadata.xml,/eml:eml/dataset/contact/address/deliveryPoint
KUBI,04008-metadata.xml,/eml:eml/dataset/contact/address/city
KUBI,04008-metadata.xml,/eml:eml/dataset/contact/address/administrativeArea
KUBI,04008-metadata.xml,/eml:eml/dataset/contact/address/postalCode
KUBI,04008-metadata.xml,/eml:eml/dataset/contact/address/country
KUBI,04008-metadata.xml,/eml:eml/dataset/contact/electronicMailAddress
KUBI,04008-metadata.xml,/eml:eml/dataset/contact/onlineUrl
KUBI,04008-metadata.xml,/eml:eml/dataset/spatialRaster/entityName
KUBI,04008-metadata.xml,/eml:eml/dataset/spatialRaster/physical/objectName
KUBI,04008-metadata.xml,/eml:eml/dataset/spatialRaster/physical/dataFormat/externallyDefinedFormat/formatName
KUBI,04008-metadata.xml,/eml:eml/dataset/spatialRaster/physical/distribution/online/url
KUBI,04008-metadata.xml,/eml:eml/dataset/spatialRaster/physical/distribution/online/url/@function
KUBI,04008-metadata.xml,/eml:eml/dataset/spatialRaster/attributeList/attribute/attributeName
KUBI,04008-metadata.xml,/eml:eml/dataset/spatialRaster/attributeList/attribute/attributeDefinition
KUBI,04008-metadata.xml,/eml:eml/dataset/spatialRaster/attributeList/attribute/storageType
KUBI,04008-metadata.xml,/eml:eml/dataset/spatialRaster/attributeList/attribute/measurementScale/interval/unit/standardUnit
KUBI,04008-metadata.xml,/eml:eml/dataset/spatialRaster/attributeList/attribute/measurementScale/interval/numericDomain/numberType
KUBI,04008-metadata.xml,/eml:eml/dataset/spatialRaster/attributeList/attribute/measurementScale/interval/numericDomain/bounds/minimum
KUBI,04008-metadata.xml,/eml:eml/dataset/spatialRaster/attributeList/attribute/measurementScale/interval/numericDomain/bounds/minimum/@exclusive
KUBI,04008-metadata.xml,/eml:eml/dataset/spatialRaster/attributeList/attribute/measurementScale/interval/numericDomain/bounds/maximum
KUBI,04008-metadata.xml,/eml:eml/dataset/spatialRaster/attributeList/attribute/measurementScale/interval/numericDomain/bounds/maximum/@exclusive
KUBI,04008-metadata.xml,/eml:eml/dataset/spatialRaster/spatialReference/horizCoordSysDef/@name
KUBI,04008-metadata.xml,/eml:eml/dataset/spatialRaster/spatialReference/horizCoordSysDef/geogCoordSys/datum/@name
KUBI,04008-metadata.xml,/eml:eml/dataset/spatialRaster/spatialReference/horizCoordSysDef/geogCoordSys/spheroid/@denomFlatRatio
KUBI,04008-metadata.xml,/eml:eml/dataset/spatialRaster/spatialReference/horizCoordSysDef/geogCoordSys/spheroid/@name
KUBI,04008-metadata.xml,/eml:eml/dataset/spatialRaster/spatialReference/horizCoordSysDef/geogCoordSys/spheroid/@semiAxisMajor
KUBI,04008-metadata.xml,/eml:eml/dataset/spatialRaster/spatialReference/horizCoordSysDef/geogCoordSys/primeMeridian/@longitude
KUBI,04008-metadata.xml,/eml:eml/dataset/spatialRaster/spatialReference/horizCoordSysDef/geogCoordSys/primeMeridian/@name
KUBI,04008-metadata.xml,/eml:eml/dataset/spatialRaster/spatialReference/horizCoordSysDef/geogCoordSys/unit/@name
KUBI,04008-metadata.xml,/eml:eml/dataset/spatialRaster/horizontalAccuracy/accuracyReport
KUBI,04008-metadata.xml,/eml:eml/dataset/spatialRaster/verticalAccuracy/accuracyReport
KUBI,04008-metadata.xml,/eml:eml/dataset/spatialRaster/cellSizeXDirection
KUBI,04008-metadata.xml,/eml:eml/dataset/spatialRaster/cellSizeYDirection
KUBI,04008-metadata.xml,/eml:eml/dataset/spatialRaster/numberOfBands
KUBI,04008-metadata.xml,/eml:eml/dataset/spatialRaster/rasterOrigin
KUBI,04008-metadata.xml,/eml:eml/dataset/spatialRaster/rows
KUBI,04008-metadata.xml,/eml:eml/dataset/spatialRaster/columns
KUBI,04008-metadata.xml,/eml:eml/dataset/spatialRaster/verticals
KUBI,04008-metadata.xml,/eml:eml/dataset/spatialRaster/cellGeometry
KUBI,04009-metadata.xml,/eml:eml/@packageId
KUBI,04009-metadata.xml,/eml:eml/@system
KUBI,04009-metadata.xml,/eml:eml/@xsi:schemaLocation
KUBI,04009-metadata.xml,/eml:eml/dataset/title
KUBI,04009-metadata.xml,/eml:eml/dataset/creator/organizationName
KUBI,04009-metadata.xml,/eml:eml/dataset/keywordSet/keyword
KUBI,04009-metadata.xml,/eml:eml/dataset/keywordSet/keyword
KUBI,04009-metadata.xml,/eml:eml/dataset/keywordSet/keyword
KUBI,04009-metadata.xml,/eml:eml/dataset/keywordSet/keyword
KUBI,04009-metadata.xml,/eml:eml/dataset/keywordSet/keyword
KUBI,04009-metadata.xml,/eml:eml/dataset/coverage/geographicCoverage/geographicDescription
KUBI,04009-metadata.xml,/eml:eml/dataset/coverage/geographicCoverage/boundingCoordinates/westBoundingCoordinate
KUBI,04009-metadata.xml,/eml:eml/dataset/coverage/geographicCoverage/boundingCoordinates/eastBoundingCoordinate
KUBI,04009-metadata.xml,/eml:eml/dataset/coverage/geographicCoverage/boundingCoordinates/northBoundingCoordinate
KUBI,04009-metadata.xml,/eml:eml/dataset/coverage/geographicCoverage/boundingCoordinates/southBoundingCoordinate
KUBI,04009-metadata.xml,/eml:eml/dataset/coverage/temporalCoverage/rangeOfDates/beginDate/calendarDate
KUBI,04009-metadata.xml,/eml:eml/dataset/coverage/temporalCoverage/rangeOfDates/endDate/calendarDate
KUBI,04009-metadata.xml,/eml:eml/dataset/contact/organizationName
KUBI,04009-metadata.xml,/eml:eml/dataset/contact/address/deliveryPoint
KUBI,04009-metadata.xml,/eml:eml/dataset/contact/address/city
KUBI,04009-metadata.xml,/eml:eml/dataset/contact/address/administrativeArea
KUBI,04009-metadata.xml,/eml:eml/dataset/contact/address/postalCode
KUBI,04009-metadata.xml,/eml:eml/dataset/contact/address/country
KUBI,04009-metadata.xml,/eml:eml/dataset/contact/electronicMailAddress
KUBI,04009-metadata.xml,/eml:eml/dataset/contact/onlineUrl
KUBI,04009-metadata.xml,/eml:eml/dataset/spatialRaster/entityName
KUBI,04009-metadata.xml,/eml:eml/dataset/spatialRaster/physical/objectName
KUBI,04009-metadata.xml,/eml:eml/dataset/spatialRaster/physical/dataFormat/externallyDefinedFormat/formatName
KUBI,04009-metadata.xml,/eml:eml/dataset/spatialRaster/physical/distribution/online/url
KUBI,04009-metadata.xml,/eml:eml/dataset/spatialRaster/physical/distribution/online/url/@function
KUBI,04009-metadata.xml,/eml:eml/dataset/spatialRaster/attributeList/attribute/attributeName
KUBI,04009-metadata.xml,/eml:eml/dataset/spatialRaster/attributeList/attribute/attributeDefinition
KUBI,04009-metadata.xml,/eml:eml/dataset/spatialRaster/attributeList/attribute/storageType
KUBI,04009-metadata.xml,/eml:eml/dataset/spatialRaster/attributeList/attribute/measurementScale/interval/unit/customUnit
KUBI,04009-metadata.xml,/eml:eml/dataset/spatialRaster/attributeList/attribute/measurementScale/interval/numericDomain/numberType
KUBI,04009-metadata.xml,/eml:eml/dataset/spatialRaster/attributeList/attribute/measurementScale/interval/numericDomain/bounds/minimum
KUBI,04009-metadata.xml,/eml:eml/dataset/spatialRaster/attributeList/attribute/measurementScale/interval/numericDomain/bounds/minimum/@exclusive
KUBI,04009-metadata.xml,/eml:eml/dataset/spatialRaster/attributeList/attribute/measurementScale/interval/numericDomain/bounds/maximum
KUBI,04009-metadata.xml,/eml:eml/dataset/spatialRaster/attributeList/attribute/measurementScale/interval/numericDomain/bounds/maximum/@exclusive
KUBI,04009-metadata.xml,/eml:eml/dataset/spatialRaster/spatialReference/horizCoordSysDef/@name
KUBI,04009-metadata.xml,/eml:eml/dataset/spatialRaster/spatialReference/horizCoordSysDef/geogCoordSys/datum/@name
KUBI,04009-metadata.xml,/eml:eml/dataset/spatialRaster/spatialReference/horizCoordSysDef/geogCoordSys/spheroid/@denomFlatRatio
KUBI,04009-metadata.xml,/eml:eml/dataset/spatialRaster/spatialReference/horizCoordSysDef/geogCoordSys/spheroid/@name
KUBI,04009-metadata.xml,/eml:eml/dataset/spatialRaster/spatialReference/horizCoordSysDef/geogCoordSys/spheroid/@semiAxisMajor
KUBI,04009-metadata.xml,/eml:eml/dataset/spatialRaster/spatialReference/horizCoordSysDef/geogCoordSys/primeMeridian/@longitude
KUBI,04009-metadata.xml,/eml:eml/dataset/spatialRaster/spatialReference/horizCoordSysDef/geogCoordSys/primeMeridian/@name
KUBI,04009-metadata.xml,/eml:eml/dataset/spatialRaster/spatialReference/horizCoordSysDef/geogCoordSys/unit/@name
KUBI,04009-metadata.xml,/eml:eml/dataset/spatialRaster/horizontalAccuracy/accuracyReport
KUBI,04009-metadata.xml,/eml:eml/dataset/spatialRaster/verticalAccuracy/accuracyReport
KUBI,04009-metadata.xml,/eml:eml/dataset/spatialRaster/cellSizeXDirection
KUBI,04009-metadata.xml,/eml:eml/dataset/spatialRaster/cellSizeYDirection
KUBI,04009-metadata.xml,/eml:eml/dataset/spatialRaster/numberOfBands
KUBI,04009-metadata.xml,/eml:eml/dataset/spatialRaster/rasterOrigin
KUBI,04009-metadata.xml,/eml:eml/dataset/spatialRaster/rows
KUBI,04009-metadata.xml,/eml:eml/dataset/spatialRaster/columns
KUBI,04009-metadata.xml,/eml:eml/dataset/spatialRaster/verticals
KUBI,04009-metadata.xml,/eml:eml/dataset/spatialRaster/cellGeometry
KUBI,04009-metadata.xml,/eml:eml/additionalMetadata/metadata/unitList/ns2:unit/@id
KUBI,04009-metadata.xml,/eml:eml/additionalMetadata/metadata/unitList/ns2:unit/@multiplierToSI
KUBI,04009-metadata.xml,/eml:eml/additionalMetadata/metadata/unitList/ns2:unit/@parentSI
KUBI,04009-metadata.xml,/eml:eml/additionalMetadata/metadata/unitList/ns2:unit/ns2:description
KUBI,04010-metadata.xml,/eml:eml/@packageId
KUBI,04010-metadata.xml,/eml:eml/@system
KUBI,04010-metadata.xml,/eml:eml/@xsi:schemaLocation
KUBI,04010-metadata.xml,/eml:eml/dataset/title
KUBI,04010-metadata.xml,/eml:eml/dataset/creator/organizationName
KUBI,04010-metadata.xml,/eml:eml/dataset/keywordSet/keyword
KUBI,04010-metadata.xml,/eml:eml/dataset/keywordSet/keyword
KUBI,04010-metadata.xml,/eml:eml/dataset/keywordSet/keyword
KUBI,04010-metadata.xml,/eml:eml/dataset/keywordSet/keyword
KUBI,04010-metadata.xml,/eml:eml/dataset/coverage/geographicCoverage/geographicDescription
KUBI,04010-metadata.xml,/eml:eml/dataset/coverage/geographicCoverage/boundingCoordinates/westBoundingCoordinate
KUBI,04010-metadata.xml,/eml:eml/dataset/coverage/geographicCoverage/boundingCoordinates/eastBoundingCoordinate
KUBI,04010-metadata.xml,/eml:eml/dataset/coverage/geographicCoverage/boundingCoordinates/northBoundingCoordinate
KUBI,04010-metadata.xml,/eml:eml/dataset/coverage/geographicCoverage/boundingCoordinates/southBoundingCoordinate
KUBI,04010-metadata.xml,/eml:eml/dataset/coverage/temporalCoverage/rangeOfDates/beginDate/calendarDate
KUBI,04010-metadata.xml,/eml:eml/dataset/coverage/temporalCoverage/rangeOfDates/endDate/calendarDate
KUBI,04010-metadata.xml,/eml:eml/dataset/contact/organizationName
KUBI,04010-metadata.xml,/eml:eml/dataset/contact/address/deliveryPoint
KUBI,04010-metadata.xml,/eml:eml/dataset/contact/address/city
KUBI,04010-metadata.xml,/eml:eml/dataset/contact/address/administrativeArea
KUBI,04010-metadata.xml,/eml:eml/dataset/contact/address/postalCode
KUBI,04010-metadata.xml,/eml:eml/dataset/contact/address/country
KUBI,04010-metadata.xml,/eml:eml/dataset/contact/electronicMailAddress
KUBI,04010-metadata.xml,/eml:eml/dataset/contact/onlineUrl
KUBI,04010-metadata.xml,/eml:eml/dataset/spatialRaster/entityName
KUBI,04010-metadata.xml,/eml:eml/dataset/spatialRaster/physical/objectName
KUBI,04010-metadata.xml,/eml:eml/dataset/spatialRaster/physical/dataFormat/externallyDefinedFormat/formatName
KUBI,04010-metadata.xml,/eml:eml/dataset/spatialRaster/physical/distribution/online/url
KUBI,04010-metadata.xml,/eml:eml/dataset/spatialRaster/physical/distribution/online/url/@function
KUBI,04010-metadata.xml,/eml:eml/dataset/spatialRaster/attributeList/attribute/attributeName
KUBI,04010-metadata.xml,/eml:eml/dataset/spatialRaster/attributeList/attribute/attributeDefinition
KUBI,04010-metadata.xml,/eml:eml/dataset/spatialRaster/attributeList/attribute/storageType
KUBI,04010-metadata.xml,/eml:eml/dataset/spatialRaster/attributeList/attribute/measurementScale/interval/unit/standardUnit
KUBI,04010-metadata.xml,/eml:eml/dataset/spatialRaster/attributeList/attribute/measurementScale/interval/numericDomain/numberType
KUBI,04010-metadata.xml,/eml:eml/dataset/spatialRaster/attributeList/attribute/measurementScale/interval/numericDomain/bounds/minimum
KUBI,04010-metadata.xml,/eml:eml/dataset/spatialRaster/attributeList/attribute/measurementScale/interval/numericDomain/bounds/minimum/@exclusive
KUBI,04010-metadata.xml,/eml:eml/dataset/spatialRaster/attributeList/attribute/measurementScale/interval/numericDomain/bounds/maximum
KUBI,04010-metadata.xml,/eml:eml/dataset/spatialRaster/attributeList/attribute/measurementScale/interval/numericDomain/bounds/maximum/@exclusive
KUBI,04010-metadata.xml,/eml:eml/dataset/spatialRaster/spatialReference/horizCoordSysDef/@name
KUBI,04010-metadata.xml,/eml:eml/dataset/spatialRaster/spatialReference/horizCoordSysDef/geogCoordSys/datum/@name
KUBI,04010-metadata.xml,/eml:eml/dataset/spatialRaster/spatialReference/horizCoordSysDef/geogCoordSys/spheroid/@denomFlatRatio
KUBI,04010-metadata.xml,/eml:eml/dataset/spatialRaster/spatialReference/horizCoordSysDef/geogCoordSys/spheroid/@name
KUBI,04010-metadata.xml,/eml:eml/dataset/spatialRaster/spatialReference/horizCoordSysDef/geogCoordSys/spheroid/@semiAxisMajor
KUBI,04010-metadata.xml,/eml:eml/dataset/spatialRaster/spatialReference/horizCoordSysDef/geogCoordSys/primeMeridian/@longitude
KUBI,04010-metadata.xml,/eml:eml/dataset/spatialRaster/spatialReference/horizCoordSysDef/geogCoordSys/primeMeridian/@name
KUBI,04010-metadata.xml,/eml:eml/dataset/spatialRaster/spatialReference/horizCoordSysDef/geogCoordSys/unit/@name
KUBI,04010-metadata.xml,/eml:eml/dataset/spatialRaster/horizontalAccuracy/accuracyReport
KUBI,04010-metadata.xml,/eml:eml/dataset/spatialRaster/verticalAccuracy/accuracyReport
KUBI,04010-metadata.xml,/eml:eml/dataset/spatialRaster/cellSizeXDirection
KUBI,04010-metadata.xml,/eml:eml/dataset/spatialRaster/cellSizeYDirection
KUBI,04010-metadata.xml,/eml:eml/dataset/spatialRaster/numberOfBands
KUBI,04010-metadata.xml,/eml:eml/dataset/spatialRaster/rasterOrigin
KUBI,04010-metadata.xml,/eml:eml/dataset/spatialRaster/rows
KUBI,04010-metadata.xml,/eml:eml/dataset/spatialRaster/columns
KUBI,04010-metadata.xml,/eml:eml/dataset/spatialRaster/verticals
KUBI,04010-metadata.xml,/eml:eml/dataset/spatialRaster/cellGeometry
KUBI,04011-metadata.xml,/eml:eml/@packageId
KUBI,04011-metadata.xml,/eml:eml/@system
KUBI,04011-metadata.xml,/eml:eml/@xsi:schemaLocation
KUBI,04011-metadata.xml,/eml:eml/dataset/title
KUBI,04011-metadata.xml,/eml:eml/dataset/creator/organizationName
KUBI,04011-metadata.xml,/eml:eml/dataset/keywordSet/keyword
KUBI,04011-metadata.xml,/eml:eml/dataset/keywordSet/keyword
KUBI,04011-metadata.xml,/eml:eml/dataset/keywordSet/keyword
KUBI,04011-metadata.xml,/eml:eml/dataset/keywordSet/keyword
KUBI,04011-metadata.xml,/eml:eml/dataset/coverage/geographicCoverage/geographicDescription
KUBI,04011-metadata.xml,/eml:eml/dataset/coverage/geographicCoverage/boundingCoordinates/westBoundingCoordinate
KUBI,04011-metadata.xml,/eml:eml/dataset/coverage/geographicCoverage/boundingCoordinates/eastBoundingCoordinate
KUBI,04011-metadata.xml,/eml:eml/dataset/coverage/geographicCoverage/boundingCoordinates/northBoundingCoordinate
KUBI,04011-metadata.xml,/eml:eml/dataset/coverage/geographicCoverage/boundingCoordinates/southBoundingCoordinate
KUBI,04011-metadata.xml,/eml:eml/dataset/coverage/temporalCoverage/rangeOfDates/beginDate/calendarDate
KUBI,04011-metadata.xml,/eml:eml/dataset/coverage/temporalCoverage/rangeOfDates/endDate/calendarDate
KUBI,04011-metadata.xml,/eml:eml/dataset/contact/organizationName
KUBI,04011-metadata.xml,/eml:eml/dataset/contact/address/deliveryPoint
KUBI,04011-metadata.xml,/eml:eml/dataset/contact/address/city
KUBI,04011-metadata.xml,/eml:eml/dataset/contact/address/administrativeArea
KUBI,04011-metadata.xml,/eml:eml/dataset/contact/address/postalCode
KUBI,04011-metadata.xml,/eml:eml/dataset/contact/address/country
KUBI,04011-metadata.xml,/eml:eml/dataset/contact/electronicMailAddress
KUBI,04011-metadata.xml,/eml:eml/dataset/contact/onlineUrl
KUBI,04011-metadata.xml,/eml:eml/dataset/spatialRaster/entityName
KUBI,04011-metadata.xml,/eml:eml/dataset/spatialRaster/physical/objectName
KUBI,04011-metadata.xml,/eml:eml/dataset/spatialRaster/physical/dataFormat/externallyDefinedFormat/formatName
KUBI,04011-metadata.xml,/eml:eml/dataset/spatialRaster/physical/distribution/online/url
KUBI,04011-metadata.xml,/eml:eml/dataset/spatialRaster/physical/distribution/online/url/@function
KUBI,04011-metadata.xml,/eml:eml/dataset/spatialRaster/attributeList/attribute/attributeName
KUBI,04011-metadata.xml,/eml:eml/dataset/spatialRaster/attributeList/attribute/attributeDefinition
KUBI,04011-metadata.xml,/eml:eml/dataset/spatialRaster/attributeList/attribute/storageType
KUBI,04011-metadata.xml,/eml:eml/dataset/spatialRaster/attributeList/attribute/measurementScale/interval/unit/customUnit
KUBI,04011-metadata.xml,/eml:eml/dataset/spatialRaster/attributeList/attribute/measurementScale/interval/numericDomain/numberType
KUBI,04011-metadata.xml,/eml:eml/dataset/spatialRaster/attributeList/attribute/measurementScale/interval/numericDomain/bounds/minimum
KUBI,04011-metadata.xml,/eml:eml/dataset/spatialRaster/attributeList/attribute/measurementScale/interval/numericDomain/bounds/minimum/@exclusive
KUBI,04011-metadata.xml,/eml:eml/dataset/spatialRaster/attributeList/attribute/measurementScale/interval/numericDomain/bounds/maximum
KUBI,04011-metadata.xml,/eml:eml/dataset/spatialRaster/attributeList/attribute/measurementScale/interval/numericDomain/bounds/maximum/@exclusive
KUBI,04011-metadata.xml,/eml:eml/dataset/spatialRaster/spatialReference/horizCoordSysDef/@name
KUBI,04011-metadata.xml,/eml:eml/dataset/spatialRaster/spatialReference/horizCoordSysDef/geogCoordSys/datum/@name
KUBI,04011-metadata.xml,/eml:eml/dataset/spatialRaster/spatialReference/horizCoordSysDef/geogCoordSys/spheroid/@denomFlatRatio
KUBI,04011-metadata.xml,/eml:eml/dataset/spatialRaster/spatialReference/horizCoordSysDef/geogCoordSys/spheroid/@name
KUBI,04011-metadata.xml,/eml:eml/dataset/spatialRaster/spatialReference/horizCoordSysDef/geogCoordSys/spheroid/@semiAxisMajor
KUBI,04011-metadata.xml,/eml:eml/dataset/spatialRaster/spatialReference/horizCoordSysDef/geogCoordSys/primeMeridian/@longitude
KUBI,04011-metadata.xml,/eml:eml/dataset/spatialRaster/spatialReference/horizCoordSysDef/geogCoordSys/primeMeridian/@name
KUBI,04011-metadata.xml,/eml:eml/dataset/spatialRaster/spatialReference/horizCoordSysDef/geogCoordSys/unit/@name
KUBI,04011-metadata.xml,/eml:eml/dataset/spatialRaster/horizontalAccuracy/accuracyReport
KUBI,04011-metadata.xml,/eml:eml/dataset/spatialRaster/verticalAccuracy/accuracyReport
KUBI,04011-metadata.xml,/eml:eml/dataset/spatialRaster/cellSizeXDirection
KUBI,04011-metadata.xml,/eml:eml/dataset/spatialRaster/cellSizeYDirection
KUBI,04011-metadata.xml,/eml:eml/dataset/spatialRaster/numberOfBands
KUBI,04011-metadata.xml,/eml:eml/dataset/spatialRaster/rasterOrigin
KUBI,04011-metadata.xml,/eml:eml/dataset/spatialRaster/rows
KUBI,04011-metadata.xml,/eml:eml/dataset/spatialRaster/columns
KUBI,04011-metadata.xml,/eml:eml/dataset/spatialRaster/verticals
KUBI,04011-metadata.xml,/eml:eml/dataset/spatialRaster/cellGeometry
KUBI,04011-metadata.xml,/eml:eml/additionalMetadata/metadata/unitList/ns2:unit/@id
KUBI,04011-metadata.xml,/eml:eml/additionalMetadata/metadata/unitList/ns2:unit/@multiplierToSI
KUBI,04011-metadata.xml,/eml:eml/additionalMetadata/metadata/unitList/ns2:unit/@parentSI
KUBI,04011-metadata.xml,/eml:eml/additionalMetadata/metadata/unitList/ns2:unit/ns2:description
KUBI,04012-metadata.xml,/eml:eml/@packageId
KUBI,04012-metadata.xml,/eml:eml/@system
KUBI,04012-metadata.xml,/eml:eml/@xsi:schemaLocation
KUBI,04012-metadata.xml,/eml:eml/dataset/title
KUBI,04012-metadata.xml,/eml:eml/dataset/creator/organizationName
KUBI,04012-metadata.xml,/eml:eml/dataset/keywordSet/keyword
KUBI,04012-metadata.xml,/eml:eml/dataset/keywordSet/keyword
KUBI,04012-metadata.xml,/eml:eml/dataset/keywordSet/keyword
KUBI,04012-metadata.xml,/eml:eml/dataset/keywordSet/keyword
KUBI,04012-metadata.xml,/eml:eml/dataset/keywordSet/keyword
KUBI,04012-metadata.xml,/eml:eml/dataset/coverage/geographicCoverage/geographicDescription
KUBI,04012-metadata.xml,/eml:eml/dataset/coverage/geographicCoverage/boundingCoordinates/westBoundingCoordinate
KUBI,04012-metadata.xml,/eml:eml/dataset/coverage/geographicCoverage/boundingCoordinates/eastBoundingCoordinate
KUBI,04012-metadata.xml,/eml:eml/dataset/coverage/geographicCoverage/boundingCoordinates/northBoundingCoordinate
KUBI,04012-metadata.xml,/eml:eml/dataset/coverage/geographicCoverage/boundingCoordinates/southBoundingCoordinate
KUBI,04012-metadata.xml,/eml:eml/dataset/coverage/temporalCoverage/rangeOfDates/beginDate/calendarDate
KUBI,04012-metadata.xml,/eml:eml/dataset/coverage/temporalCoverage/rangeOfDates/endDate/calendarDate
KUBI,04012-metadata.xml,/eml:eml/dataset/contact/organizationName
KUBI,04012-metadata.xml,/eml:eml/dataset/contact/address/deliveryPoint
KUBI,04012-metadata.xml,/eml:eml/dataset/contact/address/city
KUBI,04012-metadata.xml,/eml:eml/dataset/contact/address/administrativeArea
KUBI,04012-metadata.xml,/eml:eml/dataset/contact/address/postalCode
KUBI,04012-metadata.xml,/eml:eml/dataset/contact/address/country
KUBI,04012-metadata.xml,/eml:eml/dataset/contact/electronicMailAddress
KUBI,04012-metadata.xml,/eml:eml/dataset/contact/onlineUrl
KUBI,04012-metadata.xml,/eml:eml/dataset/spatialRaster/entityName
KUBI,04012-metadata.xml,/eml:eml/dataset/spatialRaster/physical/objectName
KUBI,04012-metadata.xml,/eml:eml/dataset/spatialRaster/physical/dataFormat/externallyDefinedFormat/formatName
KUBI,04012-metadata.xml,/eml:eml/dataset/spatialRaster/physical/distribution/online/url
KUBI,04012-metadata.xml,/eml:eml/dataset/spatialRaster/physical/distribution/online/url/@function
KUBI,04012-metadata.xml,/eml:eml/dataset/spatialRaster/attributeList/attribute/attributeName
KUBI,04012-metadata.xml,/eml:eml/dataset/spatialRaster/attributeList/attribute/attributeDefinition
KUBI,04012-metadata.xml,/eml:eml/dataset/spatialRaster/attributeList/attribute/storageType
KUBI,04012-metadata.xml,/eml:eml/dataset/spatialRaster/attributeList/attribute/measurementScale/interval/unit/customUnit
KUBI,04012-metadata.xml,/eml:eml/dataset/spatialRaster/attributeList/attribute/measurementScale/interval/numericDomain/numberType
KUBI,04012-metadata.xml,/eml:eml/dataset/spatialRaster/attributeList/attribute/measurementScale/interval/numericDomain/bounds/minimum
KUBI,04012-metadata.xml,/eml:eml/dataset/spatialRaster/attributeList/attribute/measurementScale/interval/numericDomain/bounds/minimum/@exclusive
KUBI,04012-metadata.xml,/eml:eml/dataset/spatialRaster/attributeList/attribute/measurementScale/interval/numericDomain/bounds/maximum
KUBI,04012-metadata.xml,/eml:eml/dataset/spatialRaster/attributeList/attribute/measurementScale/interval/numericDomain/bounds/maximum/@exclusive
KUBI,04012-metadata.xml,/eml:eml/dataset/spatialRaster/spatialReference/horizCoordSysDef/@name
KUBI,04012-metadata.xml,/eml:eml/dataset/spatialRaster/spatialReference/horizCoordSysDef/geogCoordSys/datum/@name
KUBI,04012-metadata.xml,/eml:eml/dataset/spatialRaster/spatialReference/horizCoordSysDef/geogCoordSys/spheroid/@denomFlatRatio
KUBI,04012-metadata.xml,/eml:eml/dataset/spatialRaster/spatialReference/horizCoordSysDef/geogCoordSys/spheroid/@name
KUBI,04012-metadata.xml,/eml:eml/dataset/spatialRaster/spatialReference/horizCoordSysDef/geogCoordSys/spheroid/@semiAxisMajor
KUBI,04012-metadata.xml,/eml:eml/dataset/spatialRaster/spatialReference/horizCoordSysDef/geogCoordSys/primeMeridian/@longitude
KUBI,04012-metadata.xml,/eml:eml/dataset/spatialRaster/spatialReference/horizCoordSysDef/geogCoordSys/primeMeridian/@name
KUBI,04012-metadata.xml,/eml:eml/dataset/spatialRaster/spatialReference/horizCoordSysDef/geogCoordSys/unit/@name
KUBI,04012-metadata.xml,/eml:eml/dataset/spatialRaster/horizontalAccuracy/accuracyReport
KUBI,04012-metadata.xml,/eml:eml/dataset/spatialRaster/verticalAccuracy/accuracyReport
KUBI,04012-metadata.xml,/eml:eml/dataset/spatialRaster/cellSizeXDirection
KUBI,04012-metadata.xml,/eml:eml/dataset/spatialRaster/cellSizeYDirection
KUBI,04012-metadata.xml,/eml:eml/dataset/spatialRaster/numberOfBands
KUBI,04012-metadata.xml,/eml:eml/dataset/spatialRaster/rasterOrigin
KUBI,04012-metadata.xml,/eml:eml/dataset/spatialRaster/rows
KUBI,04012-metadata.xml,/eml:eml/dataset/spatialRaster/columns
KUBI,04012-metadata.xml,/eml:eml/dataset/spatialRaster/verticals
KUBI,04012-metadata.xml,/eml:eml/dataset/spatialRaster/cellGeometry
KUBI,04012-metadata.xml,/eml:eml/additionalMetadata/metadata/unitList/ns2:unit/@id
KUBI,04012-metadata.xml,/eml:eml/additionalMetadata/metadata/unitList/ns2:unit/@multiplierToSI
KUBI,04012-metadata.xml,/eml:eml/additionalMetadata/metadata/unitList/ns2:unit/@parentSI
KUBI,04012-metadata.xml,/eml:eml/additionalMetadata/metadata/unitList/ns2:unit/ns2:description
KUBI,04013-metadata.xml,/eml:eml/@packageId
KUBI,04013-metadata.xml,/eml:eml/@system
KUBI,04013-metadata.xml,/eml:eml/@xsi:schemaLocation
KUBI,04013-metadata.xml,/eml:eml/dataset/title
KUBI,04013-metadata.xml,/eml:eml/dataset/creator/organizationName
KUBI,04013-metadata.xml,/eml:eml/dataset/keywordSet/keyword
KUBI,04013-metadata.xml,/eml:eml/dataset/keywordSet/keyword
KUBI,04013-metadata.xml,/eml:eml/dataset/keywordSet/keyword
KUBI,04013-metadata.xml,/eml:eml/dataset/keywordSet/keyword
KUBI,04013-metadata.xml,/eml:eml/dataset/coverage/geographicCoverage/geographicDescription
KUBI,04013-metadata.xml,/eml:eml/dataset/coverage/geographicCoverage/boundingCoordinates/westBoundingCoordinate
KUBI,04013-metadata.xml,/eml:eml/dataset/coverage/geographicCoverage/boundingCoordinates/eastBoundingCoordinate
KUBI,04013-metadata.xml,/eml:eml/dataset/coverage/geographicCoverage/boundingCoordinates/northBoundingCoordinate
KUBI,04013-metadata.xml,/eml:eml/dataset/coverage/geographicCoverage/boundingCoordinates/southBoundingCoordinate
KUBI,04013-metadata.xml,/eml:eml/dataset/coverage/temporalCoverage/rangeOfDates/beginDate/calendarDate
KUBI,04013-metadata.xml,/eml:eml/dataset/coverage/temporalCoverage/rangeOfDates/endDate/calendarDate
KUBI,04013-metadata.xml,/eml:eml/dataset/contact/organizationName
KUBI,04013-metadata.xml,/eml:eml/dataset/contact/address/deliveryPoint
KUBI,04013-metadata.xml,/eml:eml/dataset/contact/address/city
KUBI,04013-metadata.xml,/eml:eml/dataset/contact/address/administrativeArea
KUBI,04013-metadata.xml,/eml:eml/dataset/contact/address/postalCode
KUBI,04013-metadata.xml,/eml:eml/dataset/contact/address/country
KUBI,04013-metadata.xml,/eml:eml/dataset/contact/electronicMailAddress
KUBI,04013-metadata.xml,/eml:eml/dataset/contact/onlineUrl
KUBI,04013-metadata.xml,/eml:eml/dataset/spatialRaster/entityName
KUBI,04013-metadata.xml,/eml:eml/dataset/spatialRaster/physical/objectName
KUBI,04013-metadata.xml,/eml:eml/dataset/spatialRaster/physical/dataFormat/externallyDefinedFormat/formatName
KUBI,04013-metadata.xml,/eml:eml/dataset/spatialRaster/physical/distribution/online/url
KUBI,04013-metadata.xml,/eml:eml/dataset/spatialRaster/physical/distribution/online/url/@function
KUBI,04013-metadata.xml,/eml:eml/dataset/spatialRaster/attributeList/attribute/attributeName
KUBI,04013-metadata.xml,/eml:eml/dataset/spatialRaster/attributeList/attribute/attributeDefinition
KUBI,04013-metadata.xml,/eml:eml/dataset/spatialRaster/attributeList/attribute/storageType
KUBI,04013-metadata.xml,/eml:eml/dataset/spatialRaster/attributeList/attribute/measurementScale/interval/unit/standardUnit
KUBI,04013-metadata.xml,/eml:eml/dataset/spatialRaster/attributeList/attribute/measurementScale/interval/numericDomain/numberType
KUBI,04013-metadata.xml,/eml:eml/dataset/spatialRaster/attributeList/attribute/measurementScale/interval/numericDomain/bounds/minimum
KUBI,04013-metadata.xml,/eml:eml/dataset/spatialRaster/attributeList/attribute/measurementScale/interval/numericDomain/bounds/minimum/@exclusive
KUBI,04013-metadata.xml,/eml:eml/dataset/spatialRaster/attributeList/attribute/measurementScale/interval/numericDomain/bounds/maximum
KUBI,04013-metadata.xml,/eml:eml/dataset/spatialRaster/attributeList/attribute/measurementScale/interval/numericDomain/bounds/maximum/@exclusive
KUBI,04013-metadata.xml,/eml:eml/dataset/spatialRaster/spatialReference/horizCoordSysDef/@name
KUBI,04013-metadata.xml,/eml:eml/dataset/spatialRaster/spatialReference/horizCoordSysDef/geogCoordSys/datum/@name
KUBI,04013-metadata.xml,/eml:eml/dataset/spatialRaster/spatialReference/horizCoordSysDef/geogCoordSys/spheroid/@denomFlatRatio
KUBI,04013-metadata.xml,/eml:eml/dataset/spatialRaster/spatialReference/horizCoordSysDef/geogCoordSys/spheroid/@name
KUBI,04013-metadata.xml,/eml:eml/dataset/spatialRaster/spatialReference/horizCoordSysDef/geogCoordSys/spheroid/@semiAxisMajor
KUBI,04013-metadata.xml,/eml:eml/dataset/spatialRaster/spatialReference/horizCoordSysDef/geogCoordSys/primeMeridian/@longitude
KUBI,04013-metadata.xml,/eml:eml/dataset/spatialRaster/spatialReference/horizCoordSysDef/geogCoordSys/primeMeridian/@name
KUBI,04013-metadata.xml,/eml:eml/dataset/spatialRaster/spatialReference/horizCoordSysDef/geogCoordSys/unit/@name
KUBI,04013-metadata.xml,/eml:eml/dataset/spatialRaster/horizontalAccuracy/accuracyReport
KUBI,04013-metadata.xml,/eml:eml/dataset/spatialRaster/verticalAccuracy/accuracyReport
KUBI,04013-metadata.xml,/eml:eml/dataset/spatialRaster/cellSizeXDirection
KUBI,04013-metadata.xml,/eml:eml/dataset/spatialRaster/cellSizeYDirection
KUBI,04013-metadata.xml,/eml:eml/dataset/spatialRaster/numberOfBands
KUBI,04013-metadata.xml,/eml:eml/dataset/spatialRaster/rasterOrigin
KUBI,04013-metadata.xml,/eml:eml/dataset/spatialRaster/rows
KUBI,04013-metadata.xml,/eml:eml/dataset/spatialRaster/columns
KUBI,04013-metadata.xml,/eml:eml/dataset/spatialRaster/verticals
KUBI,04013-metadata.xml,/eml:eml/dataset/spatialRaster/cellGeometry
KUBI,04014-metadata.xml,/eml:eml/@packageId
KUBI,04014-metadata.xml,/eml:eml/@system
KUBI,04014-metadata.xml,/eml:eml/@xsi:schemaLocation
KUBI,04014-metadata.xml,/eml:eml/dataset/title
KUBI,04014-metadata.xml,/eml:eml/dataset/creator/organizationName
KUBI,04014-metadata.xml,/eml:eml/dataset/keywordSet/keyword
KUBI,04014-metadata.xml,/eml:eml/dataset/keywordSet/keyword
KUBI,04014-metadata.xml,/eml:eml/dataset/keywordSet/keyword
KUBI,04014-metadata.xml,/eml:eml/dataset/keywordSet/keyword
KUBI,04014-metadata.xml,/eml:eml/dataset/coverage/geographicCoverage/geographicDescription
KUBI,04014-metadata.xml,/eml:eml/dataset/coverage/geographicCoverage/boundingCoordinates/westBoundingCoordinate
KUBI,04014-metadata.xml,/eml:eml/dataset/coverage/geographicCoverage/boundingCoordinates/eastBoundingCoordinate
KUBI,04014-metadata.xml,/eml:eml/dataset/coverage/geographicCoverage/boundingCoordinates/northBoundingCoordinate
KUBI,04014-metadata.xml,/eml:eml/dataset/coverage/geographicCoverage/boundingCoordinates/southBoundingCoordinate
KUBI,04014-metadata.xml,/eml:eml/dataset/coverage/temporalCoverage/rangeOfDates/beginDate/calendarDate
KUBI,04014-metadata.xml,/eml:eml/dataset/coverage/temporalCoverage/rangeOfDates/endDate/calendarDate
KUBI,04014-metadata.xml,/eml:eml/dataset/contact/organizationName
KUBI,04014-metadata.xml,/eml:eml/dataset/contact/address/deliveryPoint
KUBI,04014-metadata.xml,/eml:eml/dataset/contact/address/city
KUBI,04014-metadata.xml,/eml:eml/dataset/contact/address/administrativeArea
KUBI,04014-metadata.xml,/eml:eml/dataset/contact/address/postalCode
KUBI,04014-metadata.xml,/eml:eml/dataset/contact/address/country
KUBI,04014-metadata.xml,/eml:eml/dataset/contact/electronicMailAddress
KUBI,04014-metadata.xml,/eml:eml/dataset/contact/onlineUrl
KUBI,04014-metadata.xml,/eml:eml/dataset/spatialRaster/entityName
KUBI,04014-metadata.xml,/eml:eml/dataset/spatialRaster/physical/objectName
KUBI,04014-metadata.xml,/eml:eml/dataset/spatialRaster/physical/dataFormat/externallyDefinedFormat/formatName
KUBI,04014-metadata.xml,/eml:eml/dataset/spatialRaster/physical/distribution/online/url
KUBI,04014-metadata.xml,/eml:eml/dataset/spatialRaster/physical/distribution/online/url/@function
KUBI,04014-metadata.xml,/eml:eml/dataset/spatialRaster/attributeList/attribute/attributeName
KUBI,04014-metadata.xml,/eml:eml/dataset/spatialRaster/attributeList/attribute/attributeDefinition
KUBI,04014-metadata.xml,/eml:eml/dataset/spatialRaster/attributeList/attribute/storageType
KUBI,04014-metadata.xml,/eml:eml/dataset/spatialRaster/attributeList/attribute/measurementScale/interval/unit/standardUnit
KUBI,04014-metadata.xml,/eml:eml/dataset/spatialRaster/attributeList/attribute/measurementScale/interval/numericDomain/numberType
KUBI,04014-metadata.xml,/eml:eml/dataset/spatialRaster/attributeList/attribute/measurementScale/interval/numericDomain/bounds/minimum
KUBI,04014-metadata.xml,/eml:eml/dataset/spatialRaster/attributeList/attribute/measurementScale/interval/numericDomain/bounds/minimum/@exclusive
KUBI,04014-metadata.xml,/eml:eml/dataset/spatialRaster/attributeList/attribute/measurementScale/interval/numericDomain/bounds/maximum
KUBI,04014-metadata.xml,/eml:eml/dataset/spatialRaster/attributeList/attribute/measurementScale/interval/numericDomain/bounds/maximum/@exclusive
KUBI,04014-metadata.xml,/eml:eml/dataset/spatialRaster/spatialReference/horizCoordSysDef/@name
KUBI,04014-metadata.xml,/eml:eml/dataset/spatialRaster/spatialReference/horizCoordSysDef/geogCoordSys/datum/@name
KUBI,04014-metadata.xml,/eml:eml/dataset/spatialRaster/spatialReference/horizCoordSysDef/geogCoordSys/spheroid/@denomFlatRatio
KUBI,04014-metadata.xml,/eml:eml/dataset/spatialRaster/spatialReference/horizCoordSysDef/geogCoordSys/spheroid/@name
KUBI,04014-metadata.xml,/eml:eml/dataset/spatialRaster/spatialReference/horizCoordSysDef/geogCoordSys/spheroid/@semiAxisMajor
KUBI,04014-metadata.xml,/eml:eml/dataset/spatialRaster/spatialReference/horizCoordSysDef/geogCoordSys/primeMeridian/@longitude
KUBI,04014-metadata.xml,/eml:eml/dataset/spatialRaster/spatialReference/horizCoordSysDef/geogCoordSys/primeMeridian/@name
KUBI,04014-metadata.xml,/eml:eml/dataset/spatialRaster/spatialReference/horizCoordSysDef/geogCoordSys/unit/@name
KUBI,04014-metadata.xml,/eml:eml/dataset/spatialRaster/horizontalAccuracy/accuracyReport
KUBI,04014-metadata.xml,/eml:eml/dataset/spatialRaster/verticalAccuracy/accuracyReport
KUBI,04014-metadata.xml,/eml:eml/dataset/spatialRaster/cellSizeXDirection
KUBI,04014-metadata.xml,/eml:eml/dataset/spatialRaster/cellSizeYDirection
KUBI,04014-metadata.xml,/eml:eml/dataset/spatialRaster/numberOfBands
KUBI,04014-metadata.xml,/eml:eml/dataset/spatialRaster/rasterOrigin
KUBI,04014-metadata.xml,/eml:eml/dataset/spatialRaster/rows
KUBI,04014-metadata.xml,/eml:eml/dataset/spatialRaster/columns
KUBI,04014-metadata.xml,/eml:eml/dataset/spatialRaster/verticals
KUBI,04014-metadata.xml,/eml:eml/dataset/spatialRaster/cellGeometry
KUBI,04015-metadata.xml,/eml:eml/@packageId
KUBI,04015-metadata.xml,/eml:eml/@system
KUBI,04015-metadata.xml,/eml:eml/@xsi:schemaLocation
KUBI,04015-metadata.xml,/eml:eml/dataset/title
KUBI,04015-metadata.xml,/eml:eml/dataset/creator/organizationName
KUBI,04015-metadata.xml,/eml:eml/dataset/keywordSet/keyword
KUBI,04015-metadata.xml,/eml:eml/dataset/keywordSet/keyword
KUBI,04015-metadata.xml,/eml:eml/dataset/keywordSet/keyword
KUBI,04015-metadata.xml,/eml:eml/dataset/keywordSet/keyword
KUBI,04015-metadata.xml,/eml:eml/dataset/coverage/geographicCoverage/geographicDescription
KUBI,04015-metadata.xml,/eml:eml/dataset/coverage/geographicCoverage/boundingCoordinates/westBoundingCoordinate
KUBI,04015-metadata.xml,/eml:eml/dataset/coverage/geographicCoverage/boundingCoordinates/eastBoundingCoordinate
KUBI,04015-metadata.xml,/eml:eml/dataset/coverage/geographicCoverage/boundingCoordinates/northBoundingCoordinate
KUBI,04015-metadata.xml,/eml:eml/dataset/coverage/geographicCoverage/boundingCoordinates/southBoundingCoordinate
KUBI,04015-metadata.xml,/eml:eml/dataset/coverage/temporalCoverage/rangeOfDates/beginDate/calendarDate
KUBI,04015-metadata.xml,/eml:eml/dataset/coverage/temporalCoverage/rangeOfDates/endDate/calendarDate
KUBI,04015-metadata.xml,/eml:eml/dataset/contact/organizationName
KUBI,04015-metadata.xml,/eml:eml/dataset/contact/address/deliveryPoint
KUBI,04015-metadata.xml,/eml:eml/dataset/contact/address/city
KUBI,04015-metadata.xml,/eml:eml/dataset/contact/address/administrativeArea
KUBI,04015-metadata.xml,/eml:eml/dataset/contact/address/postalCode
KUBI,04015-metadata.xml,/eml:eml/dataset/contact/address/country
KUBI,04015-metadata.xml,/eml:eml/dataset/contact/electronicMailAddress
KUBI,04015-metadata.xml,/eml:eml/dataset/contact/onlineUrl
KUBI,04015-metadata.xml,/eml:eml/dataset/spatialRaster/entityName
KUBI,04015-metadata.xml,/eml:eml/dataset/spatialRaster/physical/objectName
KUBI,04015-metadata.xml,/eml:eml/dataset/spatialRaster/physical/dataFormat/externallyDefinedFormat/formatName
KUBI,04015-metadata.xml,/eml:eml/dataset/spatialRaster/physical/distribution/online/url
KUBI,04015-metadata.xml,/eml:eml/dataset/spatialRaster/physical/distribution/online/url/@function
KUBI,04015-metadata.xml,/eml:eml/dataset/spatialRaster/attributeList/attribute/attributeName
KUBI,04015-metadata.xml,/eml:eml/dataset/spatialRaster/attributeList/attribute/attributeDefinition
KUBI,04015-metadata.xml,/eml:eml/dataset/spatialRaster/attributeList/attribute/storageType
KUBI,04015-metadata.xml,/eml:eml/dataset/spatialRaster/attributeList/attribute/measurementScale/interval/unit/customUnit
KUBI,04015-metadata.xml,/eml:eml/dataset/spatialRaster/attributeList/attribute/measurementScale/interval/numericDomain/numberType
KUBI,04015-metadata.xml,/eml:eml/dataset/spatialRaster/attributeList/attribute/measurementScale/interval/numericDomain/bounds/minimum
KUBI,04015-metadata.xml,/eml:eml/dataset/spatialRaster/attributeList/attribute/measurementScale/interval/numericDomain/bounds/minimum/@exclusive
KUBI,04015-metadata.xml,/eml:eml/dataset/spatialRaster/attributeList/attribute/measurementScale/interval/numericDomain/bounds/maximum
KUBI,04015-metadata.xml,/eml:eml/dataset/spatialRaster/attributeList/attribute/measurementScale/interval/numericDomain/bounds/maximum/@exclusive
KUBI,04015-metadata.xml,/eml:eml/dataset/spatialRaster/spatialReference/horizCoordSysDef/@name
KUBI,04015-metadata.xml,/eml:eml/dataset/spatialRaster/spatialReference/horizCoordSysDef/geogCoordSys/datum/@name
KUBI,04015-metadata.xml,/eml:eml/dataset/spatialRaster/spatialReference/horizCoordSysDef/geogCoordSys/spheroid/@denomFlatRatio
KUBI,04015-metadata.xml,/eml:eml/dataset/spatialRaster/spatialReference/horizCoordSysDef/geogCoordSys/spheroid/@name
KUBI,04015-metadata.xml,/eml:eml/dataset/spatialRaster/spatialReference/horizCoordSysDef/geogCoordSys/spheroid/@semiAxisMajor
KUBI,04015-metadata.xml,/eml:eml/dataset/spatialRaster/spatialReference/horizCoordSysDef/geogCoordSys/primeMeridian/@longitude
KUBI,04015-metadata.xml,/eml:eml/dataset/spatialRaster/spatialReference/horizCoordSysDef/geogCoordSys/primeMeridian/@name
KUBI,04015-metadata.xml,/eml:eml/dataset/spatialRaster/spatialReference/horizCoordSysDef/geogCoordSys/unit/@name
KUBI,04015-metadata.xml,/eml:eml/dataset/spatialRaster/horizontalAccuracy/accuracyReport
KUBI,04015-metadata.xml,/eml:eml/dataset/spatialRaster/verticalAccuracy/accuracyReport
KUBI,04015-metadata.xml,/eml:eml/dataset/spatialRaster/cellSizeXDirection
KUBI,04015-metadata.xml,/eml:eml/dataset/spatialRaster/cellSizeYDirection
KUBI,04015-metadata.xml,/eml:eml/dataset/spatialRaster/numberOfBands
KUBI,04015-metadata.xml,/eml:eml/dataset/spatialRaster/rasterOrigin
KUBI,04015-metadata.xml,/eml:eml/dataset/spatialRaster/rows
KUBI,04015-metadata.xml,/eml:eml/dataset/spatialRaster/columns
KUBI,04015-metadata.xml,/eml:eml/dataset/spatialRaster/verticals
KUBI,04015-metadata.xml,/eml:eml/dataset/spatialRaster/cellGeometry
KUBI,04015-metadata.xml,/eml:eml/additionalMetadata/metadata/unitList/ns2:unit/@id
KUBI,04015-metadata.xml,/eml:eml/additionalMetadata/metadata/unitList/ns2:unit/ns2:description
KUBI,04016-metadata.xml,/eml:eml/@packageId
KUBI,04016-metadata.xml,/eml:eml/@system
KUBI,04016-metadata.xml,/eml:eml/@xsi:schemaLocation
KUBI,04016-metadata.xml,/eml:eml/dataset/title
KUBI,04016-metadata.xml,/eml:eml/dataset/creator/organizationName
KUBI,04016-metadata.xml,/eml:eml/dataset/keywordSet/keyword
KUBI,04016-metadata.xml,/eml:eml/dataset/keywordSet/keyword
KUBI,04016-metadata.xml,/eml:eml/dataset/keywordSet/keyword
KUBI,04016-metadata.xml,/eml:eml/dataset/keywordSet/keyword
KUBI,04016-metadata.xml,/eml:eml/dataset/coverage/geographicCoverage/geographicDescription
KUBI,04016-metadata.xml,/eml:eml/dataset/coverage/geographicCoverage/boundingCoordinates/westBoundingCoordinate
KUBI,04016-metadata.xml,/eml:eml/dataset/coverage/geographicCoverage/boundingCoordinates/eastBoundingCoordinate
KUBI,04016-metadata.xml,/eml:eml/dataset/coverage/geographicCoverage/boundingCoordinates/northBoundingCoordinate
KUBI,04016-metadata.xml,/eml:eml/dataset/coverage/geographicCoverage/boundingCoordinates/southBoundingCoordinate
KUBI,04016-metadata.xml,/eml:eml/dataset/coverage/temporalCoverage/rangeOfDates/beginDate/calendarDate
KUBI,04016-metadata.xml,/eml:eml/dataset/coverage/temporalCoverage/rangeOfDates/endDate/calendarDate
KUBI,04016-metadata.xml,/eml:eml/dataset/contact/organizationName
KUBI,04016-metadata.xml,/eml:eml/dataset/contact/address/deliveryPoint
KUBI,04016-metadata.xml,/eml:eml/dataset/contact/address/city
KUBI,04016-metadata.xml,/eml:eml/dataset/contact/address/administrativeArea
KUBI,04016-metadata.xml,/eml:eml/dataset/contact/address/postalCode
KUBI,04016-metadata.xml,/eml:eml/dataset/contact/address/country
KUBI,04016-metadata.xml,/eml:eml/dataset/contact/electronicMailAddress
KUBI,04016-metadata.xml,/eml:eml/dataset/contact/onlineUrl
KUBI,04016-metadata.xml,/eml:eml/dataset/spatialRaster/entityName
KUBI,04016-metadata.xml,/eml:eml/dataset/spatialRaster/physical/objectName
KUBI,04016-metadata.xml,/eml:eml/dataset/spatialRaster/physical/dataFormat/externallyDefinedFormat/formatName
KUBI,04016-metadata.xml,/eml:eml/dataset/spatialRaster/physical/distribution/online/url
KUBI,04016-metadata.xml,/eml:eml/dataset/spatialRaster/physical/distribution/online/url/@function
KUBI,04016-metadata.xml,/eml:eml/dataset/spatialRaster/attributeList/attribute/attributeName
KUBI,04016-metadata.xml,/eml:eml/dataset/spatialRaster/attributeList/attribute/attributeDefinition
KUBI,04016-metadata.xml,/eml:eml/dataset/spatialRaster/attributeList/attribute/storageType
KUBI,04016-metadata.xml,/eml:eml/dataset/spatialRaster/attributeList/attribute/measurementScale/interval/unit/customUnit
KUBI,04016-metadata.xml,/eml:eml/dataset/spatialRaster/attributeList/attribute/measurementScale/interval/numericDomain/numberType
KUBI,04016-metadata.xml,/eml:eml/dataset/spatialRaster/attributeList/attribute/measurementScale/interval/numericDomain/bounds/minimum
KUBI,04016-metadata.xml,/eml:eml/dataset/spatialRaster/attributeList/attribute/measurementScale/interval/numericDomain/bounds/minimum/@exclusive
KUBI,04016-metadata.xml,/eml:eml/dataset/spatialRaster/attributeList/attribute/measurementScale/interval/numericDomain/bounds/maximum
KUBI,04016-metadata.xml,/eml:eml/dataset/spatialRaster/attributeList/attribute/measurementScale/interval/numericDomain/bounds/maximum/@exclusive
KUBI,04016-metadata.xml,/eml:eml/dataset/spatialRaster/spatialReference/horizCoordSysDef/@name
KUBI,04016-metadata.xml,/eml:eml/dataset/spatialRaster/spatialReference/horizCoordSysDef/geogCoordSys/datum/@name
KUBI,04016-metadata.xml,/eml:eml/dataset/spatialRaster/spatialReference/horizCoordSysDef/geogCoordSys/spheroid/@denomFlatRatio
KUBI,04016-metadata.xml,/eml:eml/dataset/spatialRaster/spatialReference/horizCoordSysDef/geogCoordSys/spheroid/@name
KUBI,04016-metadata.xml,/eml:eml/dataset/spatialRaster/spatialReference/horizCoordSysDef/geogCoordSys/spheroid/@semiAxisMajor
KUBI,04016-metadata.xml,/eml:eml/dataset/spatialRaster/spatialReference/horizCoordSysDef/geogCoordSys/primeMeridian/@longitude
KUBI,04016-metadata.xml,/eml:eml/dataset/spatialRaster/spatialReference/horizCoordSysDef/geogCoordSys/primeMeridian/@name
KUBI,04016-metadata.xml,/eml:eml/dataset/spatialRaster/spatialReference/horizCoordSysDef/geogCoordSys/unit/@name
KUBI,04016-metadata.xml,/eml:eml/dataset/spatialRaster/horizontalAccuracy/accuracyReport
KUBI,04016-metadata.xml,/eml:eml/dataset/spatialRaster/verticalAccuracy/accuracyReport
KUBI,04016-metadata.xml,/eml:eml/dataset/spatialRaster/cellSizeXDirection
KUBI,04016-metadata.xml,/eml:eml/dataset/spatialRaster/cellSizeYDirection
KUBI,04016-metadata.xml,/eml:eml/dataset/spatialRaster/numberOfBands
KUBI,04016-metadata.xml,/eml:eml/dataset/spatialRaster/rasterOrigin
KUBI,04016-metadata.xml,/eml:eml/dataset/spatialRaster/rows
KUBI,04016-metadata.xml,/eml:eml/dataset/spatialRaster/columns
KUBI,04016-metadata.xml,/eml:eml/dataset/spatialRaster/verticals
KUBI,04016-metadata.xml,/eml:eml/dataset/spatialRaster/cellGeometry
KUBI,04016-metadata.xml,/eml:eml/additionalMetadata/metadata/unitList/ns2:unit/@id
KUBI,04016-metadata.xml,/eml:eml/additionalMetadata/metadata/unitList/ns2:unit/@multiplierToSI
KUBI,04016-metadata.xml,/eml:eml/additionalMetadata/metadata/unitList/ns2:unit/@parentSI
KUBI,04016-metadata.xml,/eml:eml/additionalMetadata/metadata/unitList/ns2:unit/ns2:description
KUBI,04017-metadata.xml,/eml:eml/@packageId
KUBI,04017-metadata.xml,/eml:eml/@system
KUBI,04017-metadata.xml,/eml:eml/@xsi:schemaLocation
KUBI,04017-metadata.xml,/eml:eml/dataset/title
KUBI,04017-metadata.xml,/eml:eml/dataset/creator/organizationName
KUBI,04017-metadata.xml,/eml:eml/dataset/keywordSet/keyword
KUBI,04017-metadata.xml,/eml:eml/dataset/keywordSet/keyword
KUBI,04017-metadata.xml,/eml:eml/dataset/keywordSet/keyword
KUBI,04017-metadata.xml,/eml:eml/dataset/keywordSet/keyword
KUBI,04017-metadata.xml,/eml:eml/dataset/coverage/geographicCoverage/geographicDescription
KUBI,04017-metadata.xml,/eml:eml/dataset/coverage/geographicCoverage/boundingCoordinates/westBoundingCoordinate
KUBI,04017-metadata.xml,/eml:eml/dataset/coverage/geographicCoverage/boundingCoordinates/eastBoundingCoordinate
KUBI,04017-metadata.xml,/eml:eml/dataset/coverage/geographicCoverage/boundingCoordinates/northBoundingCoordinate
KUBI,04017-metadata.xml,/eml:eml/dataset/coverage/geographicCoverage/boundingCoordinates/southBoundingCoordinate
KUBI,04017-metadata.xml,/eml:eml/dataset/coverage/temporalCoverage/rangeOfDates/beginDate/calendarDate
KUBI,04017-metadata.xml,/eml:eml/dataset/coverage/temporalCoverage/rangeOfDates/endDate/calendarDate
KUBI,04017-metadata.xml,/eml:eml/dataset/contact/organizationName
KUBI,04017-metadata.xml,/eml:eml/dataset/contact/address/deliveryPoint
KUBI,04017-metadata.xml,/eml:eml/dataset/contact/address/city
KUBI,04017-metadata.xml,/eml:eml/dataset/contact/address/administrativeArea
KUBI,04017-metadata.xml,/eml:eml/dataset/contact/address/postalCode
KUBI,04017-metadata.xml,/eml:eml/dataset/contact/address/country
KUBI,04017-metadata.xml,/eml:eml/dataset/contact/electronicMailAddress
KUBI,04017-metadata.xml,/eml:eml/dataset/contact/onlineUrl
KUBI,04017-metadata.xml,/eml:eml/dataset/spatialRaster/entityName
KUBI,04017-metadata.xml,/eml:eml/dataset/spatialRaster/physical/objectName
KUBI,04017-metadata.xml,/eml:eml/dataset/spatialRaster/physical/dataFormat/externallyDefinedFormat/formatName
KUBI,04017-metadata.xml,/eml:eml/dataset/spatialRaster/physical/distribution/online/url
KUBI,04017-metadata.xml,/eml:eml/dataset/spatialRaster/physical/distribution/online/url/@function
KUBI,04017-metadata.xml,/eml:eml/dataset/spatialRaster/attributeList/attribute/attributeName
KUBI,04017-metadata.xml,/eml:eml/dataset/spatialRaster/attributeList/attribute/attributeDefinition
KUBI,04017-metadata.xml,/eml:eml/dataset/spatialRaster/attributeList/attribute/storageType
KUBI,04017-metadata.xml,/eml:eml/dataset/spatialRaster/attributeList/attribute/measurementScale/interval/unit/customUnit
KUBI,04017-metadata.xml,/eml:eml/dataset/spatialRaster/attributeList/attribute/measurementScale/interval/numericDomain/numberType
KUBI,04017-metadata.xml,/eml:eml/dataset/spatialRaster/attributeList/attribute/measurementScale/interval/numericDomain/bounds/minimum
KUBI,04017-metadata.xml,/eml:eml/dataset/spatialRaster/attributeList/attribute/measurementScale/interval/numericDomain/bounds/minimum/@exclusive
KUBI,04017-metadata.xml,/eml:eml/dataset/spatialRaster/attributeList/attribute/measurementScale/interval/numericDomain/bounds/maximum
KUBI,04017-metadata.xml,/eml:eml/dataset/spatialRaster/attributeList/attribute/measurementScale/interval/numericDomain/bounds/maximum/@exclusive
KUBI,04017-metadata.xml,/eml:eml/dataset/spatialRaster/spatialReference/horizCoordSysDef/@name
KUBI,04017-metadata.xml,/eml:eml/dataset/spatialRaster/spatialReference/horizCoordSysDef/geogCoordSys/datum/@name
KUBI,04017-metadata.xml,/eml:eml/dataset/spatialRaster/spatialReference/horizCoordSysDef/geogCoordSys/spheroid/@denomFlatRatio
KUBI,04017-metadata.xml,/eml:eml/dataset/spatialRaster/spatialReference/horizCoordSysDef/geogCoordSys/spheroid/@name
KUBI,04017-metadata.xml,/eml:eml/dataset/spatialRaster/spatialReference/horizCoordSysDef/geogCoordSys/spheroid/@semiAxisMajor
KUBI,04017-metadata.xml,/eml:eml/dataset/spatialRaster/spatialReference/horizCoordSysDef/geogCoordSys/primeMeridian/@longitude
KUBI,04017-metadata.xml,/eml:eml/dataset/spatialRaster/spatialReference/horizCoordSysDef/geogCoordSys/primeMeridian/@name
KUBI,04017-metadata.xml,/eml:eml/dataset/spatialRaster/spatialReference/horizCoordSysDef/geogCoordSys/unit/@name
KUBI,04017-metadata.xml,/eml:eml/dataset/spatialRaster/horizontalAccuracy/accuracyReport
KUBI,04017-metadata.xml,/eml:eml/dataset/spatialRaster/verticalAccuracy/accuracyReport
KUBI,04017-metadata.xml,/eml:eml/dataset/spatialRaster/cellSizeXDirection
KUBI,04017-metadata.xml,/eml:eml/dataset/spatialRaster/cellSizeYDirection
KUBI,04017-metadata.xml,/eml:eml/dataset/spatialRaster/numberOfBands
KUBI,04017-metadata.xml,/eml:eml/dataset/spatialRaster/rasterOrigin
KUBI,04017-metadata.xml,/eml:eml/dataset/spatialRaster/rows
KUBI,04017-metadata.xml,/eml:eml/dataset/spatialRaster/columns
KUBI,04017-metadata.xml,/eml:eml/dataset/spatialRaster/verticals
KUBI,04017-metadata.xml,/eml:eml/dataset/spatialRaster/cellGeometry
KUBI,04017-metadata.xml,/eml:eml/additionalMetadata/metadata/unitList/ns2:unit/@id
KUBI,04017-metadata.xml,/eml:eml/additionalMetadata/metadata/unitList/ns2:unit/ns2:description
KUBI,04018-metadata.xml,/eml:eml/@packageId
KUBI,04018-metadata.xml,/eml:eml/@system
KUBI,04018-metadata.xml,/eml:eml/@xsi:schemaLocation
KUBI,04018-metadata.xml,/eml:eml/dataset/title
KUBI,04018-metadata.xml,/eml:eml/dataset/creator/organizationName
KUBI,04018-metadata.xml,/eml:eml/dataset/keywordSet/keyword
KUBI,04018-metadata.xml,/eml:eml/dataset/keywordSet/keyword
KUBI,04018-metadata.xml,/eml:eml/dataset/keywordSet/keyword
KUBI,04018-metadata.xml,/eml:eml/dataset/keywordSet/keyword
KUBI,04018-metadata.xml,/eml:eml/dataset/coverage/geographicCoverage/geographicDescription
KUBI,04018-metadata.xml,/eml:eml/dataset/coverage/geographicCoverage/boundingCoordinates/westBoundingCoordinate
KUBI,04018-metadata.xml,/eml:eml/dataset/coverage/geographicCoverage/boundingCoordinates/eastBoundingCoordinate
KUBI,04018-metadata.xml,/eml:eml/dataset/coverage/geographicCoverage/boundingCoordinates/northBoundingCoordinate
KUBI,04018-metadata.xml,/eml:eml/dataset/coverage/geographicCoverage/boundingCoordinates/southBoundingCoordinate
KUBI,04018-metadata.xml,/eml:eml/dataset/coverage/temporalCoverage/rangeOfDates/beginDate/calendarDate
KUBI,04018-metadata.xml,/eml:eml/dataset/coverage/temporalCoverage/rangeOfDates/endDate/calendarDate
KUBI,04018-metadata.xml,/eml:eml/dataset/contact/organizationName
KUBI,04018-metadata.xml,/eml:eml/dataset/contact/address/deliveryPoint
KUBI,04018-metadata.xml,/eml:eml/dataset/contact/address/city
KUBI,04018-metadata.xml,/eml:eml/dataset/contact/address/administrativeArea
KUBI,04018-metadata.xml,/eml:eml/dataset/contact/address/postalCode
KUBI,04018-metadata.xml,/eml:eml/dataset/contact/address/country
KUBI,04018-metadata.xml,/eml:eml/dataset/contact/electronicMailAddress
KUBI,04018-metadata.xml,/eml:eml/dataset/contact/onlineUrl
KUBI,04018-metadata.xml,/eml:eml/dataset/spatialRaster/entityName
KUBI,04018-metadata.xml,/eml:eml/dataset/spatialRaster/physical/objectName
KUBI,04018-metadata.xml,/eml:eml/dataset/spatialRaster/physical/dataFormat/externallyDefinedFormat/formatName
KUBI,04018-metadata.xml,/eml:eml/dataset/spatialRaster/physical/distribution/online/url
KUBI,04018-metadata.xml,/eml:eml/dataset/spatialRaster/physical/distribution/online/url/@function
KUBI,04018-metadata.xml,/eml:eml/dataset/spatialRaster/attributeList/attribute/attributeName
KUBI,04018-metadata.xml,/eml:eml/dataset/spatialRaster/attributeList/attribute/attributeDefinition
KUBI,04018-metadata.xml,/eml:eml/dataset/spatialRaster/attributeList/attribute/storageType
KUBI,04018-metadata.xml,/eml:eml/dataset/spatialRaster/attributeList/attribute/measurementScale/interval/unit/standardUnit
KUBI,04018-metadata.xml,/eml:eml/dataset/spatialRaster/attributeList/attribute/measurementScale/interval/numericDomain/numberType
KUBI,04018-metadata.xml,/eml:eml/dataset/spatialRaster/attributeList/attribute/measurementScale/interval/numericDomain/bounds/minimum
KUBI,04018-metadata.xml,/eml:eml/dataset/spatialRaster/attributeList/attribute/measurementScale/interval/numericDomain/bounds/minimum/@exclusive
KUBI,04018-metadata.xml,/eml:eml/dataset/spatialRaster/attributeList/attribute/measurementScale/interval/numericDomain/bounds/maximum
KUBI,04018-metadata.xml,/eml:eml/dataset/spatialRaster/attributeList/attribute/measurementScale/interval/numericDomain/bounds/maximum/@exclusive
KUBI,04018-metadata.xml,/eml:eml/dataset/spatialRaster/spatialReference/horizCoordSysDef/@name
KUBI,04018-metadata.xml,/eml:eml/dataset/spatialRaster/spatialReference/horizCoordSysDef/geogCoordSys/datum/@name
KUBI,04018-metadata.xml,/eml:eml/dataset/spatialRaster/spatialReference/horizCoordSysDef/geogCoordSys/spheroid/@denomFlatRatio
KUBI,04018-metadata.xml,/eml:eml/dataset/spatialRaster/spatialReference/horizCoordSysDef/geogCoordSys/spheroid/@name
KUBI,04018-metadata.xml,/eml:eml/dataset/spatialRaster/spatialReference/horizCoordSysDef/geogCoordSys/spheroid/@semiAxisMajor
KUBI,04018-metadata.xml,/eml:eml/dataset/spatialRaster/spatialReference/horizCoordSysDef/geogCoordSys/primeMeridian/@longitude
KUBI,04018-metadata.xml,/eml:eml/dataset/spatialRaster/spatialReference/horizCoordSysDef/geogCoordSys/primeMeridian/@name
KUBI,04018-metadata.xml,/eml:eml/dataset/spatialRaster/spatialReference/horizCoordSysDef/geogCoordSys/unit/@name
KUBI,04018-metadata.xml,/eml:eml/dataset/spatialRaster/horizontalAccuracy/accuracyReport
KUBI,04018-metadata.xml,/eml:eml/dataset/spatialRaster/verticalAccuracy/accuracyReport
KUBI,04018-metadata.xml,/eml:eml/dataset/spatialRaster/cellSizeXDirection
KUBI,04018-metadata.xml,/eml:eml/dataset/spatialRaster/cellSizeYDirection
KUBI,04018-metadata.xml,/eml:eml/dataset/spatialRaster/numberOfBands
KUBI,04018-metadata.xml,/eml:eml/dataset/spatialRaster/rasterOrigin
KUBI,04018-metadata.xml,/eml:eml/dataset/spatialRaster/rows
KUBI,04018-metadata.xml,/eml:eml/dataset/spatialRaster/columns
KUBI,04018-metadata.xml,/eml:eml/dataset/spatialRaster/verticals
KUBI,04018-metadata.xml,/eml:eml/dataset/spatialRaster/cellGeometry
KUBI,04019-metadata.xml,/eml:eml/@packageId
KUBI,04019-metadata.xml,/eml:eml/@system
KUBI,04019-metadata.xml,/eml:eml/@xsi:schemaLocation
KUBI,04019-metadata.xml,/eml:eml/dataset/title
KUBI,04019-metadata.xml,/eml:eml/dataset/creator/organizationName
KUBI,04019-metadata.xml,/eml:eml/dataset/keywordSet/keyword
KUBI,04019-metadata.xml,/eml:eml/dataset/keywordSet/keyword
KUBI,04019-metadata.xml,/eml:eml/dataset/keywordSet/keyword
KUBI,04019-metadata.xml,/eml:eml/dataset/keywordSet/keyword
KUBI,04019-metadata.xml,/eml:eml/dataset/coverage/geographicCoverage/geographicDescription
KUBI,04019-metadata.xml,/eml:eml/dataset/coverage/geographicCoverage/boundingCoordinates/westBoundingCoordinate
KUBI,04019-metadata.xml,/eml:eml/dataset/coverage/geographicCoverage/boundingCoordinates/eastBoundingCoordinate
KUBI,04019-metadata.xml,/eml:eml/dataset/coverage/geographicCoverage/boundingCoordinates/northBoundingCoordinate
KUBI,04019-metadata.xml,/eml:eml/dataset/coverage/geographicCoverage/boundingCoordinates/southBoundingCoordinate
KUBI,04019-metadata.xml,/eml:eml/dataset/coverage/temporalCoverage/rangeOfDates/beginDate/calendarDate
KUBI,04019-metadata.xml,/eml:eml/dataset/coverage/temporalCoverage/rangeOfDates/endDate/calendarDate
KUBI,04019-metadata.xml,/eml:eml/dataset/contact/organizationName
KUBI,04019-metadata.xml,/eml:eml/dataset/contact/address/deliveryPoint
KUBI,04019-metadata.xml,/eml:eml/dataset/contact/address/city
KUBI,04019-metadata.xml,/eml:eml/dataset/contact/address/administrativeArea
KUBI,04019-metadata.xml,/eml:eml/dataset/contact/address/postalCode
KUBI,04019-metadata.xml,/eml:eml/dataset/contact/address/country
KUBI,04019-metadata.xml,/eml:eml/dataset/contact/electronicMailAddress
KUBI,04019-metadata.xml,/eml:eml/dataset/contact/onlineUrl
KUBI,04019-metadata.xml,/eml:eml/dataset/spatialRaster/entityName
KUBI,04019-metadata.xml,/eml:eml/dataset/spatialRaster/physical/objectName
KUBI,04019-metadata.xml,/eml:eml/dataset/spatialRaster/physical/dataFormat/externallyDefinedFormat/formatName
KUBI,04019-metadata.xml,/eml:eml/dataset/spatialRaster/physical/distribution/online/url
KUBI,04019-metadata.xml,/eml:eml/dataset/spatialRaster/physical/distribution/online/url/@function
KUBI,04019-metadata.xml,/eml:eml/dataset/spatialRaster/attributeList/attribute/attributeName
KUBI,04019-metadata.xml,/eml:eml/dataset/spatialRaster/attributeList/attribute/attributeDefinition
KUBI,04019-metadata.xml,/eml:eml/dataset/spatialRaster/attributeList/attribute/storageType
KUBI,04019-metadata.xml,/eml:eml/dataset/spatialRaster/attributeList/attribute/measurementScale/interval/unit/standardUnit
KUBI,04019-metadata.xml,/eml:eml/dataset/spatialRaster/attributeList/attribute/measurementScale/interval/numericDomain/numberType
KUBI,04019-metadata.xml,/eml:eml/dataset/spatialRaster/attributeList/attribute/measurementScale/interval/numericDomain/bounds/minimum
KUBI,04019-metadata.xml,/eml:eml/dataset/spatialRaster/attributeList/attribute/measurementScale/interval/numericDomain/bounds/minimum/@exclusive
KUBI,04019-metadata.xml,/eml:eml/dataset/spatialRaster/attributeList/attribute/measurementScale/interval/numericDomain/bounds/maximum
KUBI,04019-metadata.xml,/eml:eml/dataset/spatialRaster/attributeList/attribute/measurementScale/interval/numericDomain/bounds/maximum/@exclusive
KUBI,04019-metadata.xml,/eml:eml/dataset/spatialRaster/spatialReference/horizCoordSysDef/@name
KUBI,04019-metadata.xml,/eml:eml/dataset/spatialRaster/spatialReference/horizCoordSysDef/geogCoordSys/datum/@name
KUBI,04019-metadata.xml,/eml:eml/dataset/spatialRaster/spatialReference/horizCoordSysDef/geogCoordSys/spheroid/@denomFlatRatio
KUBI,04019-metadata.xml,/eml:eml/dataset/spatialRaster/spatialReference/horizCoordSysDef/geogCoordSys/spheroid/@name
KUBI,04019-metadata.xml,/eml:eml/dataset/spatialRaster/spatialReference/horizCoordSysDef/geogCoordSys/spheroid/@semiAxisMajor
KUBI,04019-metadata.xml,/eml:eml/dataset/spatialRaster/spatialReference/horizCoordSysDef/geogCoordSys/primeMeridian/@longitude
KUBI,04019-metadata.xml,/eml:eml/dataset/spatialRaster/spatialReference/horizCoordSysDef/geogCoordSys/primeMeridian/@name
KUBI,04019-metadata.xml,/eml:eml/dataset/spatialRaster/spatialReference/horizCoordSysDef/geogCoordSys/unit/@name
KUBI,04019-metadata.xml,/eml:eml/dataset/spatialRaster/horizontalAccuracy/accuracyReport
KUBI,04019-metadata.xml,/eml:eml/dataset/spatialRaster/verticalAccuracy/accuracyReport
KUBI,04019-metadata.xml,/eml:eml/dataset/spatialRaster/cellSizeXDirection
KUBI,04019-metadata.xml,/eml:eml/dataset/spatialRaster/cellSizeYDirection
KUBI,04019-metadata.xml,/eml:eml/dataset/spatialRaster/numberOfBands
KUBI,04019-metadata.xml,/eml:eml/dataset/spatialRaster/rasterOrigin
KUBI,04019-metadata.xml,/eml:eml/dataset/spatialRaster/rows
KUBI,04019-metadata.xml,/eml:eml/dataset/spatialRaster/columns
KUBI,04019-metadata.xml,/eml:eml/dataset/spatialRaster/verticals
KUBI,04019-metadata.xml,/eml:eml/dataset/spatialRaster/cellGeometry
KUBI,04020-metadata.xml,/eml:eml/@packageId
KUBI,04020-metadata.xml,/eml:eml/@system
KUBI,04020-metadata.xml,/eml:eml/@xsi:schemaLocation
KUBI,04020-metadata.xml,/eml:eml/dataset/title
KUBI,04020-metadata.xml,/eml:eml/dataset/creator/organizationName
KUBI,04020-metadata.xml,/eml:eml/dataset/keywordSet/keyword
KUBI,04020-metadata.xml,/eml:eml/dataset/keywordSet/keyword
KUBI,04020-metadata.xml,/eml:eml/dataset/keywordSet/keyword
KUBI,04020-metadata.xml,/eml:eml/dataset/keywordSet/keyword
KUBI,04020-metadata.xml,/eml:eml/dataset/coverage/geographicCoverage/geographicDescription
KUBI,04020-metadata.xml,/eml:eml/dataset/coverage/geographicCoverage/boundingCoordinates/westBoundingCoordinate
KUBI,04020-metadata.xml,/eml:eml/dataset/coverage/geographicCoverage/boundingCoordinates/eastBoundingCoordinate
KUBI,04020-metadata.xml,/eml:eml/dataset/coverage/geographicCoverage/boundingCoordinates/northBoundingCoordinate
KUBI,04020-metadata.xml,/eml:eml/dataset/coverage/geographicCoverage/boundingCoordinates/southBoundingCoordinate
KUBI,04020-metadata.xml,/eml:eml/dataset/coverage/temporalCoverage/rangeOfDates/beginDate/calendarDate
KUBI,04020-metadata.xml,/eml:eml/dataset/coverage/temporalCoverage/rangeOfDates/endDate/calendarDate
KUBI,04020-metadata.xml,/eml:eml/dataset/contact/organizationName
KUBI,04020-metadata.xml,/eml:eml/dataset/contact/address/deliveryPoint
KUBI,04020-metadata.xml,/eml:eml/dataset/contact/address/city
KUBI,04020-metadata.xml,/eml:eml/dataset/contact/address/administrativeArea
KUBI,04020-metadata.xml,/eml:eml/dataset/contact/address/postalCode
KUBI,04020-metadata.xml,/eml:eml/dataset/contact/address/country
KUBI,04020-metadata.xml,/eml:eml/dataset/contact/electronicMailAddress
KUBI,04020-metadata.xml,/eml:eml/dataset/contact/onlineUrl
KUBI,04020-metadata.xml,/eml:eml/dataset/spatialRaster/entityName
KUBI,04020-metadata.xml,/eml:eml/dataset/spatialRaster/physical/objectName
KUBI,04020-metadata.xml,/eml:eml/dataset/spatialRaster/physical/dataFormat/externallyDefinedFormat/formatName
KUBI,04020-metadata.xml,/eml:eml/dataset/spatialRaster/physical/distribution/online/url
KUBI,04020-metadata.xml,/eml:eml/dataset/spatialRaster/physical/distribution/online/url/@function
KUBI,04020-metadata.xml,/eml:eml/dataset/spatialRaster/attributeList/attribute/attributeName
KUBI,04020-metadata.xml,/eml:eml/dataset/spatialRaster/attributeList/attribute/attributeDefinition
KUBI,04020-metadata.xml,/eml:eml/dataset/spatialRaster/attributeList/attribute/storageType
KUBI,04020-metadata.xml,/eml:eml/dataset/spatialRaster/attributeList/attribute/measurementScale/interval/unit/standardUnit
KUBI,04020-metadata.xml,/eml:eml/dataset/spatialRaster/attributeList/attribute/measurementScale/interval/numericDomain/numberType
KUBI,04020-metadata.xml,/eml:eml/dataset/spatialRaster/attributeList/attribute/measurementScale/interval/numericDomain/bounds/minimum
KUBI,04020-metadata.xml,/eml:eml/dataset/spatialRaster/attributeList/attribute/measurementScale/interval/numericDomain/bounds/minimum/@exclusive
KUBI,04020-metadata.xml,/eml:eml/dataset/spatialRaster/attributeList/attribute/measurementScale/interval/numericDomain/bounds/maximum
KUBI,04020-metadata.xml,/eml:eml/dataset/spatialRaster/attributeList/attribute/measurementScale/interval/numericDomain/bounds/maximum/@exclusive
KUBI,04020-metadata.xml,/eml:eml/dataset/spatialRaster/spatialReference/horizCoordSysDef/@name
KUBI,04020-metadata.xml,/eml:eml/dataset/spatialRaster/spatialReference/horizCoordSysDef/geogCoordSys/datum/@name
KUBI,04020-metadata.xml,/eml:eml/dataset/spatialRaster/spatialReference/horizCoordSysDef/geogCoordSys/spheroid/@denomFlatRatio
KUBI,04020-metadata.xml,/eml:eml/dataset/spatialRaster/spatialReference/horizCoordSysDef/geogCoordSys/spheroid/@name
KUBI,04020-metadata.xml,/eml:eml/dataset/spatialRaster/spatialReference/horizCoordSysDef/geogCoordSys/spheroid/@semiAxisMajor
KUBI,04020-metadata.xml,/eml:eml/dataset/spatialRaster/spatialReference/horizCoordSysDef/geogCoordSys/primeMeridian/@longitude
KUBI,04020-metadata.xml,/eml:eml/dataset/spatialRaster/spatialReference/horizCoordSysDef/geogCoordSys/primeMeridian/@name
KUBI,04020-metadata.xml,/eml:eml/dataset/spatialRaster/spatialReference/horizCoordSysDef/geogCoordSys/unit/@name
KUBI,04020-metadata.xml,/eml:eml/dataset/spatialRaster/horizontalAccuracy/accuracyReport
KUBI,04020-metadata.xml,/eml:eml/dataset/spatialRaster/verticalAccuracy/accuracyReport
KUBI,04020-metadata.xml,/eml:eml/dataset/spatialRaster/cellSizeXDirection
KUBI,04020-metadata.xml,/eml:eml/dataset/spatialRaster/cellSizeYDirection
KUBI,04020-metadata.xml,/eml:eml/dataset/spatialRaster/numberOfBands
KUBI,04020-metadata.xml,/eml:eml/dataset/spatialRaster/rasterOrigin
KUBI,04020-metadata.xml,/eml:eml/dataset/spatialRaster/rows
KUBI,04020-metadata.xml,/eml:eml/dataset/spatialRaster/columns
KUBI,04020-metadata.xml,/eml:eml/dataset/spatialRaster/verticals
KUBI,04020-metadata.xml,/eml:eml/dataset/spatialRaster/cellGeometry
KUBI,04021-metadata.xml,/eml:eml/@packageId
KUBI,04021-metadata.xml,/eml:eml/@system
KUBI,04021-metadata.xml,/eml:eml/@xsi:schemaLocation
KUBI,04021-metadata.xml,/eml:eml/dataset/title
KUBI,04021-metadata.xml,/eml:eml/dataset/creator/organizationName
KUBI,04021-metadata.xml,/eml:eml/dataset/keywordSet/keyword
KUBI,04021-metadata.xml,/eml:eml/dataset/keywordSet/keyword
KUBI,04021-metadata.xml,/eml:eml/dataset/keywordSet/keyword
KUBI,04021-metadata.xml,/eml:eml/dataset/keywordSet/keyword
KUBI,04021-metadata.xml,/eml:eml/dataset/coverage/geographicCoverage/geographicDescription
KUBI,04021-metadata.xml,/eml:eml/dataset/coverage/geographicCoverage/boundingCoordinates/westBoundingCoordinate
KUBI,04021-metadata.xml,/eml:eml/dataset/coverage/geographicCoverage/boundingCoordinates/eastBoundingCoordinate
KUBI,04021-metadata.xml,/eml:eml/dataset/coverage/geographicCoverage/boundingCoordinates/northBoundingCoordinate
KUBI,04021-metadata.xml,/eml:eml/dataset/coverage/geographicCoverage/boundingCoordinates/southBoundingCoordinate
KUBI,04021-metadata.xml,/eml:eml/dataset/coverage/temporalCoverage/rangeOfDates/beginDate/calendarDate
KUBI,04021-metadata.xml,/eml:eml/dataset/coverage/temporalCoverage/rangeOfDates/endDate/calendarDate
KUBI,04021-metadata.xml,/eml:eml/dataset/contact/organizationName
KUBI,04021-metadata.xml,/eml:eml/dataset/contact/address/deliveryPoint
KUBI,04021-metadata.xml,/eml:eml/dataset/contact/address/city
KUBI,04021-metadata.xml,/eml:eml/dataset/contact/address/administrativeArea
KUBI,04021-metadata.xml,/eml:eml/dataset/contact/address/postalCode
KUBI,04021-metadata.xml,/eml:eml/dataset/contact/address/country
KUBI,04021-metadata.xml,/eml:eml/dataset/contact/electronicMailAddress
KUBI,04021-metadata.xml,/eml:eml/dataset/contact/onlineUrl
KUBI,04021-metadata.xml,/eml:eml/dataset/spatialRaster/entityName
KUBI,04021-metadata.xml,/eml:eml/dataset/spatialRaster/physical/objectName
KUBI,04021-metadata.xml,/eml:eml/dataset/spatialRaster/physical/dataFormat/externallyDefinedFormat/formatName
KUBI,04021-metadata.xml,/eml:eml/dataset/spatialRaster/physical/distribution/online/url
KUBI,04021-metadata.xml,/eml:eml/dataset/spatialRaster/physical/distribution/online/url/@function
KUBI,04021-metadata.xml,/eml:eml/dataset/spatialRaster/attributeList/attribute/attributeName
KUBI,04021-metadata.xml,/eml:eml/dataset/spatialRaster/attributeList/attribute/attributeDefinition
KUBI,04021-metadata.xml,/eml:eml/dataset/spatialRaster/attributeList/attribute/storageType
KUBI,04021-metadata.xml,/eml:eml/dataset/spatialRaster/attributeList/attribute/measurementScale/interval/unit/standardUnit
KUBI,04021-metadata.xml,/eml:eml/dataset/spatialRaster/attributeList/attribute/measurementScale/interval/numericDomain/numberType
KUBI,04021-metadata.xml,/eml:eml/dataset/spatialRaster/attributeList/attribute/measurementScale/interval/numericDomain/bounds/minimum
KUBI,04021-metadata.xml,/eml:eml/dataset/spatialRaster/attributeList/attribute/measurementScale/interval/numericDomain/bounds/minimum/@exclusive
KUBI,04021-metadata.xml,/eml:eml/dataset/spatialRaster/attributeList/attribute/measurementScale/interval/numericDomain/bounds/maximum
KUBI,04021-metadata.xml,/eml:eml/dataset/spatialRaster/attributeList/attribute/measurementScale/interval/numericDomain/bounds/maximum/@exclusive
KUBI,04021-metadata.xml,/eml:eml/dataset/spatialRaster/spatialReference/horizCoordSysDef/@name
KUBI,04021-metadata.xml,/eml:eml/dataset/spatialRaster/spatialReference/horizCoordSysDef/geogCoordSys/datum/@name
KUBI,04021-metadata.xml,/eml:eml/dataset/spatialRaster/spatialReference/horizCoordSysDef/geogCoordSys/spheroid/@denomFlatRatio
KUBI,04021-metadata.xml,/eml:eml/dataset/spatialRaster/spatialReference/horizCoordSysDef/geogCoordSys/spheroid/@name
KUBI,04021-metadata.xml,/eml:eml/dataset/spatialRaster/spatialReference/horizCoordSysDef/geogCoordSys/spheroid/@semiAxisMajor
KUBI,04021-metadata.xml,/eml:eml/dataset/spatialRaster/spatialReference/horizCoordSysDef/geogCoordSys/primeMeridian/@longitude
KUBI,04021-metadata.xml,/eml:eml/dataset/spatialRaster/spatialReference/horizCoordSysDef/geogCoordSys/primeMeridian/@name
KUBI,04021-metadata.xml,/eml:eml/dataset/spatialRaster/spatialReference/horizCoordSysDef/geogCoordSys/unit/@name
KUBI,04021-metadata.xml,/eml:eml/dataset/spatialRaster/horizontalAccuracy/accuracyReport
KUBI,04021-metadata.xml,/eml:eml/dataset/spatialRaster/verticalAccuracy/accuracyReport
KUBI,04021-metadata.xml,/eml:eml/dataset/spatialRaster/cellSizeXDirection
KUBI,04021-metadata.xml,/eml:eml/dataset/spatialRaster/cellSizeYDirection
KUBI,04021-metadata.xml,/eml:eml/dataset/spatialRaster/numberOfBands
KUBI,04021-metadata.xml,/eml:eml/dataset/spatialRaster/rasterOrigin
KUBI,04021-metadata.xml,/eml:eml/dataset/spatialRaster/rows
KUBI,04021-metadata.xml,/eml:eml/dataset/spatialRaster/columns
KUBI,04021-metadata.xml,/eml:eml/dataset/spatialRaster/verticals
KUBI,04021-metadata.xml,/eml:eml/dataset/spatialRaster/cellGeometry
KUBI,04022-metadata.xml,/eml:eml/@packageId
KUBI,04022-metadata.xml,/eml:eml/@system
KUBI,04022-metadata.xml,/eml:eml/@xsi:schemaLocation
KUBI,04022-metadata.xml,/eml:eml/dataset/title
KUBI,04022-metadata.xml,/eml:eml/dataset/creator/organizationName
KUBI,04022-metadata.xml,/eml:eml/dataset/keywordSet/keyword
KUBI,04022-metadata.xml,/eml:eml/dataset/keywordSet/keyword
KUBI,04022-metadata.xml,/eml:eml/dataset/keywordSet/keyword
KUBI,04022-metadata.xml,/eml:eml/dataset/coverage/geographicCoverage/geographicDescription
KUBI,04022-metadata.xml,/eml:eml/dataset/coverage/geographicCoverage/boundingCoordinates/westBoundingCoordinate
KUBI,04022-metadata.xml,/eml:eml/dataset/coverage/geographicCoverage/boundingCoordinates/eastBoundingCoordinate
KUBI,04022-metadata.xml,/eml:eml/dataset/coverage/geographicCoverage/boundingCoordinates/northBoundingCoordinate
KUBI,04022-metadata.xml,/eml:eml/dataset/coverage/geographicCoverage/boundingCoordinates/southBoundingCoordinate
KUBI,04022-metadata.xml,/eml:eml/dataset/coverage/temporalCoverage/rangeOfDates/beginDate/calendarDate
KUBI,04022-metadata.xml,/eml:eml/dataset/coverage/temporalCoverage/rangeOfDates/endDate/calendarDate
KUBI,04022-metadata.xml,/eml:eml/dataset/contact/organizationName
KUBI,04022-metadata.xml,/eml:eml/dataset/contact/address/deliveryPoint
KUBI,04022-metadata.xml,/eml:eml/dataset/contact/address/city
KUBI,04022-metadata.xml,/eml:eml/dataset/contact/address/administrativeArea
KUBI,04022-metadata.xml,/eml:eml/dataset/contact/address/postalCode
KUBI,04022-metadata.xml,/eml:eml/dataset/contact/address/country
KUBI,04022-metadata.xml,/eml:eml/dataset/contact/electronicMailAddress
KUBI,04022-metadata.xml,/eml:eml/dataset/contact/onlineUrl
KUBI,04022-metadata.xml,/eml:eml/dataset/spatialRaster/entityName
KUBI,04022-metadata.xml,/eml:eml/dataset/spatialRaster/physical/objectName
KUBI,04022-metadata.xml,/eml:eml/dataset/spatialRaster/physical/dataFormat/externallyDefinedFormat/formatName
KUBI,04022-metadata.xml,/eml:eml/dataset/spatialRaster/physical/distribution/online/url
KUBI,04022-metadata.xml,/eml:eml/dataset/spatialRaster/physical/distribution/online/url/@function
KUBI,04022-metadata.xml,/eml:eml/dataset/spatialRaster/attributeList/attribute/attributeName
KUBI,04022-metadata.xml,/eml:eml/dataset/spatialRaster/attributeList/attribute/attributeDefinition
KUBI,04022-metadata.xml,/eml:eml/dataset/spatialRaster/attributeList/attribute/storageType
KUBI,04022-metadata.xml,/eml:eml/dataset/spatialRaster/attributeList/attribute/measurementScale/interval/unit/standardUnit
KUBI,04022-metadata.xml,/eml:eml/dataset/spatialRaster/attributeList/attribute/measurementScale/interval/numericDomain/numberType
KUBI,04022-metadata.xml,/eml:eml/dataset/spatialRaster/attributeList/attribute/measurementScale/interval/numericDomain/bounds/minimum
KUBI,04022-metadata.xml,/eml:eml/dataset/spatialRaster/attributeList/attribute/measurementScale/interval/numericDomain/bounds/minimum/@exclusive
KUBI,04022-metadata.xml,/eml:eml/dataset/spatialRaster/attributeList/attribute/measurementScale/interval/numericDomain/bounds/maximum
KUBI,04022-metadata.xml,/eml:eml/dataset/spatialRaster/attributeList/attribute/measurementScale/interval/numericDomain/bounds/maximum/@exclusive
KUBI,04022-metadata.xml,/eml:eml/dataset/spatialRaster/spatialReference/horizCoordSysDef/@name
KUBI,04022-metadata.xml,/eml:eml/dataset/spatialRaster/spatialReference/horizCoordSysDef/geogCoordSys/datum/@name
KUBI,04022-metadata.xml,/eml:eml/dataset/spatialRaster/spatialReference/horizCoordSysDef/geogCoordSys/spheroid/@denomFlatRatio
KUBI,04022-metadata.xml,/eml:eml/dataset/spatialRaster/spatialReference/horizCoordSysDef/geogCoordSys/spheroid/@name
KUBI,04022-metadata.xml,/eml:eml/dataset/spatialRaster/spatialReference/horizCoordSysDef/geogCoordSys/spheroid/@semiAxisMajor
KUBI,04022-metadata.xml,/eml:eml/dataset/spatialRaster/spatialReference/horizCoordSysDef/geogCoordSys/primeMeridian/@longitude
KUBI,04022-metadata.xml,/eml:eml/dataset/spatialRaster/spatialReference/horizCoordSysDef/geogCoordSys/primeMeridian/@name
KUBI,04022-metadata.xml,/eml:eml/dataset/spatialRaster/spatialReference/horizCoordSysDef/geogCoordSys/unit/@name
KUBI,04022-metadata.xml,/eml:eml/dataset/spatialRaster/horizontalAccuracy/accuracyReport
KUBI,04022-metadata.xml,/eml:eml/dataset/spatialRaster/verticalAccuracy/accuracyReport
KUBI,04022-metadata.xml,/eml:eml/dataset/spatialRaster/cellSizeXDirection
KUBI,04022-metadata.xml,/eml:eml/dataset/spatialRaster/cellSizeYDirection
KUBI,04022-metadata.xml,/eml:eml/dataset/spatialRaster/numberOfBands
KUBI,04022-metadata.xml,/eml:eml/dataset/spatialRaster/rasterOrigin
KUBI,04022-metadata.xml,/eml:eml/dataset/spatialRaster/rows
KUBI,04022-metadata.xml,/eml:eml/dataset/spatialRaster/columns
KUBI,04022-metadata.xml,/eml:eml/dataset/spatialRaster/verticals
KUBI,04022-metadata.xml,/eml:eml/dataset/spatialRaster/cellGeometry
KUBI,04023-metadata.xml,/eml:eml/@packageId
KUBI,04023-metadata.xml,/eml:eml/@system
KUBI,04023-metadata.xml,/eml:eml/@xsi:schemaLocation
KUBI,04023-metadata.xml,/eml:eml/dataset/title
KUBI,04023-metadata.xml,/eml:eml/dataset/creator/organizationName
KUBI,04023-metadata.xml,/eml:eml/dataset/keywordSet/keyword
KUBI,04023-metadata.xml,/eml:eml/dataset/keywordSet/keyword
KUBI,04023-metadata.xml,/eml:eml/dataset/keywordSet/keyword
KUBI,04023-metadata.xml,/eml:eml/dataset/keywordSet/keyword
KUBI,04023-metadata.xml,/eml:eml/dataset/coverage/geographicCoverage/geographicDescription
KUBI,04023-metadata.xml,/eml:eml/dataset/coverage/geographicCoverage/boundingCoordinates/westBoundingCoordinate
KUBI,04023-metadata.xml,/eml:eml/dataset/coverage/geographicCoverage/boundingCoordinates/eastBoundingCoordinate
KUBI,04023-metadata.xml,/eml:eml/dataset/coverage/geographicCoverage/boundingCoordinates/northBoundingCoordinate
KUBI,04023-metadata.xml,/eml:eml/dataset/coverage/geographicCoverage/boundingCoordinates/southBoundingCoordinate
KUBI,04023-metadata.xml,/eml:eml/dataset/coverage/temporalCoverage/rangeOfDates/beginDate/calendarDate
KUBI,04023-metadata.xml,/eml:eml/dataset/coverage/temporalCoverage/rangeOfDates/endDate/calendarDate
KUBI,04023-metadata.xml,/eml:eml/dataset/contact/organizationName
KUBI,04023-metadata.xml,/eml:eml/dataset/contact/address/deliveryPoint
KUBI,04023-metadata.xml,/eml:eml/dataset/contact/address/city
KUBI,04023-metadata.xml,/eml:eml/dataset/contact/address/administrativeArea
KUBI,04023-metadata.xml,/eml:eml/dataset/contact/address/postalCode
KUBI,04023-metadata.xml,/eml:eml/dataset/contact/address/country
KUBI,04023-metadata.xml,/eml:eml/dataset/contact/electronicMailAddress
KUBI,04023-metadata.xml,/eml:eml/dataset/contact/onlineUrl
KUBI,04023-metadata.xml,/eml:eml/dataset/spatialRaster/entityName
KUBI,04023-metadata.xml,/eml:eml/dataset/spatialRaster/physical/objectName
KUBI,04023-metadata.xml,/eml:eml/dataset/spatialRaster/physical/dataFormat/externallyDefinedFormat/formatName
KUBI,04023-metadata.xml,/eml:eml/dataset/spatialRaster/physical/distribution/online/url
KUBI,04023-metadata.xml,/eml:eml/dataset/spatialRaster/physical/distribution/online/url/@function
KUBI,04023-metadata.xml,/eml:eml/dataset/spatialRaster/attributeList/attribute/attributeName
KUBI,04023-metadata.xml,/eml:eml/dataset/spatialRaster/attributeList/attribute/attributeDefinition
KUBI,04023-metadata.xml,/eml:eml/dataset/spatialRaster/attributeList/attribute/storageType
KUBI,04023-metadata.xml,/eml:eml/dataset/spatialRaster/attributeList/attribute/measurementScale/interval/unit/standardUnit
KUBI,04023-metadata.xml,/eml:eml/dataset/spatialRaster/attributeList/attribute/measurementScale/interval/numericDomain/numberType
KUBI,04023-metadata.xml,/eml:eml/dataset/spatialRaster/attributeList/attribute/measurementScale/interval/numericDomain/bounds/minimum
KUBI,04023-metadata.xml,/eml:eml/dataset/spatialRaster/attributeList/attribute/measurementScale/interval/numericDomain/bounds/minimum/@exclusive
KUBI,04023-metadata.xml,/eml:eml/dataset/spatialRaster/attributeList/attribute/measurementScale/interval/numericDomain/bounds/maximum
KUBI,04023-metadata.xml,/eml:eml/dataset/spatialRaster/attributeList/attribute/measurementScale/interval/numericDomain/bounds/maximum/@exclusive
KUBI,04023-metadata.xml,/eml:eml/dataset/spatialRaster/spatialReference/horizCoordSysDef/@name
KUBI,04023-metadata.xml,/eml:eml/dataset/spatialRaster/spatialReference/horizCoordSysDef/geogCoordSys/datum/@name
KUBI,04023-metadata.xml,/eml:eml/dataset/spatialRaster/spatialReference/horizCoordSysDef/geogCoordSys/spheroid/@denomFlatRatio
KUBI,04023-metadata.xml,/eml:eml/dataset/spatialRaster/spatialReference/horizCoordSysDef/geogCoordSys/spheroid/@name
KUBI,04023-metadata.xml,/eml:eml/dataset/spatialRaster/spatialReference/horizCoordSysDef/geogCoordSys/spheroid/@semiAxisMajor
KUBI,04023-metadata.xml,/eml:eml/dataset/spatialRaster/spatialReference/horizCoordSysDef/geogCoordSys/primeMeridian/@longitude
KUBI,04023-metadata.xml,/eml:eml/dataset/spatialRaster/spatialReference/horizCoordSysDef/geogCoordSys/primeMeridian/@name
KUBI,04023-metadata.xml,/eml:eml/dataset/spatialRaster/spatialReference/horizCoordSysDef/geogCoordSys/unit/@name
KUBI,04023-metadata.xml,/eml:eml/dataset/spatialRaster/horizontalAccuracy/accuracyReport
KUBI,04023-metadata.xml,/eml:eml/dataset/spatialRaster/verticalAccuracy/accuracyReport
KUBI,04023-metadata.xml,/eml:eml/dataset/spatialRaster/cellSizeXDirection
KUBI,04023-metadata.xml,/eml:eml/dataset/spatialRaster/cellSizeYDirection
KUBI,04023-metadata.xml,/eml:eml/dataset/spatialRaster/numberOfBands
KUBI,04023-metadata.xml,/eml:eml/dataset/spatialRaster/rasterOrigin
KUBI,04023-metadata.xml,/eml:eml/dataset/spatialRaster/rows
KUBI,04023-metadata.xml,/eml:eml/dataset/spatialRaster/columns
KUBI,04023-metadata.xml,/eml:eml/dataset/spatialRaster/verticals
KUBI,04023-metadata.xml,/eml:eml/dataset/spatialRaster/cellGeometry
KUBI,04024-metadata.xml,/eml:eml/@packageId
KUBI,04024-metadata.xml,/eml:eml/@system
KUBI,04024-metadata.xml,/eml:eml/@xsi:schemaLocation
KUBI,04024-metadata.xml,/eml:eml/dataset/title
KUBI,04024-metadata.xml,/eml:eml/dataset/creator/organizationName
KUBI,04024-metadata.xml,/eml:eml/dataset/keywordSet/keyword
KUBI,04024-metadata.xml,/eml:eml/dataset/keywordSet/keyword
KUBI,04024-metadata.xml,/eml:eml/dataset/keywordSet/keyword
KUBI,04024-metadata.xml,/eml:eml/dataset/keywordSet/keyword
KUBI,04024-metadata.xml,/eml:eml/dataset/coverage/geographicCoverage/geographicDescription
KUBI,04024-metadata.xml,/eml:eml/dataset/coverage/geographicCoverage/boundingCoordinates/westBoundingCoordinate
KUBI,04024-metadata.xml,/eml:eml/dataset/coverage/geographicCoverage/boundingCoordinates/eastBoundingCoordinate
KUBI,04024-metadata.xml,/eml:eml/dataset/coverage/geographicCoverage/boundingCoordinates/northBoundingCoordinate
KUBI,04024-metadata.xml,/eml:eml/dataset/coverage/geographicCoverage/boundingCoordinates/southBoundingCoordinate
KUBI,04024-metadata.xml,/eml:eml/dataset/coverage/temporalCoverage/rangeOfDates/beginDate/calendarDate
KUBI,04024-metadata.xml,/eml:eml/dataset/coverage/temporalCoverage/rangeOfDates/endDate/calendarDate
KUBI,04024-metadata.xml,/eml:eml/dataset/contact/organizationName
KUBI,04024-metadata.xml,/eml:eml/dataset/contact/address/deliveryPoint
KUBI,04024-metadata.xml,/eml:eml/dataset/contact/address/city
KUBI,04024-metadata.xml,/eml:eml/dataset/contact/address/administrativeArea
KUBI,04024-metadata.xml,/eml:eml/dataset/contact/address/postalCode
KUBI,04024-metadata.xml,/eml:eml/dataset/contact/address/country
KUBI,04024-metadata.xml,/eml:eml/dataset/contact/electronicMailAddress
KUBI,04024-metadata.xml,/eml:eml/dataset/contact/onlineUrl
KUBI,04024-metadata.xml,/eml:eml/dataset/spatialRaster/entityName
KUBI,04024-metadata.xml,/eml:eml/dataset/spatialRaster/physical/objectName
KUBI,04024-metadata.xml,/eml:eml/dataset/spatialRaster/physical/dataFormat/externallyDefinedFormat/formatName
KUBI,04024-metadata.xml,/eml:eml/dataset/spatialRaster/physical/distribution/online/url
KUBI,04024-metadata.xml,/eml:eml/dataset/spatialRaster/physical/distribution/online/url/@function
KUBI,04024-metadata.xml,/eml:eml/dataset/spatialRaster/attributeList/attribute/attributeName
KUBI,04024-metadata.xml,/eml:eml/dataset/spatialRaster/attributeList/attribute/attributeDefinition
KUBI,04024-metadata.xml,/eml:eml/dataset/spatialRaster/attributeList/attribute/storageType
KUBI,04024-metadata.xml,/eml:eml/dataset/spatialRaster/attributeList/attribute/measurementScale/interval/unit/standardUnit
KUBI,04024-metadata.xml,/eml:eml/dataset/spatialRaster/attributeList/attribute/measurementScale/interval/numericDomain/numberType
KUBI,04024-metadata.xml,/eml:eml/dataset/spatialRaster/attributeList/attribute/measurementScale/interval/numericDomain/bounds/minimum
KUBI,04024-metadata.xml,/eml:eml/dataset/spatialRaster/attributeList/attribute/measurementScale/interval/numericDomain/bounds/minimum/@exclusive
KUBI,04024-metadata.xml,/eml:eml/dataset/spatialRaster/attributeList/attribute/measurementScale/interval/numericDomain/bounds/maximum
KUBI,04024-metadata.xml,/eml:eml/dataset/spatialRaster/attributeList/attribute/measurementScale/interval/numericDomain/bounds/maximum/@exclusive
KUBI,04024-metadata.xml,/eml:eml/dataset/spatialRaster/spatialReference/horizCoordSysDef/@name
KUBI,04024-metadata.xml,/eml:eml/dataset/spatialRaster/spatialReference/horizCoordSysDef/geogCoordSys/datum/@name
KUBI,04024-metadata.xml,/eml:eml/dataset/spatialRaster/spatialReference/horizCoordSysDef/geogCoordSys/spheroid/@denomFlatRatio
KUBI,04024-metadata.xml,/eml:eml/dataset/spatialRaster/spatialReference/horizCoordSysDef/geogCoordSys/spheroid/@name
KUBI,04024-metadata.xml,/eml:eml/dataset/spatialRaster/spatialReference/horizCoordSysDef/geogCoordSys/spheroid/@semiAxisMajor
KUBI,04024-metadata.xml,/eml:eml/dataset/spatialRaster/spatialReference/horizCoordSysDef/geogCoordSys/primeMeridian/@longitude
KUBI,04024-metadata.xml,/eml:eml/dataset/spatialRaster/spatialReference/horizCoordSysDef/geogCoordSys/primeMeridian/@name
KUBI,04024-metadata.xml,/eml:eml/dataset/spatialRaster/spatialReference/horizCoordSysDef/geogCoordSys/unit/@name
KUBI,04024-metadata.xml,/eml:eml/dataset/spatialRaster/horizontalAccuracy/accuracyReport
KUBI,04024-metadata.xml,/eml:eml/dataset/spatialRaster/verticalAccuracy/accuracyReport
KUBI,04024-metadata.xml,/eml:eml/dataset/spatialRaster/cellSizeXDirection
KUBI,04024-metadata.xml,/eml:eml/dataset/spatialRaster/cellSizeYDirection
KUBI,04024-metadata.xml,/eml:eml/dataset/spatialRaster/numberOfBands
KUBI,04024-metadata.xml,/eml:eml/dataset/spatialRaster/rasterOrigin
KUBI,04024-metadata.xml,/eml:eml/dataset/spatialRaster/rows
KUBI,04024-metadata.xml,/eml:eml/dataset/spatialRaster/columns
KUBI,04024-metadata.xml,/eml:eml/dataset/spatialRaster/verticals
KUBI,04024-metadata.xml,/eml:eml/dataset/spatialRaster/cellGeometry
KUBI,04025-metadata.xml,/eml:eml/@packageId
KUBI,04025-metadata.xml,/eml:eml/@system
KUBI,04025-metadata.xml,/eml:eml/@xsi:schemaLocation
KUBI,04025-metadata.xml,/eml:eml/dataset/title
KUBI,04025-metadata.xml,/eml:eml/dataset/creator/organizationName
KUBI,04025-metadata.xml,/eml:eml/dataset/keywordSet/keyword
KUBI,04025-metadata.xml,/eml:eml/dataset/keywordSet/keyword
KUBI,04025-metadata.xml,/eml:eml/dataset/keywordSet/keyword
KUBI,04025-metadata.xml,/eml:eml/dataset/keywordSet/keyword
KUBI,04025-metadata.xml,/eml:eml/dataset/keywordSet/keyword
KUBI,04025-metadata.xml,/eml:eml/dataset/coverage/geographicCoverage/geographicDescription
KUBI,04025-metadata.xml,/eml:eml/dataset/coverage/geographicCoverage/boundingCoordinates/westBoundingCoordinate
KUBI,04025-metadata.xml,/eml:eml/dataset/coverage/geographicCoverage/boundingCoordinates/eastBoundingCoordinate
KUBI,04025-metadata.xml,/eml:eml/dataset/coverage/geographicCoverage/boundingCoordinates/northBoundingCoordinate
KUBI,04025-metadata.xml,/eml:eml/dataset/coverage/geographicCoverage/boundingCoordinates/southBoundingCoordinate
KUBI,04025-metadata.xml,/eml:eml/dataset/coverage/temporalCoverage/rangeOfDates/beginDate/calendarDate
KUBI,04025-metadata.xml,/eml:eml/dataset/coverage/temporalCoverage/rangeOfDates/endDate/calendarDate
KUBI,04025-metadata.xml,/eml:eml/dataset/contact/organizationName
KUBI,04025-metadata.xml,/eml:eml/dataset/contact/address/deliveryPoint
KUBI,04025-metadata.xml,/eml:eml/dataset/contact/address/city
KUBI,04025-metadata.xml,/eml:eml/dataset/contact/address/administrativeArea
KUBI,04025-metadata.xml,/eml:eml/dataset/contact/address/postalCode
KUBI,04025-metadata.xml,/eml:eml/dataset/contact/address/country
KUBI,04025-metadata.xml,/eml:eml/dataset/contact/electronicMailAddress
KUBI,04025-metadata.xml,/eml:eml/dataset/contact/onlineUrl
KUBI,04025-metadata.xml,/eml:eml/dataset/spatialRaster/entityName
KUBI,04025-metadata.xml,/eml:eml/dataset/spatialRaster/physical/objectName
KUBI,04025-metadata.xml,/eml:eml/dataset/spatialRaster/physical/dataFormat/externallyDefinedFormat/formatName
KUBI,04025-metadata.xml,/eml:eml/dataset/spatialRaster/physical/distribution/online/url
KUBI,04025-metadata.xml,/eml:eml/dataset/spatialRaster/physical/distribution/online/url/@function
KUBI,04025-metadata.xml,/eml:eml/dataset/spatialRaster/attributeList/attribute/attributeName
KUBI,04025-metadata.xml,/eml:eml/dataset/spatialRaster/attributeList/attribute/attributeDefinition
KUBI,04025-metadata.xml,/eml:eml/dataset/spatialRaster/attributeList/attribute/storageType
KUBI,04025-metadata.xml,/eml:eml/dataset/spatialRaster/attributeList/attribute/measurementScale/interval/unit/customUnit
KUBI,04025-metadata.xml,/eml:eml/dataset/spatialRaster/attributeList/attribute/measurementScale/interval/numericDomain/numberType
KUBI,04025-metadata.xml,/eml:eml/dataset/spatialRaster/attributeList/attribute/measurementScale/interval/numericDomain/bounds/minimum
KUBI,04025-metadata.xml,/eml:eml/dataset/spatialRaster/attributeList/attribute/measurementScale/interval/numericDomain/bounds/minimum/@exclusive
KUBI,04025-metadata.xml,/eml:eml/dataset/spatialRaster/attributeList/attribute/measurementScale/interval/numericDomain/bounds/maximum
KUBI,04025-metadata.xml,/eml:eml/dataset/spatialRaster/attributeList/attribute/measurementScale/interval/numericDomain/bounds/maximum/@exclusive
KUBI,04025-metadata.xml,/eml:eml/dataset/spatialRaster/spatialReference/horizCoordSysDef/@name
KUBI,04025-metadata.xml,/eml:eml/dataset/spatialRaster/spatialReference/horizCoordSysDef/geogCoordSys/datum/@name
KUBI,04025-metadata.xml,/eml:eml/dataset/spatialRaster/spatialReference/horizCoordSysDef/geogCoordSys/spheroid/@denomFlatRatio
KUBI,04025-metadata.xml,/eml:eml/dataset/spatialRaster/spatialReference/horizCoordSysDef/geogCoordSys/spheroid/@name
KUBI,04025-metadata.xml,/eml:eml/dataset/spatialRaster/spatialReference/horizCoordSysDef/geogCoordSys/spheroid/@semiAxisMajor
KUBI,04025-metadata.xml,/eml:eml/dataset/spatialRaster/spatialReference/horizCoordSysDef/geogCoordSys/primeMeridian/@longitude
KUBI,04025-metadata.xml,/eml:eml/dataset/spatialRaster/spatialReference/horizCoordSysDef/geogCoordSys/primeMeridian/@name
KUBI,04025-metadata.xml,/eml:eml/dataset/spatialRaster/spatialReference/horizCoordSysDef/geogCoordSys/unit/@name
KUBI,04025-metadata.xml,/eml:eml/dataset/spatialRaster/horizontalAccuracy/accuracyReport
KUBI,04025-metadata.xml,/eml:eml/dataset/spatialRaster/verticalAccuracy/accuracyReport
KUBI,04025-metadata.xml,/eml:eml/dataset/spatialRaster/cellSizeXDirection
KUBI,04025-metadata.xml,/eml:eml/dataset/spatialRaster/cellSizeYDirection
KUBI,04025-metadata.xml,/eml:eml/dataset/spatialRaster/numberOfBands
KUBI,04025-metadata.xml,/eml:eml/dataset/spatialRaster/rasterOrigin
KUBI,04025-metadata.xml,/eml:eml/dataset/spatialRaster/rows
KUBI,04025-metadata.xml,/eml:eml/dataset/spatialRaster/columns
KUBI,04025-metadata.xml,/eml:eml/dataset/spatialRaster/verticals
KUBI,04025-metadata.xml,/eml:eml/dataset/spatialRaster/cellGeometry
KUBI,04025-metadata.xml,/eml:eml/additionalMetadata/metadata/unitList/ns2:unit/@id
KUBI,04025-metadata.xml,/eml:eml/additionalMetadata/metadata/unitList/ns2:unit/@multiplierToSI
KUBI,04025-metadata.xml,/eml:eml/additionalMetadata/metadata/unitList/ns2:unit/@parentSI
KUBI,04025-metadata.xml,/eml:eml/additionalMetadata/metadata/unitList/ns2:unit/ns2:description
KUBI,04026-metadata.xml,/eml:eml/@packageId
KUBI,04026-metadata.xml,/eml:eml/@system
KUBI,04026-metadata.xml,/eml:eml/@xsi:schemaLocation
KUBI,04026-metadata.xml,/eml:eml/dataset/title
KUBI,04026-metadata.xml,/eml:eml/dataset/creator/organizationName
KUBI,04026-metadata.xml,/eml:eml/dataset/keywordSet/keyword
KUBI,04026-metadata.xml,/eml:eml/dataset/keywordSet/keyword
KUBI,04026-metadata.xml,/eml:eml/dataset/keywordSet/keyword
KUBI,04026-metadata.xml,/eml:eml/dataset/keywordSet/keyword
KUBI,04026-metadata.xml,/eml:eml/dataset/keywordSet/keyword
KUBI,04026-metadata.xml,/eml:eml/dataset/coverage/geographicCoverage/geographicDescription
KUBI,04026-metadata.xml,/eml:eml/dataset/coverage/geographicCoverage/boundingCoordinates/westBoundingCoordinate
KUBI,04026-metadata.xml,/eml:eml/dataset/coverage/geographicCoverage/boundingCoordinates/eastBoundingCoordinate
KUBI,04026-metadata.xml,/eml:eml/dataset/coverage/geographicCoverage/boundingCoordinates/northBoundingCoordinate
KUBI,04026-metadata.xml,/eml:eml/dataset/coverage/geographicCoverage/boundingCoordinates/southBoundingCoordinate
KUBI,04026-metadata.xml,/eml:eml/dataset/coverage/temporalCoverage/rangeOfDates/beginDate/calendarDate
KUBI,04026-metadata.xml,/eml:eml/dataset/coverage/temporalCoverage/rangeOfDates/endDate/calendarDate
KUBI,04026-metadata.xml,/eml:eml/dataset/contact/organizationName
KUBI,04026-metadata.xml,/eml:eml/dataset/contact/address/deliveryPoint
KUBI,04026-metadata.xml,/eml:eml/dataset/contact/address/city
KUBI,04026-metadata.xml,/eml:eml/dataset/contact/address/administrativeArea
KUBI,04026-metadata.xml,/eml:eml/dataset/contact/address/postalCode
KUBI,04026-metadata.xml,/eml:eml/dataset/contact/address/country
KUBI,04026-metadata.xml,/eml:eml/dataset/contact/electronicMailAddress
KUBI,04026-metadata.xml,/eml:eml/dataset/contact/onlineUrl
KUBI,04026-metadata.xml,/eml:eml/dataset/spatialRaster/entityName
KUBI,04026-metadata.xml,/eml:eml/dataset/spatialRaster/physical/objectName
KUBI,04026-metadata.xml,/eml:eml/dataset/spatialRaster/physical/dataFormat/externallyDefinedFormat/formatName
KUBI,04026-metadata.xml,/eml:eml/dataset/spatialRaster/physical/distribution/online/url
KUBI,04026-metadata.xml,/eml:eml/dataset/spatialRaster/physical/distribution/online/url/@function
KUBI,04026-metadata.xml,/eml:eml/dataset/spatialRaster/attributeList/attribute/attributeName
KUBI,04026-metadata.xml,/eml:eml/dataset/spatialRaster/attributeList/attribute/attributeDefinition
KUBI,04026-metadata.xml,/eml:eml/dataset/spatialRaster/attributeList/attribute/storageType
KUBI,04026-metadata.xml,/eml:eml/dataset/spatialRaster/attributeList/attribute/measurementScale/interval/unit/customUnit
KUBI,04026-metadata.xml,/eml:eml/dataset/spatialRaster/attributeList/attribute/measurementScale/interval/numericDomain/numberType
KUBI,04026-metadata.xml,/eml:eml/dataset/spatialRaster/attributeList/attribute/measurementScale/interval/numericDomain/bounds/minimum
KUBI,04026-metadata.xml,/eml:eml/dataset/spatialRaster/attributeList/attribute/measurementScale/interval/numericDomain/bounds/minimum/@exclusive
KUBI,04026-metadata.xml,/eml:eml/dataset/spatialRaster/attributeList/attribute/measurementScale/interval/numericDomain/bounds/maximum
KUBI,04026-metadata.xml,/eml:eml/dataset/spatialRaster/attributeList/attribute/measurementScale/interval/numericDomain/bounds/maximum/@exclusive
KUBI,04026-metadata.xml,/eml:eml/dataset/spatialRaster/spatialReference/horizCoordSysDef/@name
KUBI,04026-metadata.xml,/eml:eml/dataset/spatialRaster/spatialReference/horizCoordSysDef/geogCoordSys/datum/@name
KUBI,04026-metadata.xml,/eml:eml/dataset/spatialRaster/spatialReference/horizCoordSysDef/geogCoordSys/spheroid/@denomFlatRatio
KUBI,04026-metadata.xml,/eml:eml/dataset/spatialRaster/spatialReference/horizCoordSysDef/geogCoordSys/spheroid/@name
KUBI,04026-metadata.xml,/eml:eml/dataset/spatialRaster/spatialReference/horizCoordSysDef/geogCoordSys/spheroid/@semiAxisMajor
KUBI,04026-metadata.xml,/eml:eml/dataset/spatialRaster/spatialReference/horizCoordSysDef/geogCoordSys/primeMeridian/@longitude
KUBI,04026-metadata.xml,/eml:eml/dataset/spatialRaster/spatialReference/horizCoordSysDef/geogCoordSys/primeMeridian/@name
KUBI,04026-metadata.xml,/eml:eml/dataset/spatialRaster/spatialReference/horizCoordSysDef/geogCoordSys/unit/@name
KUBI,04026-metadata.xml,/eml:eml/dataset/spatialRaster/horizontalAccuracy/accuracyReport
KUBI,04026-metadata.xml,/eml:eml/dataset/spatialRaster/verticalAccuracy/accuracyReport
KUBI,04026-metadata.xml,/eml:eml/dataset/spatialRaster/cellSizeXDirection
KUBI,04026-metadata.xml,/eml:eml/dataset/spatialRaster/cellSizeYDirection
KUBI,04026-metadata.xml,/eml:eml/dataset/spatialRaster/numberOfBands
KUBI,04026-metadata.xml,/eml:eml/dataset/spatialRaster/rasterOrigin
KUBI,04026-metadata.xml,/eml:eml/dataset/spatialRaster/rows
KUBI,04026-metadata.xml,/eml:eml/dataset/spatialRaster/columns
KUBI,04026-metadata.xml,/eml:eml/dataset/spatialRaster/verticals
KUBI,04026-metadata.xml,/eml:eml/dataset/spatialRaster/cellGeometry
KUBI,04026-metadata.xml,/eml:eml/additionalMetadata/metadata/unitList/ns2:unit/@id
KUBI,04026-metadata.xml,/eml:eml/additionalMetadata/metadata/unitList/ns2:unit/@multiplierToSI
KUBI,04026-metadata.xml,/eml:eml/additionalMetadata/metadata/unitList/ns2:unit/@parentSI
KUBI,04026-metadata.xml,/eml:eml/additionalMetadata/metadata/unitList/ns2:unit/ns2:description
KUBI,04027-metadata.xml,/eml:eml/@packageId
KUBI,04027-metadata.xml,/eml:eml/@system
KUBI,04027-metadata.xml,/eml:eml/@xsi:schemaLocation
KUBI,04027-metadata.xml,/eml:eml/dataset/title
KUBI,04027-metadata.xml,/eml:eml/dataset/creator/organizationName
KUBI,04027-metadata.xml,/eml:eml/dataset/keywordSet/keyword
KUBI,04027-metadata.xml,/eml:eml/dataset/keywordSet/keyword
KUBI,04027-metadata.xml,/eml:eml/dataset/keywordSet/keyword
KUBI,04027-metadata.xml,/eml:eml/dataset/keywordSet/keyword
KUBI,04027-metadata.xml,/eml:eml/dataset/coverage/geographicCoverage/geographicDescription
KUBI,04027-metadata.xml,/eml:eml/dataset/coverage/geographicCoverage/boundingCoordinates/westBoundingCoordinate
KUBI,04027-metadata.xml,/eml:eml/dataset/coverage/geographicCoverage/boundingCoordinates/eastBoundingCoordinate
KUBI,04027-metadata.xml,/eml:eml/dataset/coverage/geographicCoverage/boundingCoordinates/northBoundingCoordinate
KUBI,04027-metadata.xml,/eml:eml/dataset/coverage/geographicCoverage/boundingCoordinates/southBoundingCoordinate
KUBI,04027-metadata.xml,/eml:eml/dataset/coverage/temporalCoverage/rangeOfDates/beginDate/calendarDate
KUBI,04027-metadata.xml,/eml:eml/dataset/coverage/temporalCoverage/rangeOfDates/endDate/calendarDate
KUBI,04027-metadata.xml,/eml:eml/dataset/contact/organizationName
KUBI,04027-metadata.xml,/eml:eml/dataset/contact/address/deliveryPoint
KUBI,04027-metadata.xml,/eml:eml/dataset/contact/address/city
KUBI,04027-metadata.xml,/eml:eml/dataset/contact/address/administrativeArea
KUBI,04027-metadata.xml,/eml:eml/dataset/contact/address/postalCode
KUBI,04027-metadata.xml,/eml:eml/dataset/contact/address/country
KUBI,04027-metadata.xml,/eml:eml/dataset/contact/electronicMailAddress
KUBI,04027-metadata.xml,/eml:eml/dataset/contact/onlineUrl
KUBI,04027-metadata.xml,/eml:eml/dataset/spatialRaster/entityName
KUBI,04027-metadata.xml,/eml:eml/dataset/spatialRaster/physical/objectName
KUBI,04027-metadata.xml,/eml:eml/dataset/spatialRaster/physical/dataFormat/externallyDefinedFormat/formatName
KUBI,04027-metadata.xml,/eml:eml/dataset/spatialRaster/physical/distribution/online/url
KUBI,04027-metadata.xml,/eml:eml/dataset/spatialRaster/physical/distribution/online/url/@function
KUBI,04027-metadata.xml,/eml:eml/dataset/spatialRaster/attributeList/attribute/attributeName
KUBI,04027-metadata.xml,/eml:eml/dataset/spatialRaster/attributeList/attribute/attributeDefinition
KUBI,04027-metadata.xml,/eml:eml/dataset/spatialRaster/attributeList/attribute/storageType
KUBI,04027-metadata.xml,/eml:eml/dataset/spatialRaster/attributeList/attribute/measurementScale/interval/unit/standardUnit
KUBI,04027-metadata.xml,/eml:eml/dataset/spatialRaster/attributeList/attribute/measurementScale/interval/numericDomain/numberType
KUBI,04027-metadata.xml,/eml:eml/dataset/spatialRaster/attributeList/attribute/measurementScale/interval/numericDomain/bounds/minimum
KUBI,04027-metadata.xml,/eml:eml/dataset/spatialRaster/attributeList/attribute/measurementScale/interval/numericDomain/bounds/minimum/@exclusive
KUBI,04027-metadata.xml,/eml:eml/dataset/spatialRaster/attributeList/attribute/measurementScale/interval/numericDomain/bounds/maximum
KUBI,04027-metadata.xml,/eml:eml/dataset/spatialRaster/attributeList/attribute/measurementScale/interval/numericDomain/bounds/maximum/@exclusive
KUBI,04027-metadata.xml,/eml:eml/dataset/spatialRaster/spatialReference/horizCoordSysDef/@name
KUBI,04027-metadata.xml,/eml:eml/dataset/spatialRaster/spatialReference/horizCoordSysDef/geogCoordSys/datum/@name
KUBI,04027-metadata.xml,/eml:eml/dataset/spatialRaster/spatialReference/horizCoordSysDef/geogCoordSys/spheroid/@denomFlatRatio
KUBI,04027-metadata.xml,/eml:eml/dataset/spatialRaster/spatialReference/horizCoordSysDef/geogCoordSys/spheroid/@name
KUBI,04027-metadata.xml,/eml:eml/dataset/spatialRaster/spatialReference/horizCoordSysDef/geogCoordSys/spheroid/@semiAxisMajor
KUBI,04027-metadata.xml,/eml:eml/dataset/spatialRaster/spatialReference/horizCoordSysDef/geogCoordSys/primeMeridian/@longitude
KUBI,04027-metadata.xml,/eml:eml/dataset/spatialRaster/spatialReference/horizCoordSysDef/geogCoordSys/primeMeridian/@name
KUBI,04027-metadata.xml,/eml:eml/dataset/spatialRaster/spatialReference/horizCoordSysDef/geogCoordSys/unit/@name
KUBI,04027-metadata.xml,/eml:eml/dataset/spatialRaster/horizontalAccuracy/accuracyReport
KUBI,04027-metadata.xml,/eml:eml/dataset/spatialRaster/verticalAccuracy/accuracyReport
KUBI,04027-metadata.xml,/eml:eml/dataset/spatialRaster/cellSizeXDirection
KUBI,04027-metadata.xml,/eml:eml/dataset/spatialRaster/cellSizeYDirection
KUBI,04027-metadata.xml,/eml:eml/dataset/spatialRaster/numberOfBands
KUBI,04027-metadata.xml,/eml:eml/dataset/spatialRaster/rasterOrigin
KUBI,04027-metadata.xml,/eml:eml/dataset/spatialRaster/rows
KUBI,04027-metadata.xml,/eml:eml/dataset/spatialRaster/columns
KUBI,04027-metadata.xml,/eml:eml/dataset/spatialRaster/verticals
KUBI,04027-metadata.xml,/eml:eml/dataset/spatialRaster/cellGeometry
KUBI,04028-metadata.xml,/eml:eml/@packageId
KUBI,04028-metadata.xml,/eml:eml/@system
KUBI,04028-metadata.xml,/eml:eml/@xsi:schemaLocation
KUBI,04028-metadata.xml,/eml:eml/dataset/title
KUBI,04028-metadata.xml,/eml:eml/dataset/creator/organizationName
KUBI,04028-metadata.xml,/eml:eml/dataset/keywordSet/keyword
KUBI,04028-metadata.xml,/eml:eml/dataset/keywordSet/keyword
KUBI,04028-metadata.xml,/eml:eml/dataset/keywordSet/keyword
KUBI,04028-metadata.xml,/eml:eml/dataset/keywordSet/keyword
KUBI,04028-metadata.xml,/eml:eml/dataset/coverage/geographicCoverage/geographicDescription
KUBI,04028-metadata.xml,/eml:eml/dataset/coverage/geographicCoverage/boundingCoordinates/westBoundingCoordinate
KUBI,04028-metadata.xml,/eml:eml/dataset/coverage/geographicCoverage/boundingCoordinates/eastBoundingCoordinate
KUBI,04028-metadata.xml,/eml:eml/dataset/coverage/geographicCoverage/boundingCoordinates/northBoundingCoordinate
KUBI,04028-metadata.xml,/eml:eml/dataset/coverage/geographicCoverage/boundingCoordinates/southBoundingCoordinate
KUBI,04028-metadata.xml,/eml:eml/dataset/coverage/temporalCoverage/rangeOfDates/beginDate/calendarDate
KUBI,04028-metadata.xml,/eml:eml/dataset/coverage/temporalCoverage/rangeOfDates/endDate/calendarDate
KUBI,04028-metadata.xml,/eml:eml/dataset/contact/organizationName
KUBI,04028-metadata.xml,/eml:eml/dataset/contact/address/deliveryPoint
KUBI,04028-metadata.xml,/eml:eml/dataset/contact/address/city
KUBI,04028-metadata.xml,/eml:eml/dataset/contact/address/administrativeArea
KUBI,04028-metadata.xml,/eml:eml/dataset/contact/address/postalCode
KUBI,04028-metadata.xml,/eml:eml/dataset/contact/address/country
KUBI,04028-metadata.xml,/eml:eml/dataset/contact/electronicMailAddress
KUBI,04028-metadata.xml,/eml:eml/dataset/contact/onlineUrl
KUBI,04028-metadata.xml,/eml:eml/dataset/spatialRaster/entityName
KUBI,04028-metadata.xml,/eml:eml/dataset/spatialRaster/physical/objectName
KUBI,04028-metadata.xml,/eml:eml/dataset/spatialRaster/physical/dataFormat/externallyDefinedFormat/formatName
KUBI,04028-metadata.xml,/eml:eml/dataset/spatialRaster/physical/distribution/online/url
KUBI,04028-metadata.xml,/eml:eml/dataset/spatialRaster/physical/distribution/online/url/@function
KUBI,04028-metadata.xml,/eml:eml/dataset/spatialRaster/attributeList/attribute/attributeName
KUBI,04028-metadata.xml,/eml:eml/dataset/spatialRaster/attributeList/attribute/attributeDefinition
KUBI,04028-metadata.xml,/eml:eml/dataset/spatialRaster/attributeList/attribute/storageType
KUBI,04028-metadata.xml,/eml:eml/dataset/spatialRaster/attributeList/attribute/measurementScale/interval/unit/customUnit
KUBI,04028-metadata.xml,/eml:eml/dataset/spatialRaster/attributeList/attribute/measurementScale/interval/numericDomain/numberType
KUBI,04028-metadata.xml,/eml:eml/dataset/spatialRaster/attributeList/attribute/measurementScale/interval/numericDomain/bounds/minimum
KUBI,04028-metadata.xml,/eml:eml/dataset/spatialRaster/attributeList/attribute/measurementScale/interval/numericDomain/bounds/minimum/@exclusive
KUBI,04028-metadata.xml,/eml:eml/dataset/spatialRaster/attributeList/attribute/measurementScale/interval/numericDomain/bounds/maximum
KUBI,04028-metadata.xml,/eml:eml/dataset/spatialRaster/attributeList/attribute/measurementScale/interval/numericDomain/bounds/maximum/@exclusive
KUBI,04028-metadata.xml,/eml:eml/dataset/spatialRaster/spatialReference/horizCoordSysDef/@name
KUBI,04028-metadata.xml,/eml:eml/dataset/spatialRaster/spatialReference/horizCoordSysDef/geogCoordSys/datum/@name
KUBI,04028-metadata.xml,/eml:eml/dataset/spatialRaster/spatialReference/horizCoordSysDef/geogCoordSys/spheroid/@denomFlatRatio
KUBI,04028-metadata.xml,/eml:eml/dataset/spatialRaster/spatialReference/horizCoordSysDef/geogCoordSys/spheroid/@name
KUBI,04028-metadata.xml,/eml:eml/dataset/spatialRaster/spatialReference/horizCoordSysDef/geogCoordSys/spheroid/@semiAxisMajor
KUBI,04028-metadata.xml,/eml:eml/dataset/spatialRaster/spatialReference/horizCoordSysDef/geogCoordSys/primeMeridian/@longitude
KUBI,04028-metadata.xml,/eml:eml/dataset/spatialRaster/spatialReference/horizCoordSysDef/geogCoordSys/primeMeridian/@name
KUBI,04028-metadata.xml,/eml:eml/dataset/spatialRaster/spatialReference/horizCoordSysDef/geogCoordSys/unit/@name
KUBI,04028-metadata.xml,/eml:eml/dataset/spatialRaster/horizontalAccuracy/accuracyReport
KUBI,04028-metadata.xml,/eml:eml/dataset/spatialRaster/verticalAccuracy/accuracyReport
KUBI,04028-metadata.xml,/eml:eml/dataset/spatialRaster/cellSizeXDirection
KUBI,04028-metadata.xml,/eml:eml/dataset/spatialRaster/cellSizeYDirection
KUBI,04028-metadata.xml,/eml:eml/dataset/spatialRaster/numberOfBands
KUBI,04028-metadata.xml,/eml:eml/dataset/spatialRaster/rasterOrigin
KUBI,04028-metadata.xml,/eml:eml/dataset/spatialRaster/rows
KUBI,04028-metadata.xml,/eml:eml/dataset/spatialRaster/columns
KUBI,04028-metadata.xml,/eml:eml/dataset/spatialRaster/verticals
KUBI,04028-metadata.xml,/eml:eml/dataset/spatialRaster/cellGeometry
KUBI,04028-metadata.xml,/eml:eml/additionalMetadata/metadata/unitList/ns2:unit/@id
KUBI,04028-metadata.xml,/eml:eml/additionalMetadata/metadata/unitList/ns2:unit/@multiplierToSI
KUBI,04028-metadata.xml,/eml:eml/additionalMetadata/metadata/unitList/ns2:unit/@parentSI
KUBI,04028-metadata.xml,/eml:eml/additionalMetadata/metadata/unitList/ns2:unit/ns2:description
KUBI,04029-metadata.xml,/eml:eml/@packageId
KUBI,04029-metadata.xml,/eml:eml/@system
KUBI,04029-metadata.xml,/eml:eml/@xsi:schemaLocation
KUBI,04029-metadata.xml,/eml:eml/dataset/title
KUBI,04029-metadata.xml,/eml:eml/dataset/creator/organizationName
KUBI,04029-metadata.xml,/eml:eml/dataset/keywordSet/keyword
KUBI,04029-metadata.xml,/eml:eml/dataset/keywordSet/keyword
KUBI,04029-metadata.xml,/eml:eml/dataset/keywordSet/keyword
KUBI,04029-metadata.xml,/eml:eml/dataset/keywordSet/keyword
KUBI,04029-metadata.xml,/eml:eml/dataset/keywordSet/keyword
KUBI,04029-metadata.xml,/eml:eml/dataset/coverage/geographicCoverage/geographicDescription
KUBI,04029-metadata.xml,/eml:eml/dataset/coverage/geographicCoverage/boundingCoordinates/westBoundingCoordinate
KUBI,04029-metadata.xml,/eml:eml/dataset/coverage/geographicCoverage/boundingCoordinates/eastBoundingCoordinate
KUBI,04029-metadata.xml,/eml:eml/dataset/coverage/geographicCoverage/boundingCoordinates/northBoundingCoordinate
KUBI,04029-metadata.xml,/eml:eml/dataset/coverage/geographicCoverage/boundingCoordinates/southBoundingCoordinate
KUBI,04029-metadata.xml,/eml:eml/dataset/coverage/temporalCoverage/rangeOfDates/beginDate/calendarDate
KUBI,04029-metadata.xml,/eml:eml/dataset/coverage/temporalCoverage/rangeOfDates/endDate/calendarDate
KUBI,04029-metadata.xml,/eml:eml/dataset/contact/organizationName
KUBI,04029-metadata.xml,/eml:eml/dataset/contact/address/deliveryPoint
KUBI,04029-metadata.xml,/eml:eml/dataset/contact/address/city
KUBI,04029-metadata.xml,/eml:eml/dataset/contact/address/administrativeArea
KUBI,04029-metadata.xml,/eml:eml/dataset/contact/address/postalCode
KUBI,04029-metadata.xml,/eml:eml/dataset/contact/address/country
KUBI,04029-metadata.xml,/eml:eml/dataset/contact/electronicMailAddress
KUBI,04029-metadata.xml,/eml:eml/dataset/contact/onlineUrl
KUBI,04029-metadata.xml,/eml:eml/dataset/spatialRaster/entityName
KUBI,04029-metadata.xml,/eml:eml/dataset/spatialRaster/physical/objectName
KUBI,04029-metadata.xml,/eml:eml/dataset/spatialRaster/physical/dataFormat/externallyDefinedFormat/formatName
KUBI,04029-metadata.xml,/eml:eml/dataset/spatialRaster/physical/distribution/online/url
KUBI,04029-metadata.xml,/eml:eml/dataset/spatialRaster/physical/distribution/online/url/@function
KUBI,04029-metadata.xml,/eml:eml/dataset/spatialRaster/attributeList/attribute/attributeName
KUBI,04029-metadata.xml,/eml:eml/dataset/spatialRaster/attributeList/attribute/attributeDefinition
KUBI,04029-metadata.xml,/eml:eml/dataset/spatialRaster/attributeList/attribute/storageType
KUBI,04029-metadata.xml,/eml:eml/dataset/spatialRaster/attributeList/attribute/measurementScale/interval/unit/customUnit
KUBI,04029-metadata.xml,/eml:eml/dataset/spatialRaster/attributeList/attribute/measurementScale/interval/numericDomain/numberType
KUBI,04029-metadata.xml,/eml:eml/dataset/spatialRaster/attributeList/attribute/measurementScale/interval/numericDomain/bounds/minimum
KUBI,04029-metadata.xml,/eml:eml/dataset/spatialRaster/attributeList/attribute/measurementScale/interval/numericDomain/bounds/minimum/@exclusive
KUBI,04029-metadata.xml,/eml:eml/dataset/spatialRaster/attributeList/attribute/measurementScale/interval/numericDomain/bounds/maximum
KUBI,04029-metadata.xml,/eml:eml/dataset/spatialRaster/attributeList/attribute/measurementScale/interval/numericDomain/bounds/maximum/@exclusive
KUBI,04029-metadata.xml,/eml:eml/dataset/spatialRaster/spatialReference/horizCoordSysDef/@name
KUBI,04029-metadata.xml,/eml:eml/dataset/spatialRaster/spatialReference/horizCoordSysDef/geogCoordSys/datum/@name
KUBI,04029-metadata.xml,/eml:eml/dataset/spatialRaster/spatialReference/horizCoordSysDef/geogCoordSys/spheroid/@denomFlatRatio
KUBI,04029-metadata.xml,/eml:eml/dataset/spatialRaster/spatialReference/horizCoordSysDef/geogCoordSys/spheroid/@name
KUBI,04029-metadata.xml,/eml:eml/dataset/spatialRaster/spatialReference/horizCoordSysDef/geogCoordSys/spheroid/@semiAxisMajor
KUBI,04029-metadata.xml,/eml:eml/dataset/spatialRaster/spatialReference/horizCoordSysDef/geogCoordSys/primeMeridian/@longitude
KUBI,04029-metadata.xml,/eml:eml/dataset/spatialRaster/spatialReference/horizCoordSysDef/geogCoordSys/primeMeridian/@name
KUBI,04029-metadata.xml,/eml:eml/dataset/spatialRaster/spatialReference/horizCoordSysDef/geogCoordSys/unit/@name
KUBI,04029-metadata.xml,/eml:eml/dataset/spatialRaster/horizontalAccuracy/accuracyReport
KUBI,04029-metadata.xml,/eml:eml/dataset/spatialRaster/verticalAccuracy/accuracyReport
KUBI,04029-metadata.xml,/eml:eml/dataset/spatialRaster/cellSizeXDirection
KUBI,04029-metadata.xml,/eml:eml/dataset/spatialRaster/cellSizeYDirection
KUBI,04029-metadata.xml,/eml:eml/dataset/spatialRaster/numberOfBands
KUBI,04029-metadata.xml,/eml:eml/dataset/spatialRaster/rasterOrigin
KUBI,04029-metadata.xml,/eml:eml/dataset/spatialRaster/rows
KUBI,04029-metadata.xml,/eml:eml/dataset/spatialRaster/columns
KUBI,04029-metadata.xml,/eml:eml/dataset/spatialRaster/verticals
KUBI,04029-metadata.xml,/eml:eml/dataset/spatialRaster/cellGeometry
KUBI,04029-metadata.xml,/eml:eml/additionalMetadata/metadata/unitList/ns2:unit/@id
KUBI,04029-metadata.xml,/eml:eml/additionalMetadata/metadata/unitList/ns2:unit/@multiplierToSI
KUBI,04029-metadata.xml,/eml:eml/additionalMetadata/metadata/unitList/ns2:unit/@parentSI
KUBI,04029-metadata.xml,/eml:eml/additionalMetadata/metadata/unitList/ns2:unit/ns2:description
KUBI,04030-metadata.xml,/eml:eml/@packageId
KUBI,04030-metadata.xml,/eml:eml/@system
KUBI,04030-metadata.xml,/eml:eml/@xsi:schemaLocation
KUBI,04030-metadata.xml,/eml:eml/dataset/title
KUBI,04030-metadata.xml,/eml:eml/dataset/creator/organizationName
KUBI,04030-metadata.xml,/eml:eml/dataset/keywordSet/keyword
KUBI,04030-metadata.xml,/eml:eml/dataset/keywordSet/keyword
KUBI,04030-metadata.xml,/eml:eml/dataset/keywordSet/keyword
KUBI,04030-metadata.xml,/eml:eml/dataset/keywordSet/keyword
KUBI,04030-metadata.xml,/eml:eml/dataset/keywordSet/keyword
KUBI,04030-metadata.xml,/eml:eml/dataset/coverage/geographicCoverage/geographicDescription
KUBI,04030-metadata.xml,/eml:eml/dataset/coverage/geographicCoverage/boundingCoordinates/westBoundingCoordinate
KUBI,04030-metadata.xml,/eml:eml/dataset/coverage/geographicCoverage/boundingCoordinates/eastBoundingCoordinate
KUBI,04030-metadata.xml,/eml:eml/dataset/coverage/geographicCoverage/boundingCoordinates/northBoundingCoordinate
KUBI,04030-metadata.xml,/eml:eml/dataset/coverage/geographicCoverage/boundingCoordinates/southBoundingCoordinate
KUBI,04030-metadata.xml,/eml:eml/dataset/coverage/temporalCoverage/rangeOfDates/beginDate/calendarDate
KUBI,04030-metadata.xml,/eml:eml/dataset/coverage/temporalCoverage/rangeOfDates/endDate/calendarDate
KUBI,04030-metadata.xml,/eml:eml/dataset/contact/organizationName
KUBI,04030-metadata.xml,/eml:eml/dataset/contact/address/deliveryPoint
KUBI,04030-metadata.xml,/eml:eml/dataset/contact/address/city
KUBI,04030-metadata.xml,/eml:eml/dataset/contact/address/administrativeArea
KUBI,04030-metadata.xml,/eml:eml/dataset/contact/address/postalCode
KUBI,04030-metadata.xml,/eml:eml/dataset/contact/address/country
KUBI,04030-metadata.xml,/eml:eml/dataset/contact/electronicMailAddress
KUBI,04030-metadata.xml,/eml:eml/dataset/contact/onlineUrl
KUBI,04030-metadata.xml,/eml:eml/dataset/spatialRaster/entityName
KUBI,04030-metadata.xml,/eml:eml/dataset/spatialRaster/physical/objectName
KUBI,04030-metadata.xml,/eml:eml/dataset/spatialRaster/physical/dataFormat/externallyDefinedFormat/formatName
KUBI,04030-metadata.xml,/eml:eml/dataset/spatialRaster/physical/distribution/online/url
KUBI,04030-metadata.xml,/eml:eml/dataset/spatialRaster/physical/distribution/online/url/@function
KUBI,04030-metadata.xml,/eml:eml/dataset/spatialRaster/attributeList/attribute/attributeName
KUBI,04030-metadata.xml,/eml:eml/dataset/spatialRaster/attributeList/attribute/attributeDefinition
KUBI,04030-metadata.xml,/eml:eml/dataset/spatialRaster/attributeList/attribute/storageType
KUBI,04030-metadata.xml,/eml:eml/dataset/spatialRaster/attributeList/attribute/measurementScale/interval/unit/customUnit
KUBI,04030-metadata.xml,/eml:eml/dataset/spatialRaster/attributeList/attribute/measurementScale/interval/numericDomain/numberType
KUBI,04030-metadata.xml,/eml:eml/dataset/spatialRaster/attributeList/attribute/measurementScale/interval/numericDomain/bounds/minimum
KUBI,04030-metadata.xml,/eml:eml/dataset/spatialRaster/attributeList/attribute/measurementScale/interval/numericDomain/bounds/minimum/@exclusive
KUBI,04030-metadata.xml,/eml:eml/dataset/spatialRaster/attributeList/attribute/measurementScale/interval/numericDomain/bounds/maximum
KUBI,04030-metadata.xml,/eml:eml/dataset/spatialRaster/attributeList/attribute/measurementScale/interval/numericDomain/bounds/maximum/@exclusive
KUBI,04030-metadata.xml,/eml:eml/dataset/spatialRaster/spatialReference/horizCoordSysDef/@name
KUBI,04030-metadata.xml,/eml:eml/dataset/spatialRaster/spatialReference/horizCoordSysDef/geogCoordSys/datum/@name
KUBI,04030-metadata.xml,/eml:eml/dataset/spatialRaster/spatialReference/horizCoordSysDef/geogCoordSys/spheroid/@denomFlatRatio
KUBI,04030-metadata.xml,/eml:eml/dataset/spatialRaster/spatialReference/horizCoordSysDef/geogCoordSys/spheroid/@name
KUBI,04030-metadata.xml,/eml:eml/dataset/spatialRaster/spatialReference/horizCoordSysDef/geogCoordSys/spheroid/@semiAxisMajor
KUBI,04030-metadata.xml,/eml:eml/dataset/spatialRaster/spatialReference/horizCoordSysDef/geogCoordSys/primeMeridian/@longitude
KUBI,04030-metadata.xml,/eml:eml/dataset/spatialRaster/spatialReference/horizCoordSysDef/geogCoordSys/primeMeridian/@name
KUBI,04030-metadata.xml,/eml:eml/dataset/spatialRaster/spatialReference/horizCoordSysDef/geogCoordSys/unit/@name
KUBI,04030-metadata.xml,/eml:eml/dataset/spatialRaster/horizontalAccuracy/accuracyReport
KUBI,04030-metadata.xml,/eml:eml/dataset/spatialRaster/verticalAccuracy/accuracyReport
KUBI,04030-metadata.xml,/eml:eml/dataset/spatialRaster/cellSizeXDirection
KUBI,04030-metadata.xml,/eml:eml/dataset/spatialRaster/cellSizeYDirection
KUBI,04030-metadata.xml,/eml:eml/dataset/spatialRaster/numberOfBands
KUBI,04030-metadata.xml,/eml:eml/dataset/spatialRaster/rasterOrigin
KUBI,04030-metadata.xml,/eml:eml/dataset/spatialRaster/rows
KUBI,04030-metadata.xml,/eml:eml/dataset/spatialRaster/columns
KUBI,04030-metadata.xml,/eml:eml/dataset/spatialRaster/verticals
KUBI,04030-metadata.xml,/eml:eml/dataset/spatialRaster/cellGeometry
KUBI,04030-metadata.xml,/eml:eml/additionalMetadata/metadata/unitList/ns2:unit/@id
KUBI,04030-metadata.xml,/eml:eml/additionalMetadata/metadata/unitList/ns2:unit/@multiplierToSI
KUBI,04030-metadata.xml,/eml:eml/additionalMetadata/metadata/unitList/ns2:unit/@parentSI
KUBI,04030-metadata.xml,/eml:eml/additionalMetadata/metadata/unitList/ns2:unit/ns2:description
KUBI,04031-metadata.xml,/eml:eml/@packageId
KUBI,04031-metadata.xml,/eml:eml/@system
KUBI,04031-metadata.xml,/eml:eml/@xsi:schemaLocation
KUBI,04031-metadata.xml,/eml:eml/dataset/title
KUBI,04031-metadata.xml,/eml:eml/dataset/creator/organizationName
KUBI,04031-metadata.xml,/eml:eml/dataset/keywordSet/keyword
KUBI,04031-metadata.xml,/eml:eml/dataset/keywordSet/keyword
KUBI,04031-metadata.xml,/eml:eml/dataset/keywordSet/keyword
KUBI,04031-metadata.xml,/eml:eml/dataset/keywordSet/keyword
KUBI,04031-metadata.xml,/eml:eml/dataset/keywordSet/keyword
KUBI,04031-metadata.xml,/eml:eml/dataset/coverage/geographicCoverage/geographicDescription
KUBI,04031-metadata.xml,/eml:eml/dataset/coverage/geographicCoverage/boundingCoordinates/westBoundingCoordinate
KUBI,04031-metadata.xml,/eml:eml/dataset/coverage/geographicCoverage/boundingCoordinates/eastBoundingCoordinate
KUBI,04031-metadata.xml,/eml:eml/dataset/coverage/geographicCoverage/boundingCoordinates/northBoundingCoordinate
KUBI,04031-metadata.xml,/eml:eml/dataset/coverage/geographicCoverage/boundingCoordinates/southBoundingCoordinate
KUBI,04031-metadata.xml,/eml:eml/dataset/coverage/temporalCoverage/rangeOfDates/beginDate/calendarDate
KUBI,04031-metadata.xml,/eml:eml/dataset/coverage/temporalCoverage/rangeOfDates/endDate/calendarDate
KUBI,04031-metadata.xml,/eml:eml/dataset/contact/organizationName
KUBI,04031-metadata.xml,/eml:eml/dataset/contact/address/deliveryPoint
KUBI,04031-metadata.xml,/eml:eml/dataset/contact/address/city
KUBI,04031-metadata.xml,/eml:eml/dataset/contact/address/administrativeArea
KUBI,04031-metadata.xml,/eml:eml/dataset/contact/address/postalCode
KUBI,04031-metadata.xml,/eml:eml/dataset/contact/address/country
KUBI,04031-metadata.xml,/eml:eml/dataset/contact/electronicMailAddress
KUBI,04031-metadata.xml,/eml:eml/dataset/contact/onlineUrl
KUBI,04031-metadata.xml,/eml:eml/dataset/spatialRaster/entityName
KUBI,04031-metadata.xml,/eml:eml/dataset/spatialRaster/physical/objectName
KUBI,04031-metadata.xml,/eml:eml/dataset/spatialRaster/physical/dataFormat/externallyDefinedFormat/formatName
KUBI,04031-metadata.xml,/eml:eml/dataset/spatialRaster/physical/distribution/online/url
KUBI,04031-metadata.xml,/eml:eml/dataset/spatialRaster/physical/distribution/online/url/@function
KUBI,04031-metadata.xml,/eml:eml/dataset/spatialRaster/attributeList/attribute/attributeName
KUBI,04031-metadata.xml,/eml:eml/dataset/spatialRaster/attributeList/attribute/attributeDefinition
KUBI,04031-metadata.xml,/eml:eml/dataset/spatialRaster/attributeList/attribute/storageType
KUBI,04031-metadata.xml,/eml:eml/dataset/spatialRaster/attributeList/attribute/measurementScale/interval/unit/customUnit
KUBI,04031-metadata.xml,/eml:eml/dataset/spatialRaster/attributeList/attribute/measurementScale/interval/numericDomain/numberType
KUBI,04031-metadata.xml,/eml:eml/dataset/spatialRaster/attributeList/attribute/measurementScale/interval/numericDomain/bounds/minimum
KUBI,04031-metadata.xml,/eml:eml/dataset/spatialRaster/attributeList/attribute/measurementScale/interval/numericDomain/bounds/minimum/@exclusive
KUBI,04031-metadata.xml,/eml:eml/dataset/spatialRaster/attributeList/attribute/measurementScale/interval/numericDomain/bounds/maximum
KUBI,04031-metadata.xml,/eml:eml/dataset/spatialRaster/attributeList/attribute/measurementScale/interval/numericDomain/bounds/maximum/@exclusive
KUBI,04031-metadata.xml,/eml:eml/dataset/spatialRaster/spatialReference/horizCoordSysDef/@name
KUBI,04031-metadata.xml,/eml:eml/dataset/spatialRaster/spatialReference/horizCoordSysDef/geogCoordSys/datum/@name
KUBI,04031-metadata.xml,/eml:eml/dataset/spatialRaster/spatialReference/horizCoordSysDef/geogCoordSys/spheroid/@denomFlatRatio
KUBI,04031-metadata.xml,/eml:eml/dataset/spatialRaster/spatialReference/horizCoordSysDef/geogCoordSys/spheroid/@name
KUBI,04031-metadata.xml,/eml:eml/dataset/spatialRaster/spatialReference/horizCoordSysDef/geogCoordSys/spheroid/@semiAxisMajor
KUBI,04031-metadata.xml,/eml:eml/dataset/spatialRaster/spatialReference/horizCoordSysDef/geogCoordSys/primeMeridian/@longitude
KUBI,04031-metadata.xml,/eml:eml/dataset/spatialRaster/spatialReference/horizCoordSysDef/geogCoordSys/primeMeridian/@name
KUBI,04031-metadata.xml,/eml:eml/dataset/spatialRaster/spatialReference/horizCoordSysDef/geogCoordSys/unit/@name
KUBI,04031-metadata.xml,/eml:eml/dataset/spatialRaster/horizontalAccuracy/accuracyReport
KUBI,04031-metadata.xml,/eml:eml/dataset/spatialRaster/verticalAccuracy/accuracyReport
KUBI,04031-metadata.xml,/eml:eml/dataset/spatialRaster/cellSizeXDirection
KUBI,04031-metadata.xml,/eml:eml/dataset/spatialRaster/cellSizeYDirection
KUBI,04031-metadata.xml,/eml:eml/dataset/spatialRaster/numberOfBands
KUBI,04031-metadata.xml,/eml:eml/dataset/spatialRaster/rasterOrigin
KUBI,04031-metadata.xml,/eml:eml/dataset/spatialRaster/rows
KUBI,04031-metadata.xml,/eml:eml/dataset/spatialRaster/columns
KUBI,04031-metadata.xml,/eml:eml/dataset/spatialRaster/verticals
KUBI,04031-metadata.xml,/eml:eml/dataset/spatialRaster/cellGeometry
KUBI,04031-metadata.xml,/eml:eml/additionalMetadata/metadata/unitList/ns2:unit/@id
KUBI,04031-metadata.xml,/eml:eml/additionalMetadata/metadata/unitList/ns2:unit/@multiplierToSI
KUBI,04031-metadata.xml,/eml:eml/additionalMetadata/metadata/unitList/ns2:unit/@parentSI
KUBI,04031-metadata.xml,/eml:eml/additionalMetadata/metadata/unitList/ns2:unit/ns2:description
KUBI,04032-metadata.xml,/eml:eml/@packageId
KUBI,04032-metadata.xml,/eml:eml/@system
KUBI,04032-metadata.xml,/eml:eml/@xsi:schemaLocation
KUBI,04032-metadata.xml,/eml:eml/dataset/title
KUBI,04032-metadata.xml,/eml:eml/dataset/creator/organizationName
KUBI,04032-metadata.xml,/eml:eml/dataset/keywordSet/keyword
KUBI,04032-metadata.xml,/eml:eml/dataset/keywordSet/keyword
KUBI,04032-metadata.xml,/eml:eml/dataset/keywordSet/keyword
KUBI,04032-metadata.xml,/eml:eml/dataset/keywordSet/keyword
KUBI,04032-metadata.xml,/eml:eml/dataset/coverage/geographicCoverage/geographicDescription
KUBI,04032-metadata.xml,/eml:eml/dataset/coverage/geographicCoverage/boundingCoordinates/westBoundingCoordinate
KUBI,04032-metadata.xml,/eml:eml/dataset/coverage/geographicCoverage/boundingCoordinates/eastBoundingCoordinate
KUBI,04032-metadata.xml,/eml:eml/dataset/coverage/geographicCoverage/boundingCoordinates/northBoundingCoordinate
KUBI,04032-metadata.xml,/eml:eml/dataset/coverage/geographicCoverage/boundingCoordinates/southBoundingCoordinate
KUBI,04032-metadata.xml,/eml:eml/dataset/coverage/temporalCoverage/rangeOfDates/beginDate/calendarDate
KUBI,04032-metadata.xml,/eml:eml/dataset/coverage/temporalCoverage/rangeOfDates/endDate/calendarDate
KUBI,04032-metadata.xml,/eml:eml/dataset/contact/organizationName
KUBI,04032-metadata.xml,/eml:eml/dataset/contact/address/deliveryPoint
KUBI,04032-metadata.xml,/eml:eml/dataset/contact/address/city
KUBI,04032-metadata.xml,/eml:eml/dataset/contact/address/administrativeArea
KUBI,04032-metadata.xml,/eml:eml/dataset/contact/address/postalCode
KUBI,04032-metadata.xml,/eml:eml/dataset/contact/address/country
KUBI,04032-metadata.xml,/eml:eml/dataset/contact/electronicMailAddress
KUBI,04032-metadata.xml,/eml:eml/dataset/contact/onlineUrl
KUBI,04032-metadata.xml,/eml:eml/dataset/spatialRaster/entityName
KUBI,04032-metadata.xml,/eml:eml/dataset/spatialRaster/physical/objectName
KUBI,04032-metadata.xml,/eml:eml/dataset/spatialRaster/physical/dataFormat/externallyDefinedFormat/formatName
KUBI,04032-metadata.xml,/eml:eml/dataset/spatialRaster/physical/distribution/online/url
KUBI,04032-metadata.xml,/eml:eml/dataset/spatialRaster/physical/distribution/online/url/@function
KUBI,04032-metadata.xml,/eml:eml/dataset/spatialRaster/attributeList/attribute/attributeName
KUBI,04032-metadata.xml,/eml:eml/dataset/spatialRaster/attributeList/attribute/attributeDefinition
KUBI,04032-metadata.xml,/eml:eml/dataset/spatialRaster/attributeList/attribute/storageType
KUBI,04032-metadata.xml,/eml:eml/dataset/spatialRaster/attributeList/attribute/measurementScale/interval/unit/customUnit
KUBI,04032-metadata.xml,/eml:eml/dataset/spatialRaster/attributeList/attribute/measurementScale/interval/numericDomain/numberType
KUBI,04032-metadata.xml,/eml:eml/dataset/spatialRaster/attributeList/attribute/measurementScale/interval/numericDomain/bounds/minimum
KUBI,04032-metadata.xml,/eml:eml/dataset/spatialRaster/attributeList/attribute/measurementScale/interval/numericDomain/bounds/minimum/@exclusive
KUBI,04032-metadata.xml,/eml:eml/dataset/spatialRaster/attributeList/attribute/measurementScale/interval/numericDomain/bounds/maximum
KUBI,04032-metadata.xml,/eml:eml/dataset/spatialRaster/attributeList/attribute/measurementScale/interval/numericDomain/bounds/maximum/@exclusive
KUBI,04032-metadata.xml,/eml:eml/dataset/spatialRaster/spatialReference/horizCoordSysDef/@name
KUBI,04032-metadata.xml,/eml:eml/dataset/spatialRaster/spatialReference/horizCoordSysDef/geogCoordSys/datum/@name
KUBI,04032-metadata.xml,/eml:eml/dataset/spatialRaster/spatialReference/horizCoordSysDef/geogCoordSys/spheroid/@denomFlatRatio
KUBI,04032-metadata.xml,/eml:eml/dataset/spatialRaster/spatialReference/horizCoordSysDef/geogCoordSys/spheroid/@name
KUBI,04032-metadata.xml,/eml:eml/dataset/spatialRaster/spatialReference/horizCoordSysDef/geogCoordSys/spheroid/@semiAxisMajor
KUBI,04032-metadata.xml,/eml:eml/dataset/spatialRaster/spatialReference/horizCoordSysDef/geogCoordSys/primeMeridian/@longitude
KUBI,04032-metadata.xml,/eml:eml/dataset/spatialRaster/spatialReference/horizCoordSysDef/geogCoordSys/primeMeridian/@name
KUBI,04032-metadata.xml,/eml:eml/dataset/spatialRaster/spatialReference/horizCoordSysDef/geogCoordSys/unit/@name
KUBI,04032-metadata.xml,/eml:eml/dataset/spatialRaster/horizontalAccuracy/accuracyReport
KUBI,04032-metadata.xml,/eml:eml/dataset/spatialRaster/verticalAccuracy/accuracyReport
KUBI,04032-metadata.xml,/eml:eml/dataset/spatialRaster/cellSizeXDirection
KUBI,04032-metadata.xml,/eml:eml/dataset/spatialRaster/cellSizeYDirection
KUBI,04032-metadata.xml,/eml:eml/dataset/spatialRaster/numberOfBands
KUBI,04032-metadata.xml,/eml:eml/dataset/spatialRaster/rasterOrigin
KUBI,04032-metadata.xml,/eml:eml/dataset/spatialRaster/rows
KUBI,04032-metadata.xml,/eml:eml/dataset/spatialRaster/columns
KUBI,04032-metadata.xml,/eml:eml/dataset/spatialRaster/verticals
KUBI,04032-metadata.xml,/eml:eml/dataset/spatialRaster/cellGeometry
KUBI,04032-metadata.xml,/eml:eml/additionalMetadata/metadata/unitList/ns2:unit/@id
KUBI,04032-metadata.xml,/eml:eml/additionalMetadata/metadata/unitList/ns2:unit/ns2:description
KUBI,04033-metadata.xml,/eml:eml/@packageId
KUBI,04033-metadata.xml,/eml:eml/@system
KUBI,04033-metadata.xml,/eml:eml/@xsi:schemaLocation
KUBI,04033-metadata.xml,/eml:eml/dataset/title
KUBI,04033-metadata.xml,/eml:eml/dataset/creator/organizationName
KUBI,04033-metadata.xml,/eml:eml/dataset/keywordSet/keyword
KUBI,04033-metadata.xml,/eml:eml/dataset/keywordSet/keyword
KUBI,04033-metadata.xml,/eml:eml/dataset/keywordSet/keyword
KUBI,04033-metadata.xml,/eml:eml/dataset/keywordSet/keyword
KUBI,04033-metadata.xml,/eml:eml/dataset/coverage/geographicCoverage/geographicDescription
KUBI,04033-metadata.xml,/eml:eml/dataset/coverage/geographicCoverage/boundingCoordinates/westBoundingCoordinate
KUBI,04033-metadata.xml,/eml:eml/dataset/coverage/geographicCoverage/boundingCoordinates/eastBoundingCoordinate
KUBI,04033-metadata.xml,/eml:eml/dataset/coverage/geographicCoverage/boundingCoordinates/northBoundingCoordinate
KUBI,04033-metadata.xml,/eml:eml/dataset/coverage/geographicCoverage/boundingCoordinates/southBoundingCoordinate
KUBI,04033-metadata.xml,/eml:eml/dataset/coverage/temporalCoverage/rangeOfDates/beginDate/calendarDate
KUBI,04033-metadata.xml,/eml:eml/dataset/coverage/temporalCoverage/rangeOfDates/endDate/calendarDate
KUBI,04033-metadata.xml,/eml:eml/dataset/contact/organizationName
KUBI,04033-metadata.xml,/eml:eml/dataset/contact/address/deliveryPoint
KUBI,04033-metadata.xml,/eml:eml/dataset/contact/address/city
KUBI,04033-metadata.xml,/eml:eml/dataset/contact/address/administrativeArea
KUBI,04033-metadata.xml,/eml:eml/dataset/contact/address/postalCode
KUBI,04033-metadata.xml,/eml:eml/dataset/contact/address/country
KUBI,04033-metadata.xml,/eml:eml/dataset/contact/electronicMailAddress
KUBI,04033-metadata.xml,/eml:eml/dataset/contact/onlineUrl
KUBI,04033-metadata.xml,/eml:eml/dataset/spatialRaster/entityName
KUBI,04033-metadata.xml,/eml:eml/dataset/spatialRaster/physical/objectName
KUBI,04033-metadata.xml,/eml:eml/dataset/spatialRaster/physical/dataFormat/externallyDefinedFormat/formatName
KUBI,04033-metadata.xml,/eml:eml/dataset/spatialRaster/physical/distribution/online/url
KUBI,04033-metadata.xml,/eml:eml/dataset/spatialRaster/physical/distribution/online/url/@function
KUBI,04033-metadata.xml,/eml:eml/dataset/spatialRaster/attributeList/attribute/attributeName
KUBI,04033-metadata.xml,/eml:eml/dataset/spatialRaster/attributeList/attribute/attributeDefinition
KUBI,04033-metadata.xml,/eml:eml/dataset/spatialRaster/attributeList/attribute/storageType
KUBI,04033-metadata.xml,/eml:eml/dataset/spatialRaster/attributeList/attribute/measurementScale/interval/unit/standardUnit
KUBI,04033-metadata.xml,/eml:eml/dataset/spatialRaster/attributeList/attribute/measurementScale/interval/numericDomain/numberType
KUBI,04033-metadata.xml,/eml:eml/dataset/spatialRaster/attributeList/attribute/measurementScale/interval/numericDomain/bounds/minimum
KUBI,04033-metadata.xml,/eml:eml/dataset/spatialRaster/attributeList/attribute/measurementScale/interval/numericDomain/bounds/minimum/@exclusive
KUBI,04033-metadata.xml,/eml:eml/dataset/spatialRaster/attributeList/attribute/measurementScale/interval/numericDomain/bounds/maximum
KUBI,04033-metadata.xml,/eml:eml/dataset/spatialRaster/attributeList/attribute/measurementScale/interval/numericDomain/bounds/maximum/@exclusive
KUBI,04033-metadata.xml,/eml:eml/dataset/spatialRaster/spatialReference/horizCoordSysDef/@name
KUBI,04033-metadata.xml,/eml:eml/dataset/spatialRaster/spatialReference/horizCoordSysDef/geogCoordSys/datum/@name
KUBI,04033-metadata.xml,/eml:eml/dataset/spatialRaster/spatialReference/horizCoordSysDef/geogCoordSys/spheroid/@denomFlatRatio
KUBI,04033-metadata.xml,/eml:eml/dataset/spatialRaster/spatialReference/horizCoordSysDef/geogCoordSys/spheroid/@name
KUBI,04033-metadata.xml,/eml:eml/dataset/spatialRaster/spatialReference/horizCoordSysDef/geogCoordSys/spheroid/@semiAxisMajor
KUBI,04033-metadata.xml,/eml:eml/dataset/spatialRaster/spatialReference/horizCoordSysDef/geogCoordSys/primeMeridian/@longitude
KUBI,04033-metadata.xml,/eml:eml/dataset/spatialRaster/spatialReference/horizCoordSysDef/geogCoordSys/primeMeridian/@name
KUBI,04033-metadata.xml,/eml:eml/dataset/spatialRaster/spatialReference/horizCoordSysDef/geogCoordSys/unit/@name
KUBI,04033-metadata.xml,/eml:eml/dataset/spatialRaster/horizontalAccuracy/accuracyReport
KUBI,04033-metadata.xml,/eml:eml/dataset/spatialRaster/verticalAccuracy/accuracyReport
KUBI,04033-metadata.xml,/eml:eml/dataset/spatialRaster/cellSizeXDirection
KUBI,04033-metadata.xml,/eml:eml/dataset/spatialRaster/cellSizeYDirection
KUBI,04033-metadata.xml,/eml:eml/dataset/spatialRaster/numberOfBands
KUBI,04033-metadata.xml,/eml:eml/dataset/spatialRaster/rasterOrigin
KUBI,04033-metadata.xml,/eml:eml/dataset/spatialRaster/rows
KUBI,04033-metadata.xml,/eml:eml/dataset/spatialRaster/columns
KUBI,04033-metadata.xml,/eml:eml/dataset/spatialRaster/verticals
KUBI,04033-metadata.xml,/eml:eml/dataset/spatialRaster/cellGeometry
KUBI,04034-metadata.xml,/eml:eml/@packageId
KUBI,04034-metadata.xml,/eml:eml/@system
KUBI,04034-metadata.xml,/eml:eml/@xsi:schemaLocation
KUBI,04034-metadata.xml,/eml:eml/dataset/title
KUBI,04034-metadata.xml,/eml:eml/dataset/creator/organizationName
KUBI,04034-metadata.xml,/eml:eml/dataset/keywordSet/keyword
KUBI,04034-metadata.xml,/eml:eml/dataset/keywordSet/keyword
KUBI,04034-metadata.xml,/eml:eml/dataset/keywordSet/keyword
KUBI,04034-metadata.xml,/eml:eml/dataset/keywordSet/keyword
KUBI,04034-metadata.xml,/eml:eml/dataset/keywordSet/keyword
KUBI,04034-metadata.xml,/eml:eml/dataset/coverage/geographicCoverage/geographicDescription
KUBI,04034-metadata.xml,/eml:eml/dataset/coverage/geographicCoverage/boundingCoordinates/westBoundingCoordinate
KUBI,04034-metadata.xml,/eml:eml/dataset/coverage/geographicCoverage/boundingCoordinates/eastBoundingCoordinate
KUBI,04034-metadata.xml,/eml:eml/dataset/coverage/geographicCoverage/boundingCoordinates/northBoundingCoordinate
KUBI,04034-metadata.xml,/eml:eml/dataset/coverage/geographicCoverage/boundingCoordinates/southBoundingCoordinate
KUBI,04034-metadata.xml,/eml:eml/dataset/coverage/temporalCoverage/rangeOfDates/beginDate/calendarDate
KUBI,04034-metadata.xml,/eml:eml/dataset/coverage/temporalCoverage/rangeOfDates/endDate/calendarDate
KUBI,04034-metadata.xml,/eml:eml/dataset/contact/organizationName
KUBI,04034-metadata.xml,/eml:eml/dataset/contact/address/deliveryPoint
KUBI,04034-metadata.xml,/eml:eml/dataset/contact/address/city
KUBI,04034-metadata.xml,/eml:eml/dataset/contact/address/administrativeArea
KUBI,04034-metadata.xml,/eml:eml/dataset/contact/address/postalCode
KUBI,04034-metadata.xml,/eml:eml/dataset/contact/address/country
KUBI,04034-metadata.xml,/eml:eml/dataset/contact/electronicMailAddress
KUBI,04034-metadata.xml,/eml:eml/dataset/contact/onlineUrl
KUBI,04034-metadata.xml,/eml:eml/dataset/spatialRaster/entityName
KUBI,04034-metadata.xml,/eml:eml/dataset/spatialRaster/physical/objectName
KUBI,04034-metadata.xml,/eml:eml/dataset/spatialRaster/physical/dataFormat/externallyDefinedFormat/formatName
KUBI,04034-metadata.xml,/eml:eml/dataset/spatialRaster/physical/distribution/online/url
KUBI,04034-metadata.xml,/eml:eml/dataset/spatialRaster/physical/distribution/online/url/@function
KUBI,04034-metadata.xml,/eml:eml/dataset/spatialRaster/attributeList/attribute/attributeName
KUBI,04034-metadata.xml,/eml:eml/dataset/spatialRaster/attributeList/attribute/attributeDefinition
KUBI,04034-metadata.xml,/eml:eml/dataset/spatialRaster/attributeList/attribute/storageType
KUBI,04034-metadata.xml,/eml:eml/dataset/spatialRaster/attributeList/attribute/measurementScale/interval/unit/customUnit
KUBI,04034-metadata.xml,/eml:eml/dataset/spatialRaster/attributeList/attribute/measurementScale/interval/numericDomain/numberType
KUBI,04034-metadata.xml,/eml:eml/dataset/spatialRaster/attributeList/attribute/measurementScale/interval/numericDomain/bounds/minimum
KUBI,04034-metadata.xml,/eml:eml/dataset/spatialRaster/attributeList/attribute/measurementScale/interval/numericDomain/bounds/minimum/@exclusive
KUBI,04034-metadata.xml,/eml:eml/dataset/spatialRaster/attributeList/attribute/measurementScale/interval/numericDomain/bounds/maximum
KUBI,04034-metadata.xml,/eml:eml/dataset/spatialRaster/attributeList/attribute/measurementScale/interval/numericDomain/bounds/maximum/@exclusive
KUBI,04034-metadata.xml,/eml:eml/dataset/spatialRaster/spatialReference/horizCoordSysDef/@name
KUBI,04034-metadata.xml,/eml:eml/dataset/spatialRaster/spatialReference/horizCoordSysDef/geogCoordSys/datum/@name
KUBI,04034-metadata.xml,/eml:eml/dataset/spatialRaster/spatialReference/horizCoordSysDef/geogCoordSys/spheroid/@denomFlatRatio
KUBI,04034-metadata.xml,/eml:eml/dataset/spatialRaster/spatialReference/horizCoordSysDef/geogCoordSys/spheroid/@name
KUBI,04034-metadata.xml,/eml:eml/dataset/spatialRaster/spatialReference/horizCoordSysDef/geogCoordSys/spheroid/@semiAxisMajor
KUBI,04034-metadata.xml,/eml:eml/dataset/spatialRaster/spatialReference/horizCoordSysDef/geogCoordSys/primeMeridian/@longitude
KUBI,04034-metadata.xml,/eml:eml/dataset/spatialRaster/spatialReference/horizCoordSysDef/geogCoordSys/primeMeridian/@name
KUBI,04034-metadata.xml,/eml:eml/dataset/spatialRaster/spatialReference/horizCoordSysDef/geogCoordSys/unit/@name
KUBI,04034-metadata.xml,/eml:eml/dataset/spatialRaster/horizontalAccuracy/accuracyReport
KUBI,04034-metadata.xml,/eml:eml/dataset/spatialRaster/verticalAccuracy/accuracyReport
KUBI,04034-metadata.xml,/eml:eml/dataset/spatialRaster/cellSizeXDirection
KUBI,04034-metadata.xml,/eml:eml/dataset/spatialRaster/cellSizeYDirection
KUBI,04034-metadata.xml,/eml:eml/dataset/spatialRaster/numberOfBands
KUBI,04034-metadata.xml,/eml:eml/dataset/spatialRaster/rasterOrigin
KUBI,04034-metadata.xml,/eml:eml/dataset/spatialRaster/rows
KUBI,04034-metadata.xml,/eml:eml/dataset/spatialRaster/columns
KUBI,04034-metadata.xml,/eml:eml/dataset/spatialRaster/verticals
KUBI,04034-metadata.xml,/eml:eml/dataset/spatialRaster/cellGeometry
KUBI,04034-metadata.xml,/eml:eml/additionalMetadata/metadata/unitList/ns2:unit/@id
KUBI,04034-metadata.xml,/eml:eml/additionalMetadata/metadata/unitList/ns2:unit/@multiplierToSI
KUBI,04034-metadata.xml,/eml:eml/additionalMetadata/metadata/unitList/ns2:unit/@parentSI
KUBI,04034-metadata.xml,/eml:eml/additionalMetadata/metadata/unitList/ns2:unit/ns2:description
KUBI,04035-metadata.xml,/eml:eml/@packageId
KUBI,04035-metadata.xml,/eml:eml/@system
KUBI,04035-metadata.xml,/eml:eml/@xsi:schemaLocation
KUBI,04035-metadata.xml,/eml:eml/dataset/title
KUBI,04035-metadata.xml,/eml:eml/dataset/creator/organizationName
KUBI,04035-metadata.xml,/eml:eml/dataset/keywordSet/keyword
KUBI,04035-metadata.xml,/eml:eml/dataset/keywordSet/keyword
KUBI,04035-metadata.xml,/eml:eml/dataset/keywordSet/keyword
KUBI,04035-metadata.xml,/eml:eml/dataset/keywordSet/keyword
KUBI,04035-metadata.xml,/eml:eml/dataset/keywordSet/keyword
KUBI,04035-metadata.xml,/eml:eml/dataset/coverage/geographicCoverage/geographicDescription
KUBI,04035-metadata.xml,/eml:eml/dataset/coverage/geographicCoverage/boundingCoordinates/westBoundingCoordinate
KUBI,04035-metadata.xml,/eml:eml/dataset/coverage/geographicCoverage/boundingCoordinates/eastBoundingCoordinate
KUBI,04035-metadata.xml,/eml:eml/dataset/coverage/geographicCoverage/boundingCoordinates/northBoundingCoordinate
KUBI,04035-metadata.xml,/eml:eml/dataset/coverage/geographicCoverage/boundingCoordinates/southBoundingCoordinate
KUBI,04035-metadata.xml,/eml:eml/dataset/coverage/temporalCoverage/rangeOfDates/beginDate/calendarDate
KUBI,04035-metadata.xml,/eml:eml/dataset/coverage/temporalCoverage/rangeOfDates/endDate/calendarDate
KUBI,04035-metadata.xml,/eml:eml/dataset/contact/organizationName
KUBI,04035-metadata.xml,/eml:eml/dataset/contact/address/deliveryPoint
KUBI,04035-metadata.xml,/eml:eml/dataset/contact/address/city
KUBI,04035-metadata.xml,/eml:eml/dataset/contact/address/administrativeArea
KUBI,04035-metadata.xml,/eml:eml/dataset/contact/address/postalCode
KUBI,04035-metadata.xml,/eml:eml/dataset/contact/address/country
KUBI,04035-metadata.xml,/eml:eml/dataset/contact/electronicMailAddress
KUBI,04035-metadata.xml,/eml:eml/dataset/contact/onlineUrl
KUBI,04035-metadata.xml,/eml:eml/dataset/spatialRaster/entityName
KUBI,04035-metadata.xml,/eml:eml/dataset/spatialRaster/physical/objectName
KUBI,04035-metadata.xml,/eml:eml/dataset/spatialRaster/physical/dataFormat/externallyDefinedFormat/formatName
KUBI,04035-metadata.xml,/eml:eml/dataset/spatialRaster/physical/distribution/online/url
KUBI,04035-metadata.xml,/eml:eml/dataset/spatialRaster/physical/distribution/online/url/@function
KUBI,04035-metadata.xml,/eml:eml/dataset/spatialRaster/attributeList/attribute/attributeName
KUBI,04035-metadata.xml,/eml:eml/dataset/spatialRaster/attributeList/attribute/attributeDefinition
KUBI,04035-metadata.xml,/eml:eml/dataset/spatialRaster/attributeList/attribute/storageType
KUBI,04035-metadata.xml,/eml:eml/dataset/spatialRaster/attributeList/attribute/measurementScale/interval/unit/customUnit
KUBI,04035-metadata.xml,/eml:eml/dataset/spatialRaster/attributeList/attribute/measurementScale/interval/numericDomain/numberType
KUBI,04035-metadata.xml,/eml:eml/dataset/spatialRaster/attributeList/attribute/measurementScale/interval/numericDomain/bounds/minimum
KUBI,04035-metadata.xml,/eml:eml/dataset/spatialRaster/attributeList/attribute/measurementScale/interval/numericDomain/bounds/minimum/@exclusive
KUBI,04035-metadata.xml,/eml:eml/dataset/spatialRaster/attributeList/attribute/measurementScale/interval/numericDomain/bounds/maximum
KUBI,04035-metadata.xml,/eml:eml/dataset/spatialRaster/attributeList/attribute/measurementScale/interval/numericDomain/bounds/maximum/@exclusive
KUBI,04035-metadata.xml,/eml:eml/dataset/spatialRaster/spatialReference/horizCoordSysDef/@name
KUBI,04035-metadata.xml,/eml:eml/dataset/spatialRaster/spatialReference/horizCoordSysDef/geogCoordSys/datum/@name
KUBI,04035-metadata.xml,/eml:eml/dataset/spatialRaster/spatialReference/horizCoordSysDef/geogCoordSys/spheroid/@denomFlatRatio
KUBI,04035-metadata.xml,/eml:eml/dataset/spatialRaster/spatialReference/horizCoordSysDef/geogCoordSys/spheroid/@name
KUBI,04035-metadata.xml,/eml:eml/dataset/spatialRaster/spatialReference/horizCoordSysDef/geogCoordSys/spheroid/@semiAxisMajor
KUBI,04035-metadata.xml,/eml:eml/dataset/spatialRaster/spatialReference/horizCoordSysDef/geogCoordSys/primeMeridian/@longitude
KUBI,04035-metadata.xml,/eml:eml/dataset/spatialRaster/spatialReference/horizCoordSysDef/geogCoordSys/primeMeridian/@name
KUBI,04035-metadata.xml,/eml:eml/dataset/spatialRaster/spatialReference/horizCoordSysDef/geogCoordSys/unit/@name
KUBI,04035-metadata.xml,/eml:eml/dataset/spatialRaster/horizontalAccuracy/accuracyReport
KUBI,04035-metadata.xml,/eml:eml/dataset/spatialRaster/verticalAccuracy/accuracyReport
KUBI,04035-metadata.xml,/eml:eml/dataset/spatialRaster/cellSizeXDirection
KUBI,04035-metadata.xml,/eml:eml/dataset/spatialRaster/cellSizeYDirection
KUBI,04035-metadata.xml,/eml:eml/dataset/spatialRaster/numberOfBands
KUBI,04035-metadata.xml,/eml:eml/dataset/spatialRaster/rasterOrigin
KUBI,04035-metadata.xml,/eml:eml/dataset/spatialRaster/rows
KUBI,04035-metadata.xml,/eml:eml/dataset/spatialRaster/columns
KUBI,04035-metadata.xml,/eml:eml/dataset/spatialRaster/verticals
KUBI,04035-metadata.xml,/eml:eml/dataset/spatialRaster/cellGeometry
KUBI,04035-metadata.xml,/eml:eml/additionalMetadata/metadata/unitList/ns2:unit/@id
KUBI,04035-metadata.xml,/eml:eml/additionalMetadata/metadata/unitList/ns2:unit/@multiplierToSI
KUBI,04035-metadata.xml,/eml:eml/additionalMetadata/metadata/unitList/ns2:unit/@parentSI
KUBI,04035-metadata.xml,/eml:eml/additionalMetadata/metadata/unitList/ns2:unit/ns2:description
KUBI,04036-metadata.xml,/eml:eml/@packageId
KUBI,04036-metadata.xml,/eml:eml/@system
KUBI,04036-metadata.xml,/eml:eml/@xsi:schemaLocation
KUBI,04036-metadata.xml,/eml:eml/dataset/title
KUBI,04036-metadata.xml,/eml:eml/dataset/creator/organizationName
KUBI,04036-metadata.xml,/eml:eml/dataset/keywordSet/keyword
KUBI,04036-metadata.xml,/eml:eml/dataset/keywordSet/keyword
KUBI,04036-metadata.xml,/eml:eml/dataset/keywordSet/keyword
KUBI,04036-metadata.xml,/eml:eml/dataset/coverage/geographicCoverage/geographicDescription
KUBI,04036-metadata.xml,/eml:eml/dataset/coverage/geographicCoverage/boundingCoordinates/westBoundingCoordinate
KUBI,04036-metadata.xml,/eml:eml/dataset/coverage/geographicCoverage/boundingCoordinates/eastBoundingCoordinate
KUBI,04036-metadata.xml,/eml:eml/dataset/coverage/geographicCoverage/boundingCoordinates/northBoundingCoordinate
KUBI,04036-metadata.xml,/eml:eml/dataset/coverage/geographicCoverage/boundingCoordinates/southBoundingCoordinate
KUBI,04036-metadata.xml,/eml:eml/dataset/coverage/temporalCoverage/rangeOfDates/beginDate/calendarDate
KUBI,04036-metadata.xml,/eml:eml/dataset/coverage/temporalCoverage/rangeOfDates/endDate/calendarDate
KUBI,04036-metadata.xml,/eml:eml/dataset/contact/organizationName
KUBI,04036-metadata.xml,/eml:eml/dataset/contact/address/deliveryPoint
KUBI,04036-metadata.xml,/eml:eml/dataset/contact/address/city
KUBI,04036-metadata.xml,/eml:eml/dataset/contact/address/administrativeArea
KUBI,04036-metadata.xml,/eml:eml/dataset/contact/address/postalCode
KUBI,04036-metadata.xml,/eml:eml/dataset/contact/address/country
KUBI,04036-metadata.xml,/eml:eml/dataset/contact/electronicMailAddress
KUBI,04036-metadata.xml,/eml:eml/dataset/contact/onlineUrl
KUBI,04036-metadata.xml,/eml:eml/dataset/spatialRaster/entityName
KUBI,04036-metadata.xml,/eml:eml/dataset/spatialRaster/physical/objectName
KUBI,04036-metadata.xml,/eml:eml/dataset/spatialRaster/physical/dataFormat/externallyDefinedFormat/formatName
KUBI,04036-metadata.xml,/eml:eml/dataset/spatialRaster/physical/distribution/online/url
KUBI,04036-metadata.xml,/eml:eml/dataset/spatialRaster/physical/distribution/online/url/@function
KUBI,04036-metadata.xml,/eml:eml/dataset/spatialRaster/attributeList/attribute/attributeName
KUBI,04036-metadata.xml,/eml:eml/dataset/spatialRaster/attributeList/attribute/attributeDefinition
KUBI,04036-metadata.xml,/eml:eml/dataset/spatialRaster/attributeList/attribute/storageType
KUBI,04036-metadata.xml,/eml:eml/dataset/spatialRaster/attributeList/attribute/measurementScale/interval/unit/standardUnit
KUBI,04036-metadata.xml,/eml:eml/dataset/spatialRaster/attributeList/attribute/measurementScale/interval/numericDomain/numberType
KUBI,04036-metadata.xml,/eml:eml/dataset/spatialRaster/attributeList/attribute/measurementScale/interval/numericDomain/bounds/minimum
KUBI,04036-metadata.xml,/eml:eml/dataset/spatialRaster/attributeList/attribute/measurementScale/interval/numericDomain/bounds/minimum/@exclusive
KUBI,04036-metadata.xml,/eml:eml/dataset/spatialRaster/attributeList/attribute/measurementScale/interval/numericDomain/bounds/maximum
KUBI,04036-metadata.xml,/eml:eml/dataset/spatialRaster/attributeList/attribute/measurementScale/interval/numericDomain/bounds/maximum/@exclusive
KUBI,04036-metadata.xml,/eml:eml/dataset/spatialRaster/spatialReference/horizCoordSysDef/@name
KUBI,04036-metadata.xml,/eml:eml/dataset/spatialRaster/spatialReference/horizCoordSysDef/geogCoordSys/datum/@name
KUBI,04036-metadata.xml,/eml:eml/dataset/spatialRaster/spatialReference/horizCoordSysDef/geogCoordSys/spheroid/@denomFlatRatio
KUBI,04036-metadata.xml,/eml:eml/dataset/spatialRaster/spatialReference/horizCoordSysDef/geogCoordSys/spheroid/@name
KUBI,04036-metadata.xml,/eml:eml/dataset/spatialRaster/spatialReference/horizCoordSysDef/geogCoordSys/spheroid/@semiAxisMajor
KUBI,04036-metadata.xml,/eml:eml/dataset/spatialRaster/spatialReference/horizCoordSysDef/geogCoordSys/primeMeridian/@longitude
KUBI,04036-metadata.xml,/eml:eml/dataset/spatialRaster/spatialReference/horizCoordSysDef/geogCoordSys/primeMeridian/@name
KUBI,04036-metadata.xml,/eml:eml/dataset/spatialRaster/spatialReference/horizCoordSysDef/geogCoordSys/unit/@name
KUBI,04036-metadata.xml,/eml:eml/dataset/spatialRaster/horizontalAccuracy/accuracyReport
KUBI,04036-metadata.xml,/eml:eml/dataset/spatialRaster/verticalAccuracy/accuracyReport
KUBI,04036-metadata.xml,/eml:eml/dataset/spatialRaster/cellSizeXDirection
KUBI,04036-metadata.xml,/eml:eml/dataset/spatialRaster/cellSizeYDirection
KUBI,04036-metadata.xml,/eml:eml/dataset/spatialRaster/numberOfBands
KUBI,04036-metadata.xml,/eml:eml/dataset/spatialRaster/rasterOrigin
KUBI,04036-metadata.xml,/eml:eml/dataset/spatialRaster/rows
KUBI,04036-metadata.xml,/eml:eml/dataset/spatialRaster/columns
KUBI,04036-metadata.xml,/eml:eml/dataset/spatialRaster/verticals
KUBI,04036-metadata.xml,/eml:eml/dataset/spatialRaster/cellGeometry
KUBI,04037-metadata.xml,/eml:eml/@packageId
KUBI,04037-metadata.xml,/eml:eml/@system
KUBI,04037-metadata.xml,/eml:eml/@xsi:schemaLocation
KUBI,04037-metadata.xml,/eml:eml/dataset/title
KUBI,04037-metadata.xml,/eml:eml/dataset/creator/organizationName
KUBI,04037-metadata.xml,/eml:eml/dataset/keywordSet/keyword
KUBI,04037-metadata.xml,/eml:eml/dataset/keywordSet/keyword
KUBI,04037-metadata.xml,/eml:eml/dataset/keywordSet/keyword
KUBI,04037-metadata.xml,/eml:eml/dataset/keywordSet/keyword
KUBI,04037-metadata.xml,/eml:eml/dataset/coverage/geographicCoverage/geographicDescription
KUBI,04037-metadata.xml,/eml:eml/dataset/coverage/geographicCoverage/boundingCoordinates/westBoundingCoordinate
KUBI,04037-metadata.xml,/eml:eml/dataset/coverage/geographicCoverage/boundingCoordinates/eastBoundingCoordinate
KUBI,04037-metadata.xml,/eml:eml/dataset/coverage/geographicCoverage/boundingCoordinates/northBoundingCoordinate
KUBI,04037-metadata.xml,/eml:eml/dataset/coverage/geographicCoverage/boundingCoordinates/southBoundingCoordinate
KUBI,04037-metadata.xml,/eml:eml/dataset/coverage/temporalCoverage/rangeOfDates/beginDate/calendarDate
KUBI,04037-metadata.xml,/eml:eml/dataset/coverage/temporalCoverage/rangeOfDates/endDate/calendarDate
KUBI,04037-metadata.xml,/eml:eml/dataset/contact/organizationName
KUBI,04037-metadata.xml,/eml:eml/dataset/contact/address/deliveryPoint
KUBI,04037-metadata.xml,/eml:eml/dataset/contact/address/city
KUBI,04037-metadata.xml,/eml:eml/dataset/contact/address/administrativeArea
KUBI,04037-metadata.xml,/eml:eml/dataset/contact/address/postalCode
KUBI,04037-metadata.xml,/eml:eml/dataset/contact/address/country
KUBI,04037-metadata.xml,/eml:eml/dataset/contact/electronicMailAddress
KUBI,04037-metadata.xml,/eml:eml/dataset/contact/onlineUrl
KUBI,04037-metadata.xml,/eml:eml/dataset/spatialRaster/entityName
KUBI,04037-metadata.xml,/eml:eml/dataset/spatialRaster/physical/objectName
KUBI,04037-metadata.xml,/eml:eml/dataset/spatialRaster/physical/dataFormat/externallyDefinedFormat/formatName
KUBI,04037-metadata.xml,/eml:eml/dataset/spatialRaster/physical/distribution/online/url
KUBI,04037-metadata.xml,/eml:eml/dataset/spatialRaster/physical/distribution/online/url/@function
KUBI,04037-metadata.xml,/eml:eml/dataset/spatialRaster/attributeList/attribute/attributeName
KUBI,04037-metadata.xml,/eml:eml/dataset/spatialRaster/attributeList/attribute/attributeDefinition
KUBI,04037-metadata.xml,/eml:eml/dataset/spatialRaster/attributeList/attribute/storageType
KUBI,04037-metadata.xml,/eml:eml/dataset/spatialRaster/attributeList/attribute/measurementScale/interval/unit/standardUnit
KUBI,04037-metadata.xml,/eml:eml/dataset/spatialRaster/attributeList/attribute/measurementScale/interval/numericDomain/numberType
KUBI,04037-metadata.xml,/eml:eml/dataset/spatialRaster/attributeList/attribute/measurementScale/interval/numericDomain/bounds/minimum
KUBI,04037-metadata.xml,/eml:eml/dataset/spatialRaster/attributeList/attribute/measurementScale/interval/numericDomain/bounds/minimum/@exclusive
KUBI,04037-metadata.xml,/eml:eml/dataset/spatialRaster/attributeList/attribute/measurementScale/interval/numericDomain/bounds/maximum
KUBI,04037-metadata.xml,/eml:eml/dataset/spatialRaster/attributeList/attribute/measurementScale/interval/numericDomain/bounds/maximum/@exclusive
KUBI,04037-metadata.xml,/eml:eml/dataset/spatialRaster/spatialReference/horizCoordSysDef/@name
KUBI,04037-metadata.xml,/eml:eml/dataset/spatialRaster/spatialReference/horizCoordSysDef/geogCoordSys/datum/@name
KUBI,04037-metadata.xml,/eml:eml/dataset/spatialRaster/spatialReference/horizCoordSysDef/geogCoordSys/spheroid/@denomFlatRatio
KUBI,04037-metadata.xml,/eml:eml/dataset/spatialRaster/spatialReference/horizCoordSysDef/geogCoordSys/spheroid/@name
KUBI,04037-metadata.xml,/eml:eml/dataset/spatialRaster/spatialReference/horizCoordSysDef/geogCoordSys/spheroid/@semiAxisMajor
KUBI,04037-metadata.xml,/eml:eml/dataset/spatialRaster/spatialReference/horizCoordSysDef/geogCoordSys/primeMeridian/@longitude
KUBI,04037-metadata.xml,/eml:eml/dataset/spatialRaster/spatialReference/horizCoordSysDef/geogCoordSys/primeMeridian/@name
KUBI,04037-metadata.xml,/eml:eml/dataset/spatialRaster/spatialReference/horizCoordSysDef/geogCoordSys/unit/@name
KUBI,04037-metadata.xml,/eml:eml/dataset/spatialRaster/horizontalAccuracy/accuracyReport
KUBI,04037-metadata.xml,/eml:eml/dataset/spatialRaster/verticalAccuracy/accuracyReport
KUBI,04037-metadata.xml,/eml:eml/dataset/spatialRaster/cellSizeXDirection
KUBI,04037-metadata.xml,/eml:eml/dataset/spatialRaster/cellSizeYDirection
KUBI,04037-metadata.xml,/eml:eml/dataset/spatialRaster/numberOfBands
KUBI,04037-metadata.xml,/eml:eml/dataset/spatialRaster/rasterOrigin
KUBI,04037-metadata.xml,/eml:eml/dataset/spatialRaster/rows
KUBI,04037-metadata.xml,/eml:eml/dataset/spatialRaster/columns
KUBI,04037-metadata.xml,/eml:eml/dataset/spatialRaster/verticals
KUBI,04037-metadata.xml,/eml:eml/dataset/spatialRaster/cellGeometry
KUBI,04038-metadata.xml,/eml:eml/@packageId
KUBI,04038-metadata.xml,/eml:eml/@system
KUBI,04038-metadata.xml,/eml:eml/@xsi:schemaLocation
KUBI,04038-metadata.xml,/eml:eml/dataset/title
KUBI,04038-metadata.xml,/eml:eml/dataset/creator/organizationName
KUBI,04038-metadata.xml,/eml:eml/dataset/keywordSet/keyword
KUBI,04038-metadata.xml,/eml:eml/dataset/keywordSet/keyword
KUBI,04038-metadata.xml,/eml:eml/dataset/keywordSet/keyword
KUBI,04038-metadata.xml,/eml:eml/dataset/keywordSet/keyword
KUBI,04038-metadata.xml,/eml:eml/dataset/coverage/geographicCoverage/geographicDescription
KUBI,04038-metadata.xml,/eml:eml/dataset/coverage/geographicCoverage/boundingCoordinates/westBoundingCoordinate
KUBI,04038-metadata.xml,/eml:eml/dataset/coverage/geographicCoverage/boundingCoordinates/eastBoundingCoordinate
KUBI,04038-metadata.xml,/eml:eml/dataset/coverage/geographicCoverage/boundingCoordinates/northBoundingCoordinate
KUBI,04038-metadata.xml,/eml:eml/dataset/coverage/geographicCoverage/boundingCoordinates/southBoundingCoordinate
KUBI,04038-metadata.xml,/eml:eml/dataset/coverage/temporalCoverage/rangeOfDates/beginDate/calendarDate
KUBI,04038-metadata.xml,/eml:eml/dataset/coverage/temporalCoverage/rangeOfDates/endDate/calendarDate
KUBI,04038-metadata.xml,/eml:eml/dataset/contact/organizationName
KUBI,04038-metadata.xml,/eml:eml/dataset/contact/address/deliveryPoint
KUBI,04038-metadata.xml,/eml:eml/dataset/contact/address/city
KUBI,04038-metadata.xml,/eml:eml/dataset/contact/address/administrativeArea
KUBI,04038-metadata.xml,/eml:eml/dataset/contact/address/postalCode
KUBI,04038-metadata.xml,/eml:eml/dataset/contact/address/country
KUBI,04038-metadata.xml,/eml:eml/dataset/contact/electronicMailAddress
KUBI,04038-metadata.xml,/eml:eml/dataset/contact/onlineUrl
KUBI,04038-metadata.xml,/eml:eml/dataset/spatialRaster/entityName
KUBI,04038-metadata.xml,/eml:eml/dataset/spatialRaster/physical/objectName
KUBI,04038-metadata.xml,/eml:eml/dataset/spatialRaster/physical/dataFormat/externallyDefinedFormat/formatName
KUBI,04038-metadata.xml,/eml:eml/dataset/spatialRaster/physical/distribution/online/url
KUBI,04038-metadata.xml,/eml:eml/dataset/spatialRaster/physical/distribution/online/url/@function
KUBI,04038-metadata.xml,/eml:eml/dataset/spatialRaster/attributeList/attribute/attributeName
KUBI,04038-metadata.xml,/eml:eml/dataset/spatialRaster/attributeList/attribute/attributeDefinition
KUBI,04038-metadata.xml,/eml:eml/dataset/spatialRaster/attributeList/attribute/storageType
KUBI,04038-metadata.xml,/eml:eml/dataset/spatialRaster/attributeList/attribute/measurementScale/interval/unit/standardUnit
KUBI,04038-metadata.xml,/eml:eml/dataset/spatialRaster/attributeList/attribute/measurementScale/interval/numericDomain/numberType
KUBI,04038-metadata.xml,/eml:eml/dataset/spatialRaster/attributeList/attribute/measurementScale/interval/numericDomain/bounds/minimum
KUBI,04038-metadata.xml,/eml:eml/dataset/spatialRaster/attributeList/attribute/measurementScale/interval/numericDomain/bounds/minimum/@exclusive
KUBI,04038-metadata.xml,/eml:eml/dataset/spatialRaster/attributeList/attribute/measurementScale/interval/numericDomain/bounds/maximum
KUBI,04038-metadata.xml,/eml:eml/dataset/spatialRaster/attributeList/attribute/measurementScale/interval/numericDomain/bounds/maximum/@exclusive
KUBI,04038-metadata.xml,/eml:eml/dataset/spatialRaster/spatialReference/horizCoordSysDef/@name
KUBI,04038-metadata.xml,/eml:eml/dataset/spatialRaster/spatialReference/horizCoordSysDef/geogCoordSys/datum/@name
KUBI,04038-metadata.xml,/eml:eml/dataset/spatialRaster/spatialReference/horizCoordSysDef/geogCoordSys/spheroid/@denomFlatRatio
KUBI,04038-metadata.xml,/eml:eml/dataset/spatialRaster/spatialReference/horizCoordSysDef/geogCoordSys/spheroid/@name
KUBI,04038-metadata.xml,/eml:eml/dataset/spatialRaster/spatialReference/horizCoordSysDef/geogCoordSys/spheroid/@semiAxisMajor
KUBI,04038-metadata.xml,/eml:eml/dataset/spatialRaster/spatialReference/horizCoordSysDef/geogCoordSys/primeMeridian/@longitude
KUBI,04038-metadata.xml,/eml:eml/dataset/spatialRaster/spatialReference/horizCoordSysDef/geogCoordSys/primeMeridian/@name
KUBI,04038-metadata.xml,/eml:eml/dataset/spatialRaster/spatialReference/horizCoordSysDef/geogCoordSys/unit/@name
KUBI,04038-metadata.xml,/eml:eml/dataset/spatialRaster/horizontalAccuracy/accuracyReport
KUBI,04038-metadata.xml,/eml:eml/dataset/spatialRaster/verticalAccuracy/accuracyReport
KUBI,04038-metadata.xml,/eml:eml/dataset/spatialRaster/cellSizeXDirection
KUBI,04038-metadata.xml,/eml:eml/dataset/spatialRaster/cellSizeYDirection
KUBI,04038-metadata.xml,/eml:eml/dataset/spatialRaster/numberOfBands
KUBI,04038-metadata.xml,/eml:eml/dataset/spatialRaster/rasterOrigin
KUBI,04038-metadata.xml,/eml:eml/dataset/spatialRaster/rows
KUBI,04038-metadata.xml,/eml:eml/dataset/spatialRaster/columns
KUBI,04038-metadata.xml,/eml:eml/dataset/spatialRaster/verticals
KUBI,04038-metadata.xml,/eml:eml/dataset/spatialRaster/cellGeometry
KUBI,04039-metadata.xml,/eml:eml/@packageId
KUBI,04039-metadata.xml,/eml:eml/@system
KUBI,04039-metadata.xml,/eml:eml/@xsi:schemaLocation
KUBI,04039-metadata.xml,/eml:eml/dataset/title
KUBI,04039-metadata.xml,/eml:eml/dataset/creator/organizationName
KUBI,04039-metadata.xml,/eml:eml/dataset/keywordSet/keyword
KUBI,04039-metadata.xml,/eml:eml/dataset/keywordSet/keyword
KUBI,04039-metadata.xml,/eml:eml/dataset/keywordSet/keyword
KUBI,04039-metadata.xml,/eml:eml/dataset/keywordSet/keyword
KUBI,04039-metadata.xml,/eml:eml/dataset/coverage/geographicCoverage/geographicDescription
KUBI,04039-metadata.xml,/eml:eml/dataset/coverage/geographicCoverage/boundingCoordinates/westBoundingCoordinate
KUBI,04039-metadata.xml,/eml:eml/dataset/coverage/geographicCoverage/boundingCoordinates/eastBoundingCoordinate
KUBI,04039-metadata.xml,/eml:eml/dataset/coverage/geographicCoverage/boundingCoordinates/northBoundingCoordinate
KUBI,04039-metadata.xml,/eml:eml/dataset/coverage/geographicCoverage/boundingCoordinates/southBoundingCoordinate
KUBI,04039-metadata.xml,/eml:eml/dataset/coverage/temporalCoverage/rangeOfDates/beginDate/calendarDate
KUBI,04039-metadata.xml,/eml:eml/dataset/coverage/temporalCoverage/rangeOfDates/endDate/calendarDate
KUBI,04039-metadata.xml,/eml:eml/dataset/contact/organizationName
KUBI,04039-metadata.xml,/eml:eml/dataset/contact/address/deliveryPoint
KUBI,04039-metadata.xml,/eml:eml/dataset/contact/address/city
KUBI,04039-metadata.xml,/eml:eml/dataset/contact/address/administrativeArea
KUBI,04039-metadata.xml,/eml:eml/dataset/contact/address/postalCode
KUBI,04039-metadata.xml,/eml:eml/dataset/contact/address/country
KUBI,04039-metadata.xml,/eml:eml/dataset/contact/electronicMailAddress
KUBI,04039-metadata.xml,/eml:eml/dataset/contact/onlineUrl
KUBI,04039-metadata.xml,/eml:eml/dataset/spatialRaster/entityName
KUBI,04039-metadata.xml,/eml:eml/dataset/spatialRaster/physical/objectName
KUBI,04039-metadata.xml,/eml:eml/dataset/spatialRaster/physical/dataFormat/externallyDefinedFormat/formatName
KUBI,04039-metadata.xml,/eml:eml/dataset/spatialRaster/physical/distribution/online/url
KUBI,04039-metadata.xml,/eml:eml/dataset/spatialRaster/physical/distribution/online/url/@function
KUBI,04039-metadata.xml,/eml:eml/dataset/spatialRaster/attributeList/attribute/attributeName
KUBI,04039-metadata.xml,/eml:eml/dataset/spatialRaster/attributeList/attribute/attributeDefinition
KUBI,04039-metadata.xml,/eml:eml/dataset/spatialRaster/attributeList/attribute/storageType
KUBI,04039-metadata.xml,/eml:eml/dataset/spatialRaster/attributeList/attribute/measurementScale/interval/unit/standardUnit
KUBI,04039-metadata.xml,/eml:eml/dataset/spatialRaster/attributeList/attribute/measurementScale/interval/numericDomain/numberType
KUBI,04039-metadata.xml,/eml:eml/dataset/spatialRaster/attributeList/attribute/measurementScale/interval/numericDomain/bounds/minimum
KUBI,04039-metadata.xml,/eml:eml/dataset/spatialRaster/attributeList/attribute/measurementScale/interval/numericDomain/bounds/minimum/@exclusive
KUBI,04039-metadata.xml,/eml:eml/dataset/spatialRaster/attributeList/attribute/measurementScale/interval/numericDomain/bounds/maximum
KUBI,04039-metadata.xml,/eml:eml/dataset/spatialRaster/attributeList/attribute/measurementScale/interval/numericDomain/bounds/maximum/@exclusive
KUBI,04039-metadata.xml,/eml:eml/dataset/spatialRaster/spatialReference/horizCoordSysDef/@name
KUBI,04039-metadata.xml,/eml:eml/dataset/spatialRaster/spatialReference/horizCoordSysDef/geogCoordSys/datum/@name
KUBI,04039-metadata.xml,/eml:eml/dataset/spatialRaster/spatialReference/horizCoordSysDef/geogCoordSys/spheroid/@denomFlatRatio
KUBI,04039-metadata.xml,/eml:eml/dataset/spatialRaster/spatialReference/horizCoordSysDef/geogCoordSys/spheroid/@name
KUBI,04039-metadata.xml,/eml:eml/dataset/spatialRaster/spatialReference/horizCoordSysDef/geogCoordSys/spheroid/@semiAxisMajor
KUBI,04039-metadata.xml,/eml:eml/dataset/spatialRaster/spatialReference/horizCoordSysDef/geogCoordSys/primeMeridian/@longitude
KUBI,04039-metadata.xml,/eml:eml/dataset/spatialRaster/spatialReference/horizCoordSysDef/geogCoordSys/primeMeridian/@name
KUBI,04039-metadata.xml,/eml:eml/dataset/spatialRaster/spatialReference/horizCoordSysDef/geogCoordSys/unit/@name
KUBI,04039-metadata.xml,/eml:eml/dataset/spatialRaster/horizontalAccuracy/accuracyReport
KUBI,04039-metadata.xml,/eml:eml/dataset/spatialRaster/verticalAccuracy/accuracyReport
KUBI,04039-metadata.xml,/eml:eml/dataset/spatialRaster/cellSizeXDirection
KUBI,04039-metadata.xml,/eml:eml/dataset/spatialRaster/cellSizeYDirection
KUBI,04039-metadata.xml,/eml:eml/dataset/spatialRaster/numberOfBands
KUBI,04039-metadata.xml,/eml:eml/dataset/spatialRaster/rasterOrigin
KUBI,04039-metadata.xml,/eml:eml/dataset/spatialRaster/rows
KUBI,04039-metadata.xml,/eml:eml/dataset/spatialRaster/columns
KUBI,04039-metadata.xml,/eml:eml/dataset/spatialRaster/verticals
KUBI,04039-metadata.xml,/eml:eml/dataset/spatialRaster/cellGeometry
KUBI,04040-metadata.xml,/eml:eml/@packageId
KUBI,04040-metadata.xml,/eml:eml/@system
KUBI,04040-metadata.xml,/eml:eml/@xsi:schemaLocation
KUBI,04040-metadata.xml,/eml:eml/dataset/title
KUBI,04040-metadata.xml,/eml:eml/dataset/creator/organizationName
KUBI,04040-metadata.xml,/eml:eml/dataset/keywordSet/keyword
KUBI,04040-metadata.xml,/eml:eml/dataset/keywordSet/keyword
KUBI,04040-metadata.xml,/eml:eml/dataset/keywordSet/keyword
KUBI,04040-metadata.xml,/eml:eml/dataset/keywordSet/keyword
KUBI,04040-metadata.xml,/eml:eml/dataset/coverage/geographicCoverage/geographicDescription
KUBI,04040-metadata.xml,/eml:eml/dataset/coverage/geographicCoverage/boundingCoordinates/westBoundingCoordinate
KUBI,04040-metadata.xml,/eml:eml/dataset/coverage/geographicCoverage/boundingCoordinates/eastBoundingCoordinate
KUBI,04040-metadata.xml,/eml:eml/dataset/coverage/geographicCoverage/boundingCoordinates/northBoundingCoordinate
KUBI,04040-metadata.xml,/eml:eml/dataset/coverage/geographicCoverage/boundingCoordinates/southBoundingCoordinate
KUBI,04040-metadata.xml,/eml:eml/dataset/coverage/temporalCoverage/rangeOfDates/beginDate/calendarDate
KUBI,04040-metadata.xml,/eml:eml/dataset/coverage/temporalCoverage/rangeOfDates/endDate/calendarDate
KUBI,04040-metadata.xml,/eml:eml/dataset/contact/organizationName
KUBI,04040-metadata.xml,/eml:eml/dataset/contact/address/deliveryPoint
KUBI,04040-metadata.xml,/eml:eml/dataset/contact/address/city
KUBI,04040-metadata.xml,/eml:eml/dataset/contact/address/administrativeArea
KUBI,04040-metadata.xml,/eml:eml/dataset/contact/address/postalCode
KUBI,04040-metadata.xml,/eml:eml/dataset/contact/address/country
KUBI,04040-metadata.xml,/eml:eml/dataset/contact/electronicMailAddress
KUBI,04040-metadata.xml,/eml:eml/dataset/contact/onlineUrl
KUBI,04040-metadata.xml,/eml:eml/dataset/spatialRaster/entityName
KUBI,04040-metadata.xml,/eml:eml/dataset/spatialRaster/physical/objectName
KUBI,04040-metadata.xml,/eml:eml/dataset/spatialRaster/physical/dataFormat/externallyDefinedFormat/formatName
KUBI,04040-metadata.xml,/eml:eml/dataset/spatialRaster/physical/distribution/online/url
KUBI,04040-metadata.xml,/eml:eml/dataset/spatialRaster/physical/distribution/online/url/@function
KUBI,04040-metadata.xml,/eml:eml/dataset/spatialRaster/attributeList/attribute/attributeName
KUBI,04040-metadata.xml,/eml:eml/dataset/spatialRaster/attributeList/attribute/attributeDefinition
KUBI,04040-metadata.xml,/eml:eml/dataset/spatialRaster/attributeList/attribute/storageType
KUBI,04040-metadata.xml,/eml:eml/dataset/spatialRaster/attributeList/attribute/measurementScale/interval/unit/customUnit
KUBI,04040-metadata.xml,/eml:eml/dataset/spatialRaster/attributeList/attribute/measurementScale/interval/numericDomain/numberType
KUBI,04040-metadata.xml,/eml:eml/dataset/spatialRaster/attributeList/attribute/measurementScale/interval/numericDomain/bounds/minimum
KUBI,04040-metadata.xml,/eml:eml/dataset/spatialRaster/attributeList/attribute/measurementScale/interval/numericDomain/bounds/minimum/@exclusive
KUBI,04040-metadata.xml,/eml:eml/dataset/spatialRaster/attributeList/attribute/measurementScale/interval/numericDomain/bounds/maximum
KUBI,04040-metadata.xml,/eml:eml/dataset/spatialRaster/attributeList/attribute/measurementScale/interval/numericDomain/bounds/maximum/@exclusive
KUBI,04040-metadata.xml,/eml:eml/dataset/spatialRaster/spatialReference/horizCoordSysDef/@name
KUBI,04040-metadata.xml,/eml:eml/dataset/spatialRaster/spatialReference/horizCoordSysDef/geogCoordSys/datum/@name
KUBI,04040-metadata.xml,/eml:eml/dataset/spatialRaster/spatialReference/horizCoordSysDef/geogCoordSys/spheroid/@denomFlatRatio
KUBI,04040-metadata.xml,/eml:eml/dataset/spatialRaster/spatialReference/horizCoordSysDef/geogCoordSys/spheroid/@name
KUBI,04040-metadata.xml,/eml:eml/dataset/spatialRaster/spatialReference/horizCoordSysDef/geogCoordSys/spheroid/@semiAxisMajor
KUBI,04040-metadata.xml,/eml:eml/dataset/spatialRaster/spatialReference/horizCoordSysDef/geogCoordSys/primeMeridian/@longitude
KUBI,04040-metadata.xml,/eml:eml/dataset/spatialRaster/spatialReference/horizCoordSysDef/geogCoordSys/primeMeridian/@name
KUBI,04040-metadata.xml,/eml:eml/dataset/spatialRaster/spatialReference/horizCoordSysDef/geogCoordSys/unit/@name
KUBI,04040-metadata.xml,/eml:eml/dataset/spatialRaster/horizontalAccuracy/accuracyReport
KUBI,04040-metadata.xml,/eml:eml/dataset/spatialRaster/verticalAccuracy/accuracyReport
KUBI,04040-metadata.xml,/eml:eml/dataset/spatialRaster/cellSizeXDirection
KUBI,04040-metadata.xml,/eml:eml/dataset/spatialRaster/cellSizeYDirection
KUBI,04040-metadata.xml,/eml:eml/dataset/spatialRaster/numberOfBands
KUBI,04040-metadata.xml,/eml:eml/dataset/spatialRaster/rasterOrigin
KUBI,04040-metadata.xml,/eml:eml/dataset/spatialRaster/rows
KUBI,04040-metadata.xml,/eml:eml/dataset/spatialRaster/columns
KUBI,04040-metadata.xml,/eml:eml/dataset/spatialRaster/verticals
KUBI,04040-metadata.xml,/eml:eml/dataset/spatialRaster/cellGeometry
KUBI,04040-metadata.xml,/eml:eml/additionalMetadata/metadata/unitList/ns2:unit/@id
KUBI,04040-metadata.xml,/eml:eml/additionalMetadata/metadata/unitList/ns2:unit/ns2:description
KUBI,04041-metadata.xml,/eml:eml/@packageId
KUBI,04041-metadata.xml,/eml:eml/@system
KUBI,04041-metadata.xml,/eml:eml/@xsi:schemaLocation
KUBI,04041-metadata.xml,/eml:eml/dataset/title
KUBI,04041-metadata.xml,/eml:eml/dataset/creator/organizationName
KUBI,04041-metadata.xml,/eml:eml/dataset/keywordSet/keyword
KUBI,04041-metadata.xml,/eml:eml/dataset/keywordSet/keyword
KUBI,04041-metadata.xml,/eml:eml/dataset/keywordSet/keyword
KUBI,04041-metadata.xml,/eml:eml/dataset/coverage/geographicCoverage/geographicDescription
KUBI,04041-metadata.xml,/eml:eml/dataset/coverage/geographicCoverage/boundingCoordinates/westBoundingCoordinate
KUBI,04041-metadata.xml,/eml:eml/dataset/coverage/geographicCoverage/boundingCoordinates/eastBoundingCoordinate
KUBI,04041-metadata.xml,/eml:eml/dataset/coverage/geographicCoverage/boundingCoordinates/northBoundingCoordinate
KUBI,04041-metadata.xml,/eml:eml/dataset/coverage/geographicCoverage/boundingCoordinates/southBoundingCoordinate
KUBI,04041-metadata.xml,/eml:eml/dataset/coverage/temporalCoverage/rangeOfDates/beginDate/calendarDate
KUBI,04041-metadata.xml,/eml:eml/dataset/coverage/temporalCoverage/rangeOfDates/endDate/calendarDate
KUBI,04041-metadata.xml,/eml:eml/dataset/contact/organizationName
KUBI,04041-metadata.xml,/eml:eml/dataset/contact/address/deliveryPoint
KUBI,04041-metadata.xml,/eml:eml/dataset/contact/address/city
KUBI,04041-metadata.xml,/eml:eml/dataset/contact/address/administrativeArea
KUBI,04041-metadata.xml,/eml:eml/dataset/contact/address/postalCode
KUBI,04041-metadata.xml,/eml:eml/dataset/contact/address/country
KUBI,04041-metadata.xml,/eml:eml/dataset/contact/electronicMailAddress
KUBI,04041-metadata.xml,/eml:eml/dataset/contact/onlineUrl
KUBI,04041-metadata.xml,/eml:eml/dataset/spatialRaster/entityName
KUBI,04041-metadata.xml,/eml:eml/dataset/spatialRaster/physical/objectName
KUBI,04041-metadata.xml,/eml:eml/dataset/spatialRaster/physical/dataFormat/externallyDefinedFormat/formatName
KUBI,04041-metadata.xml,/eml:eml/dataset/spatialRaster/physical/distribution/online/url
KUBI,04041-metadata.xml,/eml:eml/dataset/spatialRaster/physical/distribution/online/url/@function
KUBI,04041-metadata.xml,/eml:eml/dataset/spatialRaster/attributeList/attribute/attributeName
KUBI,04041-metadata.xml,/eml:eml/dataset/spatialRaster/attributeList/attribute/attributeDefinition
KUBI,04041-metadata.xml,/eml:eml/dataset/spatialRaster/attributeList/attribute/storageType
KUBI,04041-metadata.xml,/eml:eml/dataset/spatialRaster/attributeList/attribute/measurementScale/interval/unit/standardUnit
KUBI,04041-metadata.xml,/eml:eml/dataset/spatialRaster/attributeList/attribute/measurementScale/interval/numericDomain/numberType
KUBI,04041-metadata.xml,/eml:eml/dataset/spatialRaster/attributeList/attribute/measurementScale/interval/numericDomain/bounds/minimum
KUBI,04041-metadata.xml,/eml:eml/dataset/spatialRaster/attributeList/attribute/measurementScale/interval/numericDomain/bounds/minimum/@exclusive
KUBI,04041-metadata.xml,/eml:eml/dataset/spatialRaster/attributeList/attribute/measurementScale/interval/numericDomain/bounds/maximum
KUBI,04041-metadata.xml,/eml:eml/dataset/spatialRaster/attributeList/attribute/measurementScale/interval/numericDomain/bounds/maximum/@exclusive
KUBI,04041-metadata.xml,/eml:eml/dataset/spatialRaster/spatialReference/horizCoordSysDef/@name
KUBI,04041-metadata.xml,/eml:eml/dataset/spatialRaster/spatialReference/horizCoordSysDef/geogCoordSys/datum/@name
KUBI,04041-metadata.xml,/eml:eml/dataset/spatialRaster/spatialReference/horizCoordSysDef/geogCoordSys/spheroid/@denomFlatRatio
KUBI,04041-metadata.xml,/eml:eml/dataset/spatialRaster/spatialReference/horizCoordSysDef/geogCoordSys/spheroid/@name
KUBI,04041-metadata.xml,/eml:eml/dataset/spatialRaster/spatialReference/horizCoordSysDef/geogCoordSys/spheroid/@semiAxisMajor
KUBI,04041-metadata.xml,/eml:eml/dataset/spatialRaster/spatialReference/horizCoordSysDef/geogCoordSys/primeMeridian/@longitude
KUBI,04041-metadata.xml,/eml:eml/dataset/spatialRaster/spatialReference/horizCoordSysDef/geogCoordSys/primeMeridian/@name
KUBI,04041-metadata.xml,/eml:eml/dataset/spatialRaster/spatialReference/horizCoordSysDef/geogCoordSys/unit/@name
KUBI,04041-metadata.xml,/eml:eml/dataset/spatialRaster/horizontalAccuracy/accuracyReport
KUBI,04041-metadata.xml,/eml:eml/dataset/spatialRaster/verticalAccuracy/accuracyReport
KUBI,04041-metadata.xml,/eml:eml/dataset/spatialRaster/cellSizeXDirection
KUBI,04041-metadata.xml,/eml:eml/dataset/spatialRaster/cellSizeYDirection
KUBI,04041-metadata.xml,/eml:eml/dataset/spatialRaster/numberOfBands
KUBI,04041-metadata.xml,/eml:eml/dataset/spatialRaster/rasterOrigin
KUBI,04041-metadata.xml,/eml:eml/dataset/spatialRaster/rows
KUBI,04041-metadata.xml,/eml:eml/dataset/spatialRaster/columns
KUBI,04041-metadata.xml,/eml:eml/dataset/spatialRaster/verticals
KUBI,04041-metadata.xml,/eml:eml/dataset/spatialRaster/cellGeometry
KUBI,04042-metadata.xml,/eml:eml/@packageId
KUBI,04042-metadata.xml,/eml:eml/@system
KUBI,04042-metadata.xml,/eml:eml/@xsi:schemaLocation
KUBI,04042-metadata.xml,/eml:eml/dataset/title
KUBI,04042-metadata.xml,/eml:eml/dataset/creator/organizationName
KUBI,04042-metadata.xml,/eml:eml/dataset/keywordSet/keyword
KUBI,04042-metadata.xml,/eml:eml/dataset/keywordSet/keyword
KUBI,04042-metadata.xml,/eml:eml/dataset/keywordSet/keyword
KUBI,04042-metadata.xml,/eml:eml/dataset/coverage/geographicCoverage/geographicDescription
KUBI,04042-metadata.xml,/eml:eml/dataset/coverage/geographicCoverage/boundingCoordinates/westBoundingCoordinate
KUBI,04042-metadata.xml,/eml:eml/dataset/coverage/geographicCoverage/boundingCoordinates/eastBoundingCoordinate
KUBI,04042-metadata.xml,/eml:eml/dataset/coverage/geographicCoverage/boundingCoordinates/northBoundingCoordinate
KUBI,04042-metadata.xml,/eml:eml/dataset/coverage/geographicCoverage/boundingCoordinates/southBoundingCoordinate
KUBI,04042-metadata.xml,/eml:eml/dataset/coverage/temporalCoverage/rangeOfDates/beginDate/calendarDate
KUBI,04042-metadata.xml,/eml:eml/dataset/coverage/temporalCoverage/rangeOfDates/endDate/calendarDate
KUBI,04042-metadata.xml,/eml:eml/dataset/contact/organizationName
KUBI,04042-metadata.xml,/eml:eml/dataset/contact/address/deliveryPoint
KUBI,04042-metadata.xml,/eml:eml/dataset/contact/address/city
KUBI,04042-metadata.xml,/eml:eml/dataset/contact/address/administrativeArea
KUBI,04042-metadata.xml,/eml:eml/dataset/contact/address/postalCode
KUBI,04042-metadata.xml,/eml:eml/dataset/contact/address/country
KUBI,04042-metadata.xml,/eml:eml/dataset/contact/electronicMailAddress
KUBI,04042-metadata.xml,/eml:eml/dataset/contact/onlineUrl
KUBI,04042-metadata.xml,/eml:eml/dataset/spatialRaster/entityName
KUBI,04042-metadata.xml,/eml:eml/dataset/spatialRaster/physical/objectName
KUBI,04042-metadata.xml,/eml:eml/dataset/spatialRaster/physical/dataFormat/externallyDefinedFormat/formatName
KUBI,04042-metadata.xml,/eml:eml/dataset/spatialRaster/physical/distribution/online/url
KUBI,04042-metadata.xml,/eml:eml/dataset/spatialRaster/physical/distribution/online/url/@function
KUBI,04042-metadata.xml,/eml:eml/dataset/spatialRaster/attributeList/attribute/attributeName
KUBI,04042-metadata.xml,/eml:eml/dataset/spatialRaster/attributeList/attribute/attributeDefinition
KUBI,04042-metadata.xml,/eml:eml/dataset/spatialRaster/attributeList/attribute/storageType
KUBI,04042-metadata.xml,/eml:eml/dataset/spatialRaster/attributeList/attribute/measurementScale/interval/unit/standardUnit
KUBI,04042-metadata.xml,/eml:eml/dataset/spatialRaster/attributeList/attribute/measurementScale/interval/numericDomain/numberType
KUBI,04042-metadata.xml,/eml:eml/dataset/spatialRaster/attributeList/attribute/measurementScale/interval/numericDomain/bounds/minimum
KUBI,04042-metadata.xml,/eml:eml/dataset/spatialRaster/attributeList/attribute/measurementScale/interval/numericDomain/bounds/minimum/@exclusive
KUBI,04042-metadata.xml,/eml:eml/dataset/spatialRaster/attributeList/attribute/measurementScale/interval/numericDomain/bounds/maximum
KUBI,04042-metadata.xml,/eml:eml/dataset/spatialRaster/attributeList/attribute/measurementScale/interval/numericDomain/bounds/maximum/@exclusive
KUBI,04042-metadata.xml,/eml:eml/dataset/spatialRaster/spatialReference/horizCoordSysDef/@name
KUBI,04042-metadata.xml,/eml:eml/dataset/spatialRaster/spatialReference/horizCoordSysDef/geogCoordSys/datum/@name
KUBI,04042-metadata.xml,/eml:eml/dataset/spatialRaster/spatialReference/horizCoordSysDef/geogCoordSys/spheroid/@denomFlatRatio
KUBI,04042-metadata.xml,/eml:eml/dataset/spatialRaster/spatialReference/horizCoordSysDef/geogCoordSys/spheroid/@name
KUBI,04042-metadata.xml,/eml:eml/dataset/spatialRaster/spatialReference/horizCoordSysDef/geogCoordSys/spheroid/@semiAxisMajor
KUBI,04042-metadata.xml,/eml:eml/dataset/spatialRaster/spatialReference/horizCoordSysDef/geogCoordSys/primeMeridian/@longitude
KUBI,04042-metadata.xml,/eml:eml/dataset/spatialRaster/spatialReference/horizCoordSysDef/geogCoordSys/primeMeridian/@name
KUBI,04042-metadata.xml,/eml:eml/dataset/spatialRaster/spatialReference/horizCoordSysDef/geogCoordSys/unit/@name
KUBI,04042-metadata.xml,/eml:eml/dataset/spatialRaster/horizontalAccuracy/accuracyReport
KUBI,04042-metadata.xml,/eml:eml/dataset/spatialRaster/verticalAccuracy/accuracyReport
KUBI,04042-metadata.xml,/eml:eml/dataset/spatialRaster/cellSizeXDirection
KUBI,04042-metadata.xml,/eml:eml/dataset/spatialRaster/cellSizeYDirection
KUBI,04042-metadata.xml,/eml:eml/dataset/spatialRaster/numberOfBands
KUBI,04042-metadata.xml,/eml:eml/dataset/spatialRaster/rasterOrigin
KUBI,04042-metadata.xml,/eml:eml/dataset/spatialRaster/rows
KUBI,04042-metadata.xml,/eml:eml/dataset/spatialRaster/columns
KUBI,04042-metadata.xml,/eml:eml/dataset/spatialRaster/verticals
KUBI,04042-metadata.xml,/eml:eml/dataset/spatialRaster/cellGeometry
KUBI,04043-metadata.xml,/eml:eml/@packageId
KUBI,04043-metadata.xml,/eml:eml/@system
KUBI,04043-metadata.xml,/eml:eml/@xsi:schemaLocation
KUBI,04043-metadata.xml,/eml:eml/dataset/title
KUBI,04043-metadata.xml,/eml:eml/dataset/creator/organizationName
KUBI,04043-metadata.xml,/eml:eml/dataset/keywordSet/keyword
KUBI,04043-metadata.xml,/eml:eml/dataset/keywordSet/keyword
KUBI,04043-metadata.xml,/eml:eml/dataset/keywordSet/keyword
KUBI,04043-metadata.xml,/eml:eml/dataset/keywordSet/keyword
KUBI,04043-metadata.xml,/eml:eml/dataset/coverage/geographicCoverage/geographicDescription
KUBI,04043-metadata.xml,/eml:eml/dataset/coverage/geographicCoverage/boundingCoordinates/westBoundingCoordinate
KUBI,04043-metadata.xml,/eml:eml/dataset/coverage/geographicCoverage/boundingCoordinates/eastBoundingCoordinate
KUBI,04043-metadata.xml,/eml:eml/dataset/coverage/geographicCoverage/boundingCoordinates/northBoundingCoordinate
KUBI,04043-metadata.xml,/eml:eml/dataset/coverage/geographicCoverage/boundingCoordinates/southBoundingCoordinate
KUBI,04043-metadata.xml,/eml:eml/dataset/coverage/temporalCoverage/rangeOfDates/beginDate/calendarDate
KUBI,04043-metadata.xml,/eml:eml/dataset/coverage/temporalCoverage/rangeOfDates/endDate/calendarDate
KUBI,04043-metadata.xml,/eml:eml/dataset/contact/organizationName
KUBI,04043-metadata.xml,/eml:eml/dataset/contact/address/deliveryPoint
KUBI,04043-metadata.xml,/eml:eml/dataset/contact/address/city
KUBI,04043-metadata.xml,/eml:eml/dataset/contact/address/administrativeArea
KUBI,04043-metadata.xml,/eml:eml/dataset/contact/address/postalCode
KUBI,04043-metadata.xml,/eml:eml/dataset/contact/address/country
KUBI,04043-metadata.xml,/eml:eml/dataset/contact/electronicMailAddress
KUBI,04043-metadata.xml,/eml:eml/dataset/contact/onlineUrl
KUBI,04043-metadata.xml,/eml:eml/dataset/spatialRaster/entityName
KUBI,04043-metadata.xml,/eml:eml/dataset/spatialRaster/physical/objectName
KUBI,04043-metadata.xml,/eml:eml/dataset/spatialRaster/physical/dataFormat/externallyDefinedFormat/formatName
KUBI,04043-metadata.xml,/eml:eml/dataset/spatialRaster/physical/distribution/online/url
KUBI,04043-metadata.xml,/eml:eml/dataset/spatialRaster/physical/distribution/online/url/@function
KUBI,04043-metadata.xml,/eml:eml/dataset/spatialRaster/attributeList/attribute/attributeName
KUBI,04043-metadata.xml,/eml:eml/dataset/spatialRaster/attributeList/attribute/attributeDefinition
KUBI,04043-metadata.xml,/eml:eml/dataset/spatialRaster/attributeList/attribute/storageType
KUBI,04043-metadata.xml,/eml:eml/dataset/spatialRaster/attributeList/attribute/measurementScale/interval/unit/standardUnit
KUBI,04043-metadata.xml,/eml:eml/dataset/spatialRaster/attributeList/attribute/measurementScale/interval/numericDomain/numberType
KUBI,04043-metadata.xml,/eml:eml/dataset/spatialRaster/attributeList/attribute/measurementScale/interval/numericDomain/bounds/minimum
KUBI,04043-metadata.xml,/eml:eml/dataset/spatialRaster/attributeList/attribute/measurementScale/interval/numericDomain/bounds/minimum/@exclusive
KUBI,04043-metadata.xml,/eml:eml/dataset/spatialRaster/attributeList/attribute/measurementScale/interval/numericDomain/bounds/maximum
KUBI,04043-metadata.xml,/eml:eml/dataset/spatialRaster/attributeList/attribute/measurementScale/interval/numericDomain/bounds/maximum/@exclusive
KUBI,04043-metadata.xml,/eml:eml/dataset/spatialRaster/spatialReference/horizCoordSysDef/@name
KUBI,04043-metadata.xml,/eml:eml/dataset/spatialRaster/spatialReference/horizCoordSysDef/geogCoordSys/datum/@name
KUBI,04043-metadata.xml,/eml:eml/dataset/spatialRaster/spatialReference/horizCoordSysDef/geogCoordSys/spheroid/@denomFlatRatio
KUBI,04043-metadata.xml,/eml:eml/dataset/spatialRaster/spatialReference/horizCoordSysDef/geogCoordSys/spheroid/@name
KUBI,04043-metadata.xml,/eml:eml/dataset/spatialRaster/spatialReference/horizCoordSysDef/geogCoordSys/spheroid/@semiAxisMajor
KUBI,04043-metadata.xml,/eml:eml/dataset/spatialRaster/spatialReference/horizCoordSysDef/geogCoordSys/primeMeridian/@longitude
KUBI,04043-metadata.xml,/eml:eml/dataset/spatialRaster/spatialReference/horizCoordSysDef/geogCoordSys/primeMeridian/@name
KUBI,04043-metadata.xml,/eml:eml/dataset/spatialRaster/spatialReference/horizCoordSysDef/geogCoordSys/unit/@name
KUBI,04043-metadata.xml,/eml:eml/dataset/spatialRaster/horizontalAccuracy/accuracyReport
KUBI,04043-metadata.xml,/eml:eml/dataset/spatialRaster/verticalAccuracy/accuracyReport
KUBI,04043-metadata.xml,/eml:eml/dataset/spatialRaster/cellSizeXDirection
KUBI,04043-metadata.xml,/eml:eml/dataset/spatialRaster/cellSizeYDirection
KUBI,04043-metadata.xml,/eml:eml/dataset/spatialRaster/numberOfBands
KUBI,04043-metadata.xml,/eml:eml/dataset/spatialRaster/rasterOrigin
KUBI,04043-metadata.xml,/eml:eml/dataset/spatialRaster/rows
KUBI,04043-metadata.xml,/eml:eml/dataset/spatialRaster/columns
KUBI,04043-metadata.xml,/eml:eml/dataset/spatialRaster/verticals
KUBI,04043-metadata.xml,/eml:eml/dataset/spatialRaster/cellGeometry
KUBI,04044-metadata.xml,/eml:eml/@packageId
KUBI,04044-metadata.xml,/eml:eml/@system
KUBI,04044-metadata.xml,/eml:eml/@xsi:schemaLocation
KUBI,04044-metadata.xml,/eml:eml/dataset/title
KUBI,04044-metadata.xml,/eml:eml/dataset/creator/organizationName
KUBI,04044-metadata.xml,/eml:eml/dataset/keywordSet/keyword
KUBI,04044-metadata.xml,/eml:eml/dataset/keywordSet/keyword
KUBI,04044-metadata.xml,/eml:eml/dataset/keywordSet/keyword
KUBI,04044-metadata.xml,/eml:eml/dataset/keywordSet/keyword
KUBI,04044-metadata.xml,/eml:eml/dataset/keywordSet/keyword
KUBI,04044-metadata.xml,/eml:eml/dataset/coverage/geographicCoverage/geographicDescription
KUBI,04044-metadata.xml,/eml:eml/dataset/coverage/geographicCoverage/boundingCoordinates/westBoundingCoordinate
KUBI,04044-metadata.xml,/eml:eml/dataset/coverage/geographicCoverage/boundingCoordinates/eastBoundingCoordinate
KUBI,04044-metadata.xml,/eml:eml/dataset/coverage/geographicCoverage/boundingCoordinates/northBoundingCoordinate
KUBI,04044-metadata.xml,/eml:eml/dataset/coverage/geographicCoverage/boundingCoordinates/southBoundingCoordinate
KUBI,04044-metadata.xml,/eml:eml/dataset/coverage/temporalCoverage/rangeOfDates/beginDate/calendarDate
KUBI,04044-metadata.xml,/eml:eml/dataset/coverage/temporalCoverage/rangeOfDates/endDate/calendarDate
KUBI,04044-metadata.xml,/eml:eml/dataset/contact/organizationName
KUBI,04044-metadata.xml,/eml:eml/dataset/contact/address/deliveryPoint
KUBI,04044-metadata.xml,/eml:eml/dataset/contact/address/city
KUBI,04044-metadata.xml,/eml:eml/dataset/contact/address/administrativeArea
KUBI,04044-metadata.xml,/eml:eml/dataset/contact/address/postalCode
KUBI,04044-metadata.xml,/eml:eml/dataset/contact/address/country
KUBI,04044-metadata.xml,/eml:eml/dataset/contact/electronicMailAddress
KUBI,04044-metadata.xml,/eml:eml/dataset/contact/onlineUrl
KUBI,04044-metadata.xml,/eml:eml/dataset/spatialRaster/entityName
KUBI,04044-metadata.xml,/eml:eml/dataset/spatialRaster/physical/objectName
KUBI,04044-metadata.xml,/eml:eml/dataset/spatialRaster/physical/dataFormat/externallyDefinedFormat/formatName
KUBI,04044-metadata.xml,/eml:eml/dataset/spatialRaster/physical/distribution/online/url
KUBI,04044-metadata.xml,/eml:eml/dataset/spatialRaster/physical/distribution/online/url/@function
KUBI,04044-metadata.xml,/eml:eml/dataset/spatialRaster/attributeList/attribute/attributeName
KUBI,04044-metadata.xml,/eml:eml/dataset/spatialRaster/attributeList/attribute/attributeDefinition
KUBI,04044-metadata.xml,/eml:eml/dataset/spatialRaster/attributeList/attribute/storageType
KUBI,04044-metadata.xml,/eml:eml/dataset/spatialRaster/attributeList/attribute/measurementScale/interval/unit/customUnit
KUBI,04044-metadata.xml,/eml:eml/dataset/spatialRaster/attributeList/attribute/measurementScale/interval/numericDomain/numberType
KUBI,04044-metadata.xml,/eml:eml/dataset/spatialRaster/attributeList/attribute/measurementScale/interval/numericDomain/bounds/minimum
KUBI,04044-metadata.xml,/eml:eml/dataset/spatialRaster/attributeList/attribute/measurementScale/interval/numericDomain/bounds/minimum/@exclusive
KUBI,04044-metadata.xml,/eml:eml/dataset/spatialRaster/attributeList/attribute/measurementScale/interval/numericDomain/bounds/maximum
KUBI,04044-metadata.xml,/eml:eml/dataset/spatialRaster/attributeList/attribute/measurementScale/interval/numericDomain/bounds/maximum/@exclusive
KUBI,04044-metadata.xml,/eml:eml/dataset/spatialRaster/spatialReference/horizCoordSysDef/@name
KUBI,04044-metadata.xml,/eml:eml/dataset/spatialRaster/spatialReference/horizCoordSysDef/geogCoordSys/datum/@name
KUBI,04044-metadata.xml,/eml:eml/dataset/spatialRaster/spatialReference/horizCoordSysDef/geogCoordSys/spheroid/@denomFlatRatio
KUBI,04044-metadata.xml,/eml:eml/dataset/spatialRaster/spatialReference/horizCoordSysDef/geogCoordSys/spheroid/@name
KUBI,04044-metadata.xml,/eml:eml/dataset/spatialRaster/spatialReference/horizCoordSysDef/geogCoordSys/spheroid/@semiAxisMajor
KUBI,04044-metadata.xml,/eml:eml/dataset/spatialRaster/spatialReference/horizCoordSysDef/geogCoordSys/primeMeridian/@longitude
KUBI,04044-metadata.xml,/eml:eml/dataset/spatialRaster/spatialReference/horizCoordSysDef/geogCoordSys/primeMeridian/@name
KUBI,04044-metadata.xml,/eml:eml/dataset/spatialRaster/spatialReference/horizCoordSysDef/geogCoordSys/unit/@name
KUBI,04044-metadata.xml,/eml:eml/dataset/spatialRaster/horizontalAccuracy/accuracyReport
KUBI,04044-metadata.xml,/eml:eml/dataset/spatialRaster/verticalAccuracy/accuracyReport
KUBI,04044-metadata.xml,/eml:eml/dataset/spatialRaster/cellSizeXDirection
KUBI,04044-metadata.xml,/eml:eml/dataset/spatialRaster/cellSizeYDirection
KUBI,04044-metadata.xml,/eml:eml/dataset/spatialRaster/numberOfBands
KUBI,04044-metadata.xml,/eml:eml/dataset/spatialRaster/rasterOrigin
KUBI,04044-metadata.xml,/eml:eml/dataset/spatialRaster/rows
KUBI,04044-metadata.xml,/eml:eml/dataset/spatialRaster/columns
KUBI,04044-metadata.xml,/eml:eml/dataset/spatialRaster/verticals
KUBI,04044-metadata.xml,/eml:eml/dataset/spatialRaster/cellGeometry
KUBI,04044-metadata.xml,/eml:eml/additionalMetadata/metadata/unitList/ns2:unit/@id
KUBI,04044-metadata.xml,/eml:eml/additionalMetadata/metadata/unitList/ns2:unit/@multiplierToSI
KUBI,04044-metadata.xml,/eml:eml/additionalMetadata/metadata/unitList/ns2:unit/@parentSI
KUBI,04044-metadata.xml,/eml:eml/additionalMetadata/metadata/unitList/ns2:unit/ns2:description
KUBI,04045-metadata.xml,/eml:eml/@packageId
KUBI,04045-metadata.xml,/eml:eml/@system
KUBI,04045-metadata.xml,/eml:eml/@xsi:schemaLocation
KUBI,04045-metadata.xml,/eml:eml/dataset/title
KUBI,04045-metadata.xml,/eml:eml/dataset/creator/organizationName
KUBI,04045-metadata.xml,/eml:eml/dataset/keywordSet/keyword
KUBI,04045-metadata.xml,/eml:eml/dataset/keywordSet/keyword
KUBI,04045-metadata.xml,/eml:eml/dataset/keywordSet/keyword
KUBI,04045-metadata.xml,/eml:eml/dataset/keywordSet/keyword
KUBI,04045-metadata.xml,/eml:eml/dataset/keywordSet/keyword
KUBI,04045-metadata.xml,/eml:eml/dataset/coverage/geographicCoverage/geographicDescription
KUBI,04045-metadata.xml,/eml:eml/dataset/coverage/geographicCoverage/boundingCoordinates/westBoundingCoordinate
KUBI,04045-metadata.xml,/eml:eml/dataset/coverage/geographicCoverage/boundingCoordinates/eastBoundingCoordinate
KUBI,04045-metadata.xml,/eml:eml/dataset/coverage/geographicCoverage/boundingCoordinates/northBoundingCoordinate
KUBI,04045-metadata.xml,/eml:eml/dataset/coverage/geographicCoverage/boundingCoordinates/southBoundingCoordinate
KUBI,04045-metadata.xml,/eml:eml/dataset/coverage/temporalCoverage/rangeOfDates/beginDate/calendarDate
KUBI,04045-metadata.xml,/eml:eml/dataset/coverage/temporalCoverage/rangeOfDates/endDate/calendarDate
KUBI,04045-metadata.xml,/eml:eml/dataset/contact/organizationName
KUBI,04045-metadata.xml,/eml:eml/dataset/contact/address/deliveryPoint
KUBI,04045-metadata.xml,/eml:eml/dataset/contact/address/city
KUBI,04045-metadata.xml,/eml:eml/dataset/contact/address/administrativeArea
KUBI,04045-metadata.xml,/eml:eml/dataset/contact/address/postalCode
KUBI,04045-metadata.xml,/eml:eml/dataset/contact/address/country
KUBI,04045-metadata.xml,/eml:eml/dataset/contact/electronicMailAddress
KUBI,04045-metadata.xml,/eml:eml/dataset/contact/onlineUrl
KUBI,04045-metadata.xml,/eml:eml/dataset/spatialRaster/entityName
KUBI,04045-metadata.xml,/eml:eml/dataset/spatialRaster/physical/objectName
KUBI,04045-metadata.xml,/eml:eml/dataset/spatialRaster/physical/dataFormat/externallyDefinedFormat/formatName
KUBI,04045-metadata.xml,/eml:eml/dataset/spatialRaster/physical/distribution/online/url
KUBI,04045-metadata.xml,/eml:eml/dataset/spatialRaster/physical/distribution/online/url/@function
KUBI,04045-metadata.xml,/eml:eml/dataset/spatialRaster/attributeList/attribute/attributeName
KUBI,04045-metadata.xml,/eml:eml/dataset/spatialRaster/attributeList/attribute/attributeDefinition
KUBI,04045-metadata.xml,/eml:eml/dataset/spatialRaster/attributeList/attribute/storageType
KUBI,04045-metadata.xml,/eml:eml/dataset/spatialRaster/attributeList/attribute/measurementScale/interval/unit/customUnit
KUBI,04045-metadata.xml,/eml:eml/dataset/spatialRaster/attributeList/attribute/measurementScale/interval/numericDomain/numberType
KUBI,04045-metadata.xml,/eml:eml/dataset/spatialRaster/attributeList/attribute/measurementScale/interval/numericDomain/bounds/minimum
KUBI,04045-metadata.xml,/eml:eml/dataset/spatialRaster/attributeList/attribute/measurementScale/interval/numericDomain/bounds/minimum/@exclusive
KUBI,04045-metadata.xml,/eml:eml/dataset/spatialRaster/attributeList/attribute/measurementScale/interval/numericDomain/bounds/maximum
KUBI,04045-metadata.xml,/eml:eml/dataset/spatialRaster/attributeList/attribute/measurementScale/interval/numericDomain/bounds/maximum/@exclusive
KUBI,04045-metadata.xml,/eml:eml/dataset/spatialRaster/spatialReference/horizCoordSysDef/@name
KUBI,04045-metadata.xml,/eml:eml/dataset/spatialRaster/spatialReference/horizCoordSysDef/geogCoordSys/datum/@name
KUBI,04045-metadata.xml,/eml:eml/dataset/spatialRaster/spatialReference/horizCoordSysDef/geogCoordSys/spheroid/@denomFlatRatio
KUBI,04045-metadata.xml,/eml:eml/dataset/spatialRaster/spatialReference/horizCoordSysDef/geogCoordSys/spheroid/@name
KUBI,04045-metadata.xml,/eml:eml/dataset/spatialRaster/spatialReference/horizCoordSysDef/geogCoordSys/spheroid/@semiAxisMajor
KUBI,04045-metadata.xml,/eml:eml/dataset/spatialRaster/spatialReference/horizCoordSysDef/geogCoordSys/primeMeridian/@longitude
KUBI,04045-metadata.xml,/eml:eml/dataset/spatialRaster/spatialReference/horizCoordSysDef/geogCoordSys/primeMeridian/@name
KUBI,04045-metadata.xml,/eml:eml/dataset/spatialRaster/spatialReference/horizCoordSysDef/geogCoordSys/unit/@name
KUBI,04045-metadata.xml,/eml:eml/dataset/spatialRaster/horizontalAccuracy/accuracyReport
KUBI,04045-metadata.xml,/eml:eml/dataset/spatialRaster/verticalAccuracy/accuracyReport
KUBI,04045-metadata.xml,/eml:eml/dataset/spatialRaster/cellSizeXDirection
KUBI,04045-metadata.xml,/eml:eml/dataset/spatialRaster/cellSizeYDirection
KUBI,04045-metadata.xml,/eml:eml/dataset/spatialRaster/numberOfBands
KUBI,04045-metadata.xml,/eml:eml/dataset/spatialRaster/rasterOrigin
KUBI,04045-metadata.xml,/eml:eml/dataset/spatialRaster/rows
KUBI,04045-metadata.xml,/eml:eml/dataset/spatialRaster/columns
KUBI,04045-metadata.xml,/eml:eml/dataset/spatialRaster/verticals
KUBI,04045-metadata.xml,/eml:eml/dataset/spatialRaster/cellGeometry
KUBI,04045-metadata.xml,/eml:eml/additionalMetadata/metadata/unitList/ns2:unit/@id
KUBI,04045-metadata.xml,/eml:eml/additionalMetadata/metadata/unitList/ns2:unit/@multiplierToSI
KUBI,04045-metadata.xml,/eml:eml/additionalMetadata/metadata/unitList/ns2:unit/@parentSI
KUBI,04045-metadata.xml,/eml:eml/additionalMetadata/metadata/unitList/ns2:unit/ns2:description
KUBI,04046-metadata.xml,/eml:eml/@packageId
KUBI,04046-metadata.xml,/eml:eml/@system
KUBI,04046-metadata.xml,/eml:eml/@xsi:schemaLocation
KUBI,04046-metadata.xml,/eml:eml/dataset/title
KUBI,04046-metadata.xml,/eml:eml/dataset/creator/organizationName
KUBI,04046-metadata.xml,/eml:eml/dataset/keywordSet/keyword
KUBI,04046-metadata.xml,/eml:eml/dataset/keywordSet/keyword
KUBI,04046-metadata.xml,/eml:eml/dataset/keywordSet/keyword
KUBI,04046-metadata.xml,/eml:eml/dataset/keywordSet/keyword
KUBI,04046-metadata.xml,/eml:eml/dataset/keywordSet/keyword
KUBI,04046-metadata.xml,/eml:eml/dataset/coverage/geographicCoverage/geographicDescription
KUBI,04046-metadata.xml,/eml:eml/dataset/coverage/geographicCoverage/boundingCoordinates/westBoundingCoordinate
KUBI,04046-metadata.xml,/eml:eml/dataset/coverage/geographicCoverage/boundingCoordinates/eastBoundingCoordinate
KUBI,04046-metadata.xml,/eml:eml/dataset/coverage/geographicCoverage/boundingCoordinates/northBoundingCoordinate
KUBI,04046-metadata.xml,/eml:eml/dataset/coverage/geographicCoverage/boundingCoordinates/southBoundingCoordinate
KUBI,04046-metadata.xml,/eml:eml/dataset/coverage/temporalCoverage/rangeOfDates/beginDate/calendarDate
KUBI,04046-metadata.xml,/eml:eml/dataset/coverage/temporalCoverage/rangeOfDates/endDate/calendarDate
KUBI,04046-metadata.xml,/eml:eml/dataset/contact/organizationName
KUBI,04046-metadata.xml,/eml:eml/dataset/contact/address/deliveryPoint
KUBI,04046-metadata.xml,/eml:eml/dataset/contact/address/city
KUBI,04046-metadata.xml,/eml:eml/dataset/contact/address/administrativeArea
KUBI,04046-metadata.xml,/eml:eml/dataset/contact/address/postalCode
KUBI,04046-metadata.xml,/eml:eml/dataset/contact/address/country
KUBI,04046-metadata.xml,/eml:eml/dataset/contact/electronicMailAddress
KUBI,04046-metadata.xml,/eml:eml/dataset/contact/onlineUrl
KUBI,04046-metadata.xml,/eml:eml/dataset/spatialRaster/entityName
KUBI,04046-metadata.xml,/eml:eml/dataset/spatialRaster/physical/objectName
KUBI,04046-metadata.xml,/eml:eml/dataset/spatialRaster/physical/dataFormat/externallyDefinedFormat/formatName
KUBI,04046-metadata.xml,/eml:eml/dataset/spatialRaster/physical/distribution/online/url
KUBI,04046-metadata.xml,/eml:eml/dataset/spatialRaster/physical/distribution/online/url/@function
KUBI,04046-metadata.xml,/eml:eml/dataset/spatialRaster/attributeList/attribute/attributeName
KUBI,04046-metadata.xml,/eml:eml/dataset/spatialRaster/attributeList/attribute/attributeDefinition
KUBI,04046-metadata.xml,/eml:eml/dataset/spatialRaster/attributeList/attribute/storageType
KUBI,04046-metadata.xml,/eml:eml/dataset/spatialRaster/attributeList/attribute/measurementScale/interval/unit/customUnit
KUBI,04046-metadata.xml,/eml:eml/dataset/spatialRaster/attributeList/attribute/measurementScale/interval/numericDomain/numberType
KUBI,04046-metadata.xml,/eml:eml/dataset/spatialRaster/attributeList/attribute/measurementScale/interval/numericDomain/bounds/minimum
KUBI,04046-metadata.xml,/eml:eml/dataset/spatialRaster/attributeList/attribute/measurementScale/interval/numericDomain/bounds/minimum/@exclusive
KUBI,04046-metadata.xml,/eml:eml/dataset/spatialRaster/attributeList/attribute/measurementScale/interval/numericDomain/bounds/maximum
KUBI,04046-metadata.xml,/eml:eml/dataset/spatialRaster/attributeList/attribute/measurementScale/interval/numericDomain/bounds/maximum/@exclusive
KUBI,04046-metadata.xml,/eml:eml/dataset/spatialRaster/spatialReference/horizCoordSysDef/@name
KUBI,04046-metadata.xml,/eml:eml/dataset/spatialRaster/spatialReference/horizCoordSysDef/geogCoordSys/datum/@name
KUBI,04046-metadata.xml,/eml:eml/dataset/spatialRaster/spatialReference/horizCoordSysDef/geogCoordSys/spheroid/@denomFlatRatio
KUBI,04046-metadata.xml,/eml:eml/dataset/spatialRaster/spatialReference/horizCoordSysDef/geogCoordSys/spheroid/@name
KUBI,04046-metadata.xml,/eml:eml/dataset/spatialRaster/spatialReference/horizCoordSysDef/geogCoordSys/spheroid/@semiAxisMajor
KUBI,04046-metadata.xml,/eml:eml/dataset/spatialRaster/spatialReference/horizCoordSysDef/geogCoordSys/primeMeridian/@longitude
KUBI,04046-metadata.xml,/eml:eml/dataset/spatialRaster/spatialReference/horizCoordSysDef/geogCoordSys/primeMeridian/@name
KUBI,04046-metadata.xml,/eml:eml/dataset/spatialRaster/spatialReference/horizCoordSysDef/geogCoordSys/unit/@name
KUBI,04046-metadata.xml,/eml:eml/dataset/spatialRaster/horizontalAccuracy/accuracyReport
KUBI,04046-metadata.xml,/eml:eml/dataset/spatialRaster/verticalAccuracy/accuracyReport
KUBI,04046-metadata.xml,/eml:eml/dataset/spatialRaster/cellSizeXDirection
KUBI,04046-metadata.xml,/eml:eml/dataset/spatialRaster/cellSizeYDirection
KUBI,04046-metadata.xml,/eml:eml/dataset/spatialRaster/numberOfBands
KUBI,04046-metadata.xml,/eml:eml/dataset/spatialRaster/rasterOrigin
KUBI,04046-metadata.xml,/eml:eml/dataset/spatialRaster/rows
KUBI,04046-metadata.xml,/eml:eml/dataset/spatialRaster/columns
KUBI,04046-metadata.xml,/eml:eml/dataset/spatialRaster/verticals
KUBI,04046-metadata.xml,/eml:eml/dataset/spatialRaster/cellGeometry
KUBI,04046-metadata.xml,/eml:eml/additionalMetadata/metadata/unitList/ns2:unit/@id
KUBI,04046-metadata.xml,/eml:eml/additionalMetadata/metadata/unitList/ns2:unit/@multiplierToSI
KUBI,04046-metadata.xml,/eml:eml/additionalMetadata/metadata/unitList/ns2:unit/@parentSI
KUBI,04046-metadata.xml,/eml:eml/additionalMetadata/metadata/unitList/ns2:unit/ns2:description
KUBI,04047-metadata.xml,/eml:eml/@packageId
KUBI,04047-metadata.xml,/eml:eml/@system
KUBI,04047-metadata.xml,/eml:eml/@xsi:schemaLocation
KUBI,04047-metadata.xml,/eml:eml/dataset/title
KUBI,04047-metadata.xml,/eml:eml/dataset/creator/organizationName
KUBI,04047-metadata.xml,/eml:eml/dataset/keywordSet/keyword
KUBI,04047-metadata.xml,/eml:eml/dataset/keywordSet/keyword
KUBI,04047-metadata.xml,/eml:eml/dataset/keywordSet/keyword
KUBI,04047-metadata.xml,/eml:eml/dataset/keywordSet/keyword
KUBI,04047-metadata.xml,/eml:eml/dataset/coverage/geographicCoverage/geographicDescription
KUBI,04047-metadata.xml,/eml:eml/dataset/coverage/geographicCoverage/boundingCoordinates/westBoundingCoordinate
KUBI,04047-metadata.xml,/eml:eml/dataset/coverage/geographicCoverage/boundingCoordinates/eastBoundingCoordinate
KUBI,04047-metadata.xml,/eml:eml/dataset/coverage/geographicCoverage/boundingCoordinates/northBoundingCoordinate
KUBI,04047-metadata.xml,/eml:eml/dataset/coverage/geographicCoverage/boundingCoordinates/southBoundingCoordinate
KUBI,04047-metadata.xml,/eml:eml/dataset/coverage/temporalCoverage/rangeOfDates/beginDate/calendarDate
KUBI,04047-metadata.xml,/eml:eml/dataset/coverage/temporalCoverage/rangeOfDates/endDate/calendarDate
KUBI,04047-metadata.xml,/eml:eml/dataset/contact/organizationName
KUBI,04047-metadata.xml,/eml:eml/dataset/contact/address/deliveryPoint
KUBI,04047-metadata.xml,/eml:eml/dataset/contact/address/city
KUBI,04047-metadata.xml,/eml:eml/dataset/contact/address/administrativeArea
KUBI,04047-metadata.xml,/eml:eml/dataset/contact/address/postalCode
KUBI,04047-metadata.xml,/eml:eml/dataset/contact/address/country
KUBI,04047-metadata.xml,/eml:eml/dataset/contact/electronicMailAddress
KUBI,04047-metadata.xml,/eml:eml/dataset/contact/onlineUrl
KUBI,04047-metadata.xml,/eml:eml/dataset/spatialRaster/entityName
KUBI,04047-metadata.xml,/eml:eml/dataset/spatialRaster/physical/objectName
KUBI,04047-metadata.xml,/eml:eml/dataset/spatialRaster/physical/dataFormat/externallyDefinedFormat/formatName
KUBI,04047-metadata.xml,/eml:eml/dataset/spatialRaster/physical/distribution/online/url
KUBI,04047-metadata.xml,/eml:eml/dataset/spatialRaster/physical/distribution/online/url/@function
KUBI,04047-metadata.xml,/eml:eml/dataset/spatialRaster/attributeList/attribute/attributeName
KUBI,04047-metadata.xml,/eml:eml/dataset/spatialRaster/attributeList/attribute/attributeDefinition
KUBI,04047-metadata.xml,/eml:eml/dataset/spatialRaster/attributeList/attribute/storageType
KUBI,04047-metadata.xml,/eml:eml/dataset/spatialRaster/attributeList/attribute/measurementScale/interval/unit/customUnit
KUBI,04047-metadata.xml,/eml:eml/dataset/spatialRaster/attributeList/attribute/measurementScale/interval/numericDomain/numberType
KUBI,04047-metadata.xml,/eml:eml/dataset/spatialRaster/attributeList/attribute/measurementScale/interval/numericDomain/bounds/minimum
KUBI,04047-metadata.xml,/eml:eml/dataset/spatialRaster/attributeList/attribute/measurementScale/interval/numericDomain/bounds/minimum/@exclusive
KUBI,04047-metadata.xml,/eml:eml/dataset/spatialRaster/attributeList/attribute/measurementScale/interval/numericDomain/bounds/maximum
KUBI,04047-metadata.xml,/eml:eml/dataset/spatialRaster/attributeList/attribute/measurementScale/interval/numericDomain/bounds/maximum/@exclusive
KUBI,04047-metadata.xml,/eml:eml/dataset/spatialRaster/spatialReference/horizCoordSysDef/@name
KUBI,04047-metadata.xml,/eml:eml/dataset/spatialRaster/spatialReference/horizCoordSysDef/geogCoordSys/datum/@name
KUBI,04047-metadata.xml,/eml:eml/dataset/spatialRaster/spatialReference/horizCoordSysDef/geogCoordSys/spheroid/@denomFlatRatio
KUBI,04047-metadata.xml,/eml:eml/dataset/spatialRaster/spatialReference/horizCoordSysDef/geogCoordSys/spheroid/@name
KUBI,04047-metadata.xml,/eml:eml/dataset/spatialRaster/spatialReference/horizCoordSysDef/geogCoordSys/spheroid/@semiAxisMajor
KUBI,04047-metadata.xml,/eml:eml/dataset/spatialRaster/spatialReference/horizCoordSysDef/geogCoordSys/primeMeridian/@longitude
KUBI,04047-metadata.xml,/eml:eml/dataset/spatialRaster/spatialReference/horizCoordSysDef/geogCoordSys/primeMeridian/@name
KUBI,04047-metadata.xml,/eml:eml/dataset/spatialRaster/spatialReference/horizCoordSysDef/geogCoordSys/unit/@name
KUBI,04047-metadata.xml,/eml:eml/dataset/spatialRaster/horizontalAccuracy/accuracyReport
KUBI,04047-metadata.xml,/eml:eml/dataset/spatialRaster/verticalAccuracy/accuracyReport
KUBI,04047-metadata.xml,/eml:eml/dataset/spatialRaster/cellSizeXDirection
KUBI,04047-metadata.xml,/eml:eml/dataset/spatialRaster/cellSizeYDirection
KUBI,04047-metadata.xml,/eml:eml/dataset/spatialRaster/numberOfBands
KUBI,04047-metadata.xml,/eml:eml/dataset/spatialRaster/rasterOrigin
KUBI,04047-metadata.xml,/eml:eml/dataset/spatialRaster/rows
KUBI,04047-metadata.xml,/eml:eml/dataset/spatialRaster/columns
KUBI,04047-metadata.xml,/eml:eml/dataset/spatialRaster/verticals
KUBI,04047-metadata.xml,/eml:eml/dataset/spatialRaster/cellGeometry
KUBI,04047-metadata.xml,/eml:eml/additionalMetadata/metadata/unitList/ns2:unit/@id
KUBI,04047-metadata.xml,/eml:eml/additionalMetadata/metadata/unitList/ns2:unit/@multiplierToSI
KUBI,04047-metadata.xml,/eml:eml/additionalMetadata/metadata/unitList/ns2:unit/@parentSI
KUBI,04047-metadata.xml,/eml:eml/additionalMetadata/metadata/unitList/ns2:unit/ns2:description
KUBI,04048-metadata.xml,/eml:eml/@packageId
KUBI,04048-metadata.xml,/eml:eml/@system
KUBI,04048-metadata.xml,/eml:eml/@xsi:schemaLocation
KUBI,04048-metadata.xml,/eml:eml/dataset/title
KUBI,04048-metadata.xml,/eml:eml/dataset/creator/organizationName
KUBI,04048-metadata.xml,/eml:eml/dataset/keywordSet/keyword
KUBI,04048-metadata.xml,/eml:eml/dataset/keywordSet/keyword
KUBI,04048-metadata.xml,/eml:eml/dataset/keywordSet/keyword
KUBI,04048-metadata.xml,/eml:eml/dataset/keywordSet/keyword
KUBI,04048-metadata.xml,/eml:eml/dataset/keywordSet/keyword
KUBI,04048-metadata.xml,/eml:eml/dataset/coverage/geographicCoverage/geographicDescription
KUBI,04048-metadata.xml,/eml:eml/dataset/coverage/geographicCoverage/boundingCoordinates/westBoundingCoordinate
KUBI,04048-metadata.xml,/eml:eml/dataset/coverage/geographicCoverage/boundingCoordinates/eastBoundingCoordinate
KUBI,04048-metadata.xml,/eml:eml/dataset/coverage/geographicCoverage/boundingCoordinates/northBoundingCoordinate
KUBI,04048-metadata.xml,/eml:eml/dataset/coverage/geographicCoverage/boundingCoordinates/southBoundingCoordinate
KUBI,04048-metadata.xml,/eml:eml/dataset/coverage/temporalCoverage/rangeOfDates/beginDate/calendarDate
KUBI,04048-metadata.xml,/eml:eml/dataset/coverage/temporalCoverage/rangeOfDates/endDate/calendarDate
KUBI,04048-metadata.xml,/eml:eml/dataset/contact/organizationName
KUBI,04048-metadata.xml,/eml:eml/dataset/contact/address/deliveryPoint
KUBI,04048-metadata.xml,/eml:eml/dataset/contact/address/city
KUBI,04048-metadata.xml,/eml:eml/dataset/contact/address/administrativeArea
KUBI,04048-metadata.xml,/eml:eml/dataset/contact/address/postalCode
KUBI,04048-metadata.xml,/eml:eml/dataset/contact/address/country
KUBI,04048-metadata.xml,/eml:eml/dataset/contact/electronicMailAddress
KUBI,04048-metadata.xml,/eml:eml/dataset/contact/onlineUrl
KUBI,04048-metadata.xml,/eml:eml/dataset/spatialRaster/entityName
KUBI,04048-metadata.xml,/eml:eml/dataset/spatialRaster/physical/objectName
KUBI,04048-metadata.xml,/eml:eml/dataset/spatialRaster/physical/dataFormat/externallyDefinedFormat/formatName
KUBI,04048-metadata.xml,/eml:eml/dataset/spatialRaster/physical/distribution/online/url
KUBI,04048-metadata.xml,/eml:eml/dataset/spatialRaster/physical/distribution/online/url/@function
KUBI,04048-metadata.xml,/eml:eml/dataset/spatialRaster/attributeList/attribute/attributeName
KUBI,04048-metadata.xml,/eml:eml/dataset/spatialRaster/attributeList/attribute/attributeDefinition
KUBI,04048-metadata.xml,/eml:eml/dataset/spatialRaster/attributeList/attribute/storageType
KUBI,04048-metadata.xml,/eml:eml/dataset/spatialRaster/attributeList/attribute/measurementScale/interval/unit/customUnit
KUBI,04048-metadata.xml,/eml:eml/dataset/spatialRaster/attributeList/attribute/measurementScale/interval/numericDomain/numberType
KUBI,04048-metadata.xml,/eml:eml/dataset/spatialRaster/attributeList/attribute/measurementScale/interval/numericDomain/bounds/minimum
KUBI,04048-metadata.xml,/eml:eml/dataset/spatialRaster/attributeList/attribute/measurementScale/interval/numericDomain/bounds/minimum/@exclusive
KUBI,04048-metadata.xml,/eml:eml/dataset/spatialRaster/attributeList/attribute/measurementScale/interval/numericDomain/bounds/maximum
KUBI,04048-metadata.xml,/eml:eml/dataset/spatialRaster/attributeList/attribute/measurementScale/interval/numericDomain/bounds/maximum/@exclusive
KUBI,04048-metadata.xml,/eml:eml/dataset/spatialRaster/spatialReference/horizCoordSysDef/@name
KUBI,04048-metadata.xml,/eml:eml/dataset/spatialRaster/spatialReference/horizCoordSysDef/geogCoordSys/datum/@name
KUBI,04048-metadata.xml,/eml:eml/dataset/spatialRaster/spatialReference/horizCoordSysDef/geogCoordSys/spheroid/@denomFlatRatio
KUBI,04048-metadata.xml,/eml:eml/dataset/spatialRaster/spatialReference/horizCoordSysDef/geogCoordSys/spheroid/@name
KUBI,04048-metadata.xml,/eml:eml/dataset/spatialRaster/spatialReference/horizCoordSysDef/geogCoordSys/spheroid/@semiAxisMajor
KUBI,04048-metadata.xml,/eml:eml/dataset/spatialRaster/spatialReference/horizCoordSysDef/geogCoordSys/primeMeridian/@longitude
KUBI,04048-metadata.xml,/eml:eml/dataset/spatialRaster/spatialReference/horizCoordSysDef/geogCoordSys/primeMeridian/@name
KUBI,04048-metadata.xml,/eml:eml/dataset/spatialRaster/spatialReference/horizCoordSysDef/geogCoordSys/unit/@name
KUBI,04048-metadata.xml,/eml:eml/dataset/spatialRaster/horizontalAccuracy/accuracyReport
KUBI,04048-metadata.xml,/eml:eml/dataset/spatialRaster/verticalAccuracy/accuracyReport
KUBI,04048-metadata.xml,/eml:eml/dataset/spatialRaster/cellSizeXDirection
KUBI,04048-metadata.xml,/eml:eml/dataset/spatialRaster/cellSizeYDirection
KUBI,04048-metadata.xml,/eml:eml/dataset/spatialRaster/numberOfBands
KUBI,04048-metadata.xml,/eml:eml/dataset/spatialRaster/rasterOrigin
KUBI,04048-metadata.xml,/eml:eml/dataset/spatialRaster/rows
KUBI,04048-metadata.xml,/eml:eml/dataset/spatialRaster/columns
KUBI,04048-metadata.xml,/eml:eml/dataset/spatialRaster/verticals
KUBI,04048-metadata.xml,/eml:eml/dataset/spatialRaster/cellGeometry
KUBI,04048-metadata.xml,/eml:eml/additionalMetadata/metadata/unitList/ns2:unit/@id
KUBI,04048-metadata.xml,/eml:eml/additionalMetadata/metadata/unitList/ns2:unit/@multiplierToSI
KUBI,04048-metadata.xml,/eml:eml/additionalMetadata/metadata/unitList/ns2:unit/@parentSI
KUBI,04048-metadata.xml,/eml:eml/additionalMetadata/metadata/unitList/ns2:unit/ns2:description
KUBI,04049-metadata.xml,/eml:eml/@packageId
KUBI,04049-metadata.xml,/eml:eml/@system
KUBI,04049-metadata.xml,/eml:eml/@xsi:schemaLocation
KUBI,04049-metadata.xml,/eml:eml/dataset/title
KUBI,04049-metadata.xml,/eml:eml/dataset/creator/organizationName
KUBI,04049-metadata.xml,/eml:eml/dataset/keywordSet/keyword
KUBI,04049-metadata.xml,/eml:eml/dataset/keywordSet/keyword
KUBI,04049-metadata.xml,/eml:eml/dataset/keywordSet/keyword
KUBI,04049-metadata.xml,/eml:eml/dataset/keywordSet/keyword
KUBI,04049-metadata.xml,/eml:eml/dataset/keywordSet/keyword
KUBI,04049-metadata.xml,/eml:eml/dataset/coverage/geographicCoverage/geographicDescription
KUBI,04049-metadata.xml,/eml:eml/dataset/coverage/geographicCoverage/boundingCoordinates/westBoundingCoordinate
KUBI,04049-metadata.xml,/eml:eml/dataset/coverage/geographicCoverage/boundingCoordinates/eastBoundingCoordinate
KUBI,04049-metadata.xml,/eml:eml/dataset/coverage/geographicCoverage/boundingCoordinates/northBoundingCoordinate
KUBI,04049-metadata.xml,/eml:eml/dataset/coverage/geographicCoverage/boundingCoordinates/southBoundingCoordinate
KUBI,04049-metadata.xml,/eml:eml/dataset/coverage/temporalCoverage/rangeOfDates/beginDate/calendarDate
KUBI,04049-metadata.xml,/eml:eml/dataset/coverage/temporalCoverage/rangeOfDates/endDate/calendarDate
KUBI,04049-metadata.xml,/eml:eml/dataset/contact/organizationName
KUBI,04049-metadata.xml,/eml:eml/dataset/contact/address/deliveryPoint
KUBI,04049-metadata.xml,/eml:eml/dataset/contact/address/city
KUBI,04049-metadata.xml,/eml:eml/dataset/contact/address/administrativeArea
KUBI,04049-metadata.xml,/eml:eml/dataset/contact/address/postalCode
KUBI,04049-metadata.xml,/eml:eml/dataset/contact/address/country
KUBI,04049-metadata.xml,/eml:eml/dataset/contact/electronicMailAddress
KUBI,04049-metadata.xml,/eml:eml/dataset/contact/onlineUrl
KUBI,04049-metadata.xml,/eml:eml/dataset/spatialRaster/entityName
KUBI,04049-metadata.xml,/eml:eml/dataset/spatialRaster/physical/objectName
KUBI,04049-metadata.xml,/eml:eml/dataset/spatialRaster/physical/dataFormat/externallyDefinedFormat/formatName
KUBI,04049-metadata.xml,/eml:eml/dataset/spatialRaster/physical/distribution/online/url
KUBI,04049-metadata.xml,/eml:eml/dataset/spatialRaster/physical/distribution/online/url/@function
KUBI,04049-metadata.xml,/eml:eml/dataset/spatialRaster/attributeList/attribute/attributeName
KUBI,04049-metadata.xml,/eml:eml/dataset/spatialRaster/attributeList/attribute/attributeDefinition
KUBI,04049-metadata.xml,/eml:eml/dataset/spatialRaster/attributeList/attribute/storageType
KUBI,04049-metadata.xml,/eml:eml/dataset/spatialRaster/attributeList/attribute/measurementScale/interval/unit/customUnit
KUBI,04049-metadata.xml,/eml:eml/dataset/spatialRaster/attributeList/attribute/measurementScale/interval/numericDomain/numberType
KUBI,04049-metadata.xml,/eml:eml/dataset/spatialRaster/attributeList/attribute/measurementScale/interval/numericDomain/bounds/minimum
KUBI,04049-metadata.xml,/eml:eml/dataset/spatialRaster/attributeList/attribute/measurementScale/interval/numericDomain/bounds/minimum/@exclusive
KUBI,04049-metadata.xml,/eml:eml/dataset/spatialRaster/attributeList/attribute/measurementScale/interval/numericDomain/bounds/maximum
KUBI,04049-metadata.xml,/eml:eml/dataset/spatialRaster/attributeList/attribute/measurementScale/interval/numericDomain/bounds/maximum/@exclusive
KUBI,04049-metadata.xml,/eml:eml/dataset/spatialRaster/spatialReference/horizCoordSysDef/@name
KUBI,04049-metadata.xml,/eml:eml/dataset/spatialRaster/spatialReference/horizCoordSysDef/geogCoordSys/datum/@name
KUBI,04049-metadata.xml,/eml:eml/dataset/spatialRaster/spatialReference/horizCoordSysDef/geogCoordSys/spheroid/@denomFlatRatio
KUBI,04049-metadata.xml,/eml:eml/dataset/spatialRaster/spatialReference/horizCoordSysDef/geogCoordSys/spheroid/@name
KUBI,04049-metadata.xml,/eml:eml/dataset/spatialRaster/spatialReference/horizCoordSysDef/geogCoordSys/spheroid/@semiAxisMajor
KUBI,04049-metadata.xml,/eml:eml/dataset/spatialRaster/spatialReference/horizCoordSysDef/geogCoordSys/primeMeridian/@longitude
KUBI,04049-metadata.xml,/eml:eml/dataset/spatialRaster/spatialReference/horizCoordSysDef/geogCoordSys/primeMeridian/@name
KUBI,04049-metadata.xml,/eml:eml/dataset/spatialRaster/spatialReference/horizCoordSysDef/geogCoordSys/unit/@name
KUBI,04049-metadata.xml,/eml:eml/dataset/spatialRaster/horizontalAccuracy/accuracyReport
KUBI,04049-metadata.xml,/eml:eml/dataset/spatialRaster/verticalAccuracy/accuracyReport
KUBI,04049-metadata.xml,/eml:eml/dataset/spatialRaster/cellSizeXDirection
KUBI,04049-metadata.xml,/eml:eml/dataset/spatialRaster/cellSizeYDirection
KUBI,04049-metadata.xml,/eml:eml/dataset/spatialRaster/numberOfBands
KUBI,04049-metadata.xml,/eml:eml/dataset/spatialRaster/rasterOrigin
KUBI,04049-metadata.xml,/eml:eml/dataset/spatialRaster/rows
KUBI,04049-metadata.xml,/eml:eml/dataset/spatialRaster/columns
KUBI,04049-metadata.xml,/eml:eml/dataset/spatialRaster/verticals
KUBI,04049-metadata.xml,/eml:eml/dataset/spatialRaster/cellGeometry
KUBI,04049-metadata.xml,/eml:eml/additionalMetadata/metadata/unitList/ns2:unit/@id
KUBI,04049-metadata.xml,/eml:eml/additionalMetadata/metadata/unitList/ns2:unit/@multiplierToSI
KUBI,04049-metadata.xml,/eml:eml/additionalMetadata/metadata/unitList/ns2:unit/@parentSI
KUBI,04049-metadata.xml,/eml:eml/additionalMetadata/metadata/unitList/ns2:unit/ns2:description
